학부,제목,링크,내용,작성일
컴퓨터정보통신공학과과,2025학년도 1학기 국가장학금 2차 신청 안내(2/4~3/18 18:00),https://ce.jnu.ac.kr/bbs/ce/2114/907155/artclView.do,"2025학년도 1학기 국가장학금 2차 신청 일정을 다음과 같이 안내하오니, 국가장학금 신청 바랍니다.가. 신청대상: 재학생*, 복학생, 재입학생, 신입생, 편입생  * 재학생은 국가장학금 1차 신청 원칙(2차 신청 시 재학 중 2회에 한해 수혜 가능)나. 신청기간: '25. 2. 4.(화) ~ 3. 18.(화) 18:00  - 서류제출 및 가구원 정보제공 동의 기간: '25. 2. 4.(화) ~ '25. 3. 25.(화) 18:00   ※ 주말․공휴일 포함 24시간 신청 가능, 마지막 날은 18시 마감   ※ 여수캠퍼스 학생:  전",2025-01-31 16:21:00.0
컴퓨터정보통신공학과과,2025학년도 1학기 수강신청 안내(대체교과목 신청: 3/4~6),https://ce.jnu.ac.kr/bbs/ce/2114/906963/artclView.do,2025학년도 1학기 컴퓨터정보통신공학과 수강신청 안내※ 타과 개설 교과목 여석 문의 시 전화 예절을 지켜주시기 바랍니다. ❏ 수강신청 방법수강신청 방법전남대학교 포털(http://portal.jnu.ac.kr) ➔ 로그인 ➔ 교육지원 ➔ 내학사행정 ➔ 수업 ➔ 수강신청 ➔ 수강신청(학부) 또는 수강신청(간편) ❏ 수강신청 일정구  분기  간시  간비  고수강희망과목 예약2월 6일(목) ~ 2월 7일(금)10:00~18:00- 포털 로그인 ➔ 교육지원 ➔ 내학사행정 ➔ 수업 ➔ 수강신청안내 ➔ 수강희망과목 예약- 최대 10과목 예약,2025-01-24 13:48:36.0
컴퓨터정보통신공학과과,KT에이블스쿨 7기 지역인재 추천제 모집 안내(~2/9),https://ce.jnu.ac.kr/bbs/ce/2114/906666/artclView.do,"KT AIVLE스쿨 7기 지역인재 추천 안내드립니다.1. 신청기간 : ~2월9일(일)까지2. 신청방법 : [붙임2] 신청 서식 작성하여 이메일(eb8916@jnu.ac.kr) 제출3. 개요 - 에이블스쿨은?    KT의 인재양성 경험과 노하우를 외부로 확대, 대한민국 청년들을 기업 실무형 디지털 인재로 양성함과 더불어 일자리 창출에 기여하는 교육 프로그램 - 지역 추천제란?    지역을 잘 이해하고 인적 네트워크가 있는 우수한 지역인재를 대학, 지차제가 추천하고 KT가 선발, 육성하여 지역 미래인재 양성 및 일자리 창출에 기여(에이",2025-01-21 14:48:09.0
컴퓨터정보통신공학과과,2025학년도 1학기 수강신청 시행 계획 안내,https://ce.jnu.ac.kr/bbs/ce/2114/906528/artclView.do,"2025학년도 1학기 수강신청 시행계획을 다음과 같이 알려드리며, 수강권 매매 방지를 위해 지정 시간 수강신청 제도가 운영됩니다.업무내용기간시간대상내용수강인원 조정 25.1.24.(금)~1.31.(금)09:00～18:00 전공: 강좌 주관학과 교양: 강좌 협력학과 학년별 수강인원 관리 자과/타과/부전공 수강인원 조정 분반정보의 사무실 번호 입력수강신청테스트 25.2.5.(수)10:00~12:00 학부 전 학년 공통 수강희망과목 예약 테스트14:00～18:00 수강신청 테스트※ 테스트 종료 후 신청 내역 일괄 삭제수강희",2025-01-20 10:06:49.0
컴퓨터정보통신공학과과,2025학년도 편입학(일반)전형 구술면접 안내,https://ce.jnu.ac.kr/bbs/ce/2114/906523/artclView.do,1. 편입학 전형 일시 : 2025.2.4.(화)  2. 안내 사항 : 구술 면접(제시문 활용 없음)3. 문의 : 컴퓨터정보통신공학과(062-530-1751),2025-01-20 09:40:01.0
컴퓨터정보통신공학과과,2024학년도 느티나무 장학금 신청 안내(~1/31),https://ce.jnu.ac.kr/bbs/ce/2114/906253/artclView.do,"2024학년도 느티나무 장학을 다음과 같이 시행하오니 많은 학생들의 신청 바랍니다.가. 장학금액: 1인당 1,000천원 혹은 500천원 (기준별 상이)나. 지원기준 1) 대상: 학부 재적생(재학생, 등록휴학생)으로 다음 조건에 해당하는 자   - 국가고시, 공인자격증 등 당해연도 해당 시험에 1차 합격한 자   - 각종 대외활동 등을 통해 당해연도 당선 또는 수상한 자 2) 지원제한: 장학 공고일 기준( 25.1.15.) 미등록 휴학생, 근신 이상의 징계처분을 받은 자 3) 수혜횟수 제한: 동일 자격에 대해서는 1회만 지원다. 신청",2025-01-16 10:36:41.0
컴퓨터정보통신공학과과,2025년 지역인재 7급 수습직원 추천자 선발 안내(접수: 1/9~14),https://ce.jnu.ac.kr/bbs/ce/2114/905507/artclView.do,"2025년 지역인재 7급 수습직원 추천자 선발을 아래와 같이 추진 하오니 많은 학생들의 지원 바랍니다. 가. 추천인원: 12명나. 지원자격  - 졸업자(2022년 1월 이후 졸업자), 졸업예정자(2026년 2월까지 졸업가능, 2024년 2학기까지 3/4이상 학점이수자, 편입생은 4학기 이수자)  - 지원당시 학과 석차 10%이내, 토익기준 700점이상(2020.1.1.이후), 한국사 2급 이상 취득자다. 추천자 선발 일정내용일시비고공지 25. 1. 8.(수)대학홈페이지, 공문 등서류 접수(온라인) 25. 1. 9.(목) ~ 1. 1",2025-01-08 17:04:55.0
컴퓨터정보통신공학과과,2025학년도 제1학기 등록 안내,https://ce.jnu.ac.kr/bbs/ce/2114/905094/artclView.do,"2025학년도 제1학기 등록금 납부를 다음과 같이 공고하니 등록에 차질 없으시기 바랍니다. 1. 기 간 : 2025. 2. 18.(화) ~ 2. 21.(금) 16:00까지 [4일간]2. 장 소 : 광주은행, 농협(지역농협 포함), 국민은행, 신한은행 전국 본 지점3. 등록금 분할납부 방법 가. 신청대상: 경제사정으로 정해진 기간내에 등록금 전액 납부가 어려워 분할납부하고자 하는 학생                     [신청제외자: 학부 및 대학원 신입생, 전액 장학금 수혜자, 미등록 휴학예정자, 수업연한초과자] 나. 신청기간 :",2025-01-06 17:33:07.0
컴퓨터정보통신공학과과,2025학년도 1학기 공학교육인증프로그램 취소 신청서 제출 안내(2/10~3/6),https://ce.jnu.ac.kr/bbs/ce/2114/905008/artclView.do,"2025학년도 1학기 공학교육인증프로그램 취소 신청서 제출 안내드립니다.[일반공학프로그램 및 공학교육인증프로그램 간 전환 신청]1. 취소 신청 안내대상자 4학기 교육과정 이수학생 중 5학기 ~ 8학기 수강신청 대상 학생 신청기간  2025. 2. 10.(월) ~  3. 6.(목) 제출서류 (붙임1)일반공학프로그램 신청서 1부제출방법 학과사무실(공7-226) 방문 제출취소시 변경사항(아래 표 확인) - 교양 영역(인간과사회, 창의, 감성, 공동체) 별 자유교과목 선택 수강 가능 - 전공 이수 학점(76학점   69학점) 변경 - 교양",2025-01-06 14:52:40.0
컴퓨터정보통신공학과과,2025학년도 1학기 법정장학 및 복지장학 신청 안내(~1/13 15:00),https://ce.jnu.ac.kr/bbs/ce/2114/904815/artclView.do,2025학년도 1학기 재학생 등록금 감면 우선 선발 장학생을 선발하고자 하오니 해당 학생은 신청바랍니다.1. 제출기한: ~1월13일(월) 15:002. 제출방법: 학과사무실(공7-226) 방문 제출3. 법정장학   복지장학   특별장학 수혜자격 및 증빙서류구 분수혜자격증빙 서류장학금비고국가유공장학(법정장학) 독립유공자예우에 관한 법률 등 관련 법령에 따른 법정 장학 대상자 중 직전 학기 평균평점이 1.75(실점 70점) 이상인 자※ 국가유공자 등 본인은 성적 제한 없음 교육지원대상자증명서(본인) 또는 대학수업료등 면제대상자증명서,2025-01-03 11:34:10.0
컴퓨터정보통신공학과과,2025년 Power Engineering School Winter Capmp(31기) 참가 학생 신청 안내(~1/22),https://ce.jnu.ac.kr/bbs/ce/2114/904465/artclView.do,"한국전력기술(주) 인재개발교육원에서 실시하는 Power Engineering School Winter Camp(31기)를 붙임과 같이 알려드리오니  참여 가능한 학생은 2025. 1. 22.(수)까지 신청 바랍니다. 가. 교육일정: 2025. 2. 18.(화) ~ 2. 21.(금), 3박 4일나. 교육장소: 한국전력기술 본사(경북 김천시)다. 교육과목: 원자력발전설계 및 신재생/복합화력발전 설계 등(붙임2 참조)라. 추천기준 - 학년: 2~4학년 재학생 - 학과: 전공 제한없음 - 학점: 전 학기까지 100점 환산 80점 이상인 학",2024-12-30 15:09:55.0
컴퓨터정보통신공학과과,재학생 대상 「2024년 영어학습센터 1:1 무료 코칭」안내,https://ce.jnu.ac.kr/bbs/ce/2114/904121/artclView.do,"언어교육원에서는 우리 대학 학부 재학생의 자기주도 영어학습 성과 제고를 위해 영어학습센터 1:1 코칭 서비스를 다음과 같이 무료로 진행하고 있습니다. 학생들의 많은 참여 바랍니다.1. 목적 및 배경 가. 재학생 자기주도 영어학습 성과 제고를 위한 학습 지원 서비스 강화 나. 자기주도적 학습 역량 강화에 따른 영어 의사소통능력 함양2. 운영일정: 2024. 12. 20.(금) ~ 2025. 2. 21.(금) (상시 운영)3. 운영내용: 개인별 맞춤형 1:1 무료 코칭 (영역: 원어민 말하기, 원어민 글쓰기, START말하기, 학습전",2024-12-24 11:02:36.0
컴퓨터정보통신공학과과,2025년 상반기 글로벌과정 ICT학점연계 프로젝트 인턴십 학생 모집 안내(~1/9 17:00),https://ce.jnu.ac.kr/bbs/ce/2114/903974/artclView.do,"4차 산업시대 ICT 핵심기술분야 인재 양성과 우리 대학생의 경쟁력강화를 위해 아래와 같이 정보통신기획평가원 주관 2025학년도 상반기 글로벌과정 ICT학점연계 프로젝트 인턴십에 참여를 원하는 학생은 2025. 01. 09.(목)까지 신청하여 주시기 바랍니다.가. 프로그램명: 2025년 상반기 글로벌 ICT학점연계 프로젝트 인턴십나. 추천인원: 제한없음다. 주요일정글로벌과정일정내용신청자격 24.12.13.~ 25.1.9. 17:00참여대학 신청서 제출  국적: 대한민국  학기: 6학기 이상 이수자  전공: IT관련 전공, 부전공,복",2024-12-23 14:08:49.0
컴퓨터정보통신공학과과,2025학년도 1학기 대학직장 예비군 전입 신청 및 개인 정보 수정 안내( 25.1.2.~),https://ce.jnu.ac.kr/bbs/ce/2114/903720/artclView.do,"2025학년도 1학기 재학생 중 대학직장 예비군(전남대학교연대 소속)으로 편성되지 않은 학생은 예비군연대로 전입 신청 및 정확한 훈련 안내를 위하여 개인 정보를 수정 바랍니다.가. 대상: 2025학년도 1학기 대학(원) 재학생[신입(재입학), 편입, 복학, 전과생 포함]  1) 신청 기간: 2025. 1. 2.(목) ~  2) 신청 절차: 전남대학교 포털 내 학사행정 예비군 예비군 전입 신청  3) 전입 신청 4~5일 경과 후 예비군 홈페이지에서 소속 부대 변경 여부 확인나. 소속 부대 확인 및 개인 정보 수정 절차구분소속 부대 확",2024-12-19 15:25:34.0
컴퓨터정보통신공학과과,2024년 하반기 1차 도전장학(미래) 지원 신청서 제출 안내(~12/26),https://ce.jnu.ac.kr/bbs/ce/2114/903477/artclView.do,"「2024년 하반기 1차 도전장학(미래) 선발 계획」을 다음과 같이 공고하오니 우수한 인재들의 많은 신청 바랍니다.1. 장학생 선발 가. 자격: 2025년 2월 학사과정 졸업예정자로서 2025학년도 전기 우리 일반대학원에 진학하려는 자( 학 석사연계과정생도 지원 가능)    ※ 직전학기 성적 평균평점 2.5이상 (전남대학교 장학규정 제3조(장학생의 자격)) 나. 장학금: 인문사회계열 1,700천원, 자연예체능계열 2,300천원   ※ 단, 지원액은 가용예산 범위에 따라 다소 변동 가능함 다. 제출서류대상제출 서류제출 기한제출처지원신",2024-12-18 14:36:39.0
컴퓨터정보통신공학과과,2025학년도 1학기 모집단위간이동(전과) 안내(접수: 1/8~10)(2025.1.6.업데이트),https://ce.jnu.ac.kr/bbs/ce/2114/903472/artclView.do,2025.1.6. 업데이트 사항  ▶ 접수 기간 변경  - 변경전 : 2025.1.7.(화) ~ 9.(목)  - 변경후 : 2015.1.8.(수) ~ 10.(금)2025학년도 1학기 모집단위간이동(전과)를 다음과 같이 실시하오니 해당 기간 내 신청하기 바랍니다.  1. 주요 일정구분일정비고공고2024. 12. 18.(수)홈페이지원서 접수2025. 1. 8.(수) ~ 1. 10.(금)포털 신청전출 승인2025. 1. 13.(월)학과(부) 및 대학전출 합격자 발표2025. 1. 17.(금)홈페이지전입 대상자 사정 및 선발2025.,2024-12-18 14:25:13.0
컴퓨터정보통신공학과과,"2025학년도 1학기 부·복수(연계)·융합전공, 마이크로디그리 취소 신청 및 이수자 선발 안내",https://ce.jnu.ac.kr/bbs/ce/2114/903369/artclView.do,"2025학년도 1학기 부 복수(연계) 융합전공 취소 신청 및 이수자 선발을 아래와 같이 실시하오니 해당 일정에 따라 신청하시기 바랍니다. 1. 허용 학과(부) 및 전공 가. 복수전공 및 부전공: 간호대학, 수의과대학, 약학대학, 예술대학(디자인학과 및 미술학과 제외), 의과대학, 치의학전문대학원 학 석사통합과정, 자율전공학부를 제외한 전 학과(부) 나. 융합전공: 로봇공학융합전공, 미래에너지공학융합전공, 지능실감미디어융합전공, 데이터사이언스융합전공, 지식재산융합전공, 국제개발협력학융합전공2. 지원 자격 및 선발 기준 가. 복수(연계",2024-12-18 10:22:37.0
컴퓨터정보통신공학과과,2024학년도 하반기 대학원 총장명예장학(CNU GS-PHF) 추가 선발 안내(~12/23),https://ce.jnu.ac.kr/bbs/ce/2114/903235/artclView.do,"2024학년도 하반기 대학원 총장명예장학(CNU GS-PHF) 추가 선발 계획을 다음과 같이 안내하오니 많은 신청 바랍니다.   1. 지원자격    가. 선정기준 : 본부 및 학과 선정기준에 모두 충족하는 2025학년도 전기 일반대학원 석 박사통합과정 신입생(합격자)과정본부 선정기준(기준1, 2 모두 충족 필요)학과 선정기준석 박사통합[기준1] 동일 계열 학과 졸업생 + 전일제 학생[기준2] 학부 졸업평점 3.75(4.5만점) 이상인 학생▶전자컴퓨터공학과 : 학과장 추천서 제출▶지능전자컴퓨터공학과 : 학과장 추천서 제출※ 학과 심사",2024-12-17 17:24:41.0
컴퓨터정보통신공학과과,2025학년도 제1학기 휴학·복학 신청 안내,https://ce.jnu.ac.kr/bbs/ce/2114/903142/artclView.do,1. 신청기간 가. 휴학휴학 종류신청 기간대상자일반휴학(등록)2025. 2. 18.(화) ~ 4. 24.(목)  등록금 납부 후 휴학을 원하는 자일반휴학(미등록)2025. 2. 18.(화) ~ 2. 21.(금)  등록금 납부하지 않고 휴학을 원하는 자※ 등록 기간 내에만 휴학 신청 가능휴학연장2025. 2. 18.(화) ~ 2. 21.(금)  휴학 만료일이 2025. 2. 28.까지인 자군휴학(복무신고)입영일 한 달 전 ~ 입영일  학기 중에 군입대하는 학생 중 미등록으로 군휴학을 원하는 자는 일반휴학(미등록) 신청 승인 후 복무신,2024-12-17 14:32:27.0
컴퓨터정보통신공학과과,2024학년도 전기(2025년 2월) 학부 졸업(수료)대상자 유보 신청 안내(~1/2 18:00)(25.1.7.업데이트),https://ce.jnu.ac.kr/bbs/ce/2114/903137/artclView.do,"2025.1.7. 업데이트 사항  ▶ 유보비 납부 기간 기간 변경  - 변경전 : 2025. 1. 8.(수) ~ 10.(금) 16:00  - 변경후 : 2015. 1. 20.(월) ~ 22.(수) 16:002024학년도 전기(2025년 2월) 학부 졸업(수료) 대상자 중 2025학년도 1학기 학적사항을 ""재학""으로 유지하고자 희망하는 학생은, 졸업(수료) 유보를 신청하기 바랍니다. 1. 신청기간 : 2024. 12. 12.(목) ~ 2025. 1. 2.(목) 18:00까지 [추가 신청 기간 없음]2. 신청방법 : 전남대학교 포털",2024-12-17 14:22:12.0
컴퓨터정보통신공학과과,2025학년도 1학기 학부 및 대학원 재입학 실시 안내(접수: 1/2~8),https://ce.jnu.ac.kr/bbs/ce/2114/903059/artclView.do,2025학년도 1학기 학부 및 대학원 재입학 실시에 대해 알려드리니 재입학 희망학생은 아래 일정에 따라 원서를 제출바랍니다.가. 세부 일정업무명일정비고실시 공고2024. 12. 16.(월)대학 홈페이지 공지(본부)재입학 원서접수2025. 1. 2.(목) ~ 1. 8.(수)학생   학과사무실(공7-226)제출서류: 재입학원서 1부대상자 내신2025. 1. 9.(목) ~ 1. 15.(수)학과(부)   단과대학재입학 허가2025. 1. 27.(월)대학 홈페이지 공지(본부)나. 재입학 대상자 및 제외자대상자제외자학부생대학원생◦미복학 미등록,2024-12-17 10:41:25.0
컴퓨터정보통신공학과과,2024학년도 동계방학 셔틀버스(광주↔여수캠퍼스) 운행 안내,https://ce.jnu.ac.kr/bbs/ce/2114/902860/artclView.do,"2024학년도 동계방학 셔틀버스를 다음과 같이 운행하고자 합니다.가. 운행 목적: 광주 여수캠퍼스 간 행정업무 지원 및 우편물, 도서 운송 등 나. 운행 기간: 2024. 12. 26.(목) ~ 2025. 02. 28.(금) [월, 화, 목, 금 운행하고, 수, 토, 일, 공휴일 미운행]다. 운행 차량: 광주캠퍼스(41인승), 여수캠퍼스(44인승) 대형버스 각 1대라. 운행 현황운행경로운행요일승차장소출발시간도착시간비 고광주   여수월, 금광주캠퍼스 용지 삼거리10:0011:30 여수캠퍼스 로터리16:0017:30 여수   광주화,",2024-12-13 17:23:54.0
컴퓨터정보통신공학과과,기말고사 응원 간편식나눔 이벤트 안내(12/17~20 10:00~11:00),https://ce.jnu.ac.kr/bbs/ce/2114/902796/artclView.do,"2024학년도 2학기 시험기간 동안 학생들에게 간편식 아침식사를 무상제공하여 식사시간을 절약하면서 학업에 전념할 수 있도록 응원하고자 「기말고사 응원 간편식나눔 이벤트」를 진행하오니 학생 여러분께서는 많이 이용해 주시기 바랍니다. 1. 제공 기간  - 2024. 12. 17.(화) ~ 12. 20.(금) [4일간]2. 배부 장소 및 시간  - 시간: 10:00~11:00 [1시간]  - 장소: 도서관별관 1층, 공대7호관 1층 로비, 진리관 2층 로비3. 대상: 재학생(학부 및 대학원생만 가능)4. 제공인원 : 매일 선착순 300명",2024-12-13 11:14:46.0
컴퓨터정보통신공학과과,2024학년도 동계 계절학기 수강취소 안내,https://ce.jnu.ac.kr/bbs/ce/2114/902574/artclView.do,2024학년도 동계 계절학기 수강취소에 관한 사항을 다음과 같이 안내합니다. 1. 취소기간구분수강취소 기간환불금액취소 방법개강 전수강취소2024. 12. 19.(목) 09:00～2024. 12. 20.(금) 18:00전액학생포털을 이용하여 학생 본인이 직접 전산 취소개강 후수강취소2024. 12. 26.(목) 09:00~ 2025. 1. 2.(목) 18:00수강료의 2/3환불2025. 1. 3.(금) 09:00～ 2025. 1. 6.(월) 18:00수강료의 1/2환불2025. 1. 6.(월) 18:00 이후 수강취소 및 환불 불가,2024-12-11 16:00:17.0
컴퓨터정보통신공학과과,2024학년도 2학기 기말고사 응원「이천원의 저녁밥」이용 안내(~12/23),https://ce.jnu.ac.kr/bbs/ce/2114/902407/artclView.do,"2024학년도 2학기 기말고사 기간 학생들의 건강을 증진하여 학업에 전념할 수 있도록  천원의 아침밥 과 함께  이천원 저녁밥 을 제공하오니 학생 여러분께서는 많이 이용해 주시기 바랍니다. 1. 제공 기간 (※ 공휴일, 토 일요일 제외)  - 2024. 12. 10.(화) ~ 12. 23.(월) [2주간]2. 이용장소 및 이용시간 - 제1학생마루: 17:00~19:00 - 햇들마루 식당: 17:30~19:003. 이용대상: 재학생(학부 및 대학원생만 가능) ※ 교직원은 대상이 아니며 조 석식 이용을 원하는 경우 현장 결재 후 이용",2024-12-10 16:15:03.0
컴퓨터정보통신공학과과,2025학년도 1학기 학·석사학위연계과정 및 학·석박사학위통합연계과정자 모집 안내(1/2~10),https://ce.jnu.ac.kr/bbs/ce/2114/902301/artclView.do,"2025학년도 1학기 학 석사학위연계과정 및 학 석박사학위통합연계과정자 모집을 안내하오니 많은 신청바랍니다.1. 학 석사학위연계과정 및 학 석박사학위통합연계과정  : 전남대학교 학칙 제19조 제5항에 의거 학사학위과정과 대학원 교과과정을 상호 연계하여 졸업(수료)학점을 취득함으로써 학사 및 대학원 수업연한을 단축하여 학사학위와 대학원 학위 취득이 가능한 학사제도 2. 모집학과 : 전 학과(의학과, 수의학과 제외) 3. 지원자격 및 특전사항구 분주 요 내 용지원자격□ 지원가능학과 : 학부과정의 주(복수)전공에 해당하는 대학원 학과(전",2024-12-10 11:03:25.0
컴퓨터정보통신공학과과,2024학년도 2학기 응원장학생 선발 안내(12/16~23 18:00),https://ce.jnu.ac.kr/bbs/ce/2114/902256/artclView.do,"가. 지원대상: 학부 재학생 중 가계곤란 등의 사유로 등록금 지원이 필요한 자 1) 소득분위 0~1분위: 국가장학금, 법정장학(국가유공 및 북한이탈), 복지장학 등 지원 자격 미달*로 인해 장학금 지원을 받지 못한 경우    * 성적 및 이수학점 조건 미충족, 국가장학금 수혜횟수(8회) 초과자, 국장 신청기간 미준수 등 2) 최근 1년 이내 부모의 폐업, 실직 등으로 인한 긴급 가계곤란 사유가 발생한 경우나. 지원규모: 가계곤란 정도에 따라 예산 범위 내에서 차등 지원가계곤란 정도장학명장학금액비 고상응원장학1등록금 전액(수업료1+수",2024-12-10 10:18:24.0
컴퓨터정보통신공학과과,2025학년도 2학기 국제인턴(델라웨어주립대-디즈니)프로그램 참가 안내(~12/22),https://ce.jnu.ac.kr/bbs/ce/2114/902199/artclView.do,"우리 대학 학생들의 국제적 현장 실무 감각 및 업무 수행 능력 증진을 위한 2025학년도 2학기 미국 델라웨어주립대-디즈니 프로그램 참가자를 모집하고자 하오니, 신청 바랍니다. 1. 파견기간: 2025학년도 2학기 (2025. 7. 8. ~ 2026. 1. 15.)2. 파견기관: 미국 델라웨어주립대(Delaware State University) 및 디즈니 월드 리조트3. 프로그램 내용: 미국 델라웨어주립대 단기 강의 수강 및 디즈니 월드 리조트 인턴십4. 추진일정 가. 접수마감: 2024. 12. 22.(일) 나. 접수방법: 국제",2024-12-09 17:40:56.0
컴퓨터정보통신공학과과,2025학년도 1학기 등록금재원 교내 장학금 신청 안내( 24.12.10~ 25.1.17 15:00),https://ce.jnu.ac.kr/bbs/ce/2114/902145/artclView.do,"2025학년도 1학기 등록금재원 교내 장학금 신청 관련 사항을 안내하오니 장학 기본 충족 사항 및 신청 방법을 확인 후, 기간 내 많은 신청 바랍니다.  1. 신청 대상 : 2024학년도 2학기 이수자 ( 컴퓨터정보통신공학과 ) 2. 신청 기간 : 2024. 12. 10.(화) ~ 2025. 1. 17.(목) 15:00 [6주간] 3. 장학 기본 충족 사항  : 아래 사항을 만족하는 학생들을 마일리지 순으로 장학금 지급  ▸ 직전학기 평균평점 2.5 이상인 자  ▸ 해당학년 전공 9학점 이상 또는 3과목 이상 이수한 자(※ 합불제(",2024-12-09 14:35:40.0
컴퓨터정보통신공학과과,2025년도「꿈 실현금 인생학교」대학생 멘토 모집 안내(~11/24),https://ce.jnu.ac.kr/bbs/ce/2114/901000/artclView.do,"재단법인 전남미래교육재단은 전라남도교육청 출자 출연 기관으로 도내 재학 중인 초, 중, 고등학생을 대상으로 「꿈 실현금」을 지원하는 장학사업을 하고 있습니다.또한, 학생들이 「꿈 실현금」을 자기주도적으로 사용하도록 「꿈 실현 인생학교」 프로그램을 운영하고 있습니다. 이에 실질적인 도움을 줄 수 있는  꿈 실현  대학생 멘토를 다음과 같이 모집하고자 하오니 학부생 및 대학원생 여러분들의 많은 관심과 참여 바랍니다. 가. 프로그램 개요 1) 프로그램명: 2025년도 「꿈 실현금 인생학교」 2) 운영 기간: 2025. 1. ~ 2026.",2024-11-22 09:16:52.0
컴퓨터정보통신공학과과,2024학년도 학부생 대학 종합 만족도 조사 실시 안내(~12/6),https://ce.jnu.ac.kr/bbs/ce/2114/900881/artclView.do,"대학본부에서는 우리 대학의 교육 서비스 개선을 위하여 「2024학년도 학부생 대학 종합 만족도 조사」를 다음과 같이 실시하오니 많은 학생의 참여 바랍니다.가. 조사 개요조사기간2024. 11. 18.(월)~12. 6.(금)조사대상학부생조사방법- 온라인 설문조사  접속방법: #9312; 홈페이지 및 포털, 전남대스토어 배너창 클릭, #9313; 홈페이지 공지사항 확인- 학부생용 설문지 국문/영문 선택 제공",2024-11-21 11:24:40.0
컴퓨터정보통신공학과과,2025학년도 1학기 1차 국가근로장학금 학생 신청 기간 안내(~12/26),https://ce.jnu.ac.kr/bbs/ce/2114/900878/artclView.do,2025학년도 1학기 1차 국가근로장학금 학생 신청 기간을 다음과 같이 안내하오니 해당 학생들의 신청 바랍니다. 가. 신청기간: '24. 11. 21.(목) 09:00 ~ 12. 26.(목) 18:00나. 신청자격: 대한민국 국적을 소지한 자 중 대학교에 재학 중인 학생으로 다음의 기본 요건을 충족한 학생  - 성적요건: 직전학기 성적 1.75(70점/100점 만점) 이상  - 학자금 지원구간: 9구간 이하다. 신청방법: 한국장학재단 홈페이지 및 모바일 앱을 이용하여 신청  ※ 상세 신청방법  붙임  참고라. 근로기간: 2025.,2024-11-21 11:22:31.0
컴퓨터정보통신공학과과,2025학년도 1학기 국가장학금 1차 신청 안내(~12/26 18:00),https://ce.jnu.ac.kr/bbs/ce/2114/900451/artclView.do,"2025학년도 1학기 국가장학금 1차 신청 일정을 다음과 같이 안내하오니, 해당 학생들의 국가장학금 신청 바랍니다.가. 신청대상: 재학생*, 복학생, 재입학생, 신입생, 편입생 * 재학생은 국가장학금 1차 신청이 원칙(재학 중 2회에 한해 2차 신청으로 수혜 가능)나. 신청기간: '24. 11. 21.(목) ~ 12. 26.(목) 18:00 - 서류제출 및 가구원 정보제공 동의 기간: '24. 11. 21.(목) ~ '25. 1. 2.(목) 18:00  ※ 주말․공휴일 포함 24시간 신청 가능, 마지막 날은 18시 마감  ※ 여수캠",2024-11-18 17:49:33.0
컴퓨터정보통신공학과과,관정이종환교육재단 2025학년도 국내대학 장학생 선발 안내(~11/27 18:00),https://ce.jnu.ac.kr/bbs/ce/2114/900360/artclView.do,"관정이종환교육재단 2025학년도 국내대학 장학생 선발계획에 의거, 재학생 중 선발요건에 적격한 학생들의 신청 바랍니다.가. 추천인원: 학부 재학생 5명 내외(최종 선발인원은 아니며, 3차 선발과정을 거쳐 최종 확정) - 계열별 추천인원 비율: 자연 이공계열 80%, 인문 사회계열 20%나. 장학금액: 학기당 최대 600만원[재단 제반규정에 저촉되지 않는 한 최대 4학기 지원]다. 지원자격 - 대한민국 국적 보유자로서 대한민국에서 고등학교를 졸업한 자 - 2025학년도 1학기에 5학기(3학년 1학기) 진학 예정인 자 - 학부 1 3학",2024-11-18 09:34:48.0
컴퓨터정보통신공학과과,[소프트웨어중심대학사업단] 소중마일리지 신청 안내(~12/1),https://ce.jnu.ac.kr/bbs/ce/2114/900352/artclView.do,"1. 신청 일정  - 신청기간: 24.11.18.(월) ~ 12.01.(일) 23:59  - 1차발표: 24.12.11.(수)(예정)  - 이의신청: 24.12.11.(수) ~ 12.13.(금)(예정)  - 최종발표: 24.12.16.(월)(예정)  - 지급일자: 24.12월 중2. 사업대상: SW중심대학사업단 참여학과 17개 재학생 및 SW학과, SW융합전공 부.복수전공 재학생(현재 기준 재학생 신분이어야 함)* 참여학과 재학생만 마일리지 신청 사이트 접속 가능 * 전자컴퓨터공학부 1학년 마일리지 신청 가능 * 자율전공학부 - 복",2024-11-18 09:21:43.0
컴퓨터정보통신공학과과,2024학년도 동계 계절학기 자유학기(자유교과목) 운영 계획 안내(신청: ~11/13),https://ce.jnu.ac.kr/bbs/ce/2114/899499/artclView.do,"2024학년도 동계 계절학기 자유학기(자유교과목) 운영 계획을 붙임과 같이 수립하여 시행하오니, 희망하는 학생들은 기한 내에 신청바랍니다.가. 신청자격: 우리대학 정규학기 2학기 이상 등록한 학생(최종학기 신청 가능)나. 대상학기: 2024학년도 동계 계절학기다. 신청기간: 2024. 11. 6.(수) ~ 11. 13.(수) 18:00까지라. 수강과목: 자유과제 1,2,3,4,8 교과목  ※ 2024학년도 동계 계절학기부터 계절학기 중 수강교과목 확대 운영마. 신청방법: 주제 선정 및 학과(부) 방문 담당 지도교수 배정 신청서 및",2024-11-05 14:41:24.0
컴퓨터정보통신공학과과,[공학교육혁신센터] 2024 Capstone Design 경진대회 개최 안내(신청: 11/11~28 17:00),https://ce.jnu.ac.kr/bbs/ce/2114/899234/artclView.do,"공학교육혁신센터에서는 학부 과정을 통해 습득한 이론과 설계 능력을 바탕으로 하나의 시스템을 기획, 설계, 제작할 수 있는 창의력과 종합적 설계 능력을 갖춘 실무중심의 엔지니어를 양성하고, 학생들의 기술개발 및 학습의욕을 고취시키기 위해 『2024 Capstone Design 경진대회』 다음과 같이 진행하고자 합니다. - 다   음 -가. 명    칭: 2024 Capstone Design 경진대회나. 일    시: [예선] 2024. 12. 3.(화) ~ 12. 4.(수), 서면심사                [본선] 2024. 1",2024-11-01 09:24:36.0
컴퓨터정보통신공학과과,2024년 하반기 대학원 총장명예장학(CNU GS-PHF) 선발 안내(~11/15 17:00),https://ce.jnu.ac.kr/bbs/ce/2114/899098/artclView.do,"2024학년도 하반기 대학원 총장명예장학(CNU GS-PHF) 선발 계획을 다음과 같이 안내하오니 많은 신청 바랍니다.   1. 지원자격    가. 선정기준 : 본부 및 학과 선정기준에 모두 충족하는 2025학년도 전기 일반대학원 석 박사통합과정 신입생(합격자)과정본부 선정기준(기준1, 2 모두 충족 필요)학과 선정기준석 박사통합[기준1] 동일 계열 학과 졸업생 + 전일제 학생[기준2] 학부 졸업평점 3.75(4.5만점) 이상인 학생▶전자컴퓨터공학과 : 학과장 추천서 제출▶지능전자컴퓨터공학과 : 학과장 추천서 제출※ 학과 심사 후",2024-10-30 16:35:52.0
컴퓨터정보통신공학과과,"국제학생증 ISIC  발급비 지원행사 안내(방문신청: 11/4~6 10:00~15:00, 온라인신청: 11/1~14)",https://ce.jnu.ac.kr/bbs/ce/2114/898959/artclView.do,"국제학생증 ISIC(International Student Identity Card) 무료발급 행사 안내를 다음과 같이 알려드리니 관심있는 학생들의 신청 바랍니다. 가. 발급 대상: 전남대학교 재(휴)학생 나. 온라인 신청: 2024. 11. 1.(금) ~ 11. 14.(목) 다. 방문 신청: 2024. 11. 4.(월) ~ 11. 6.(수) 10:00 ~ 15:00   공과대학 시계탑 앞, 인문대와 경영대 사이 벤치 앞, 후문체육관 반대쪽 인도, 스토리움 카페 앞 라. 발급 절차 1) 하나은행 마이브랜치 방문 : isic.co.k",2024-10-29 11:28:24.0
컴퓨터정보통신공학과과,2024학년도 2학기 도전장학생(비상) 선발 안내(~10/29),https://ce.jnu.ac.kr/bbs/ce/2114/898226/artclView.do,"2024학년도 2학기 도전장학생(비상) 선발을 다음과 같이 시행하오니 많은 학생들의 지원바랍니다. 가. 선발인원(예정): 101명(학부재학생 96명, 외국인학생 5명)나. 장학금액(1인당): 1,800천원다. 접수기간: 2024. 10. 22.(화) 09:00~ 10. 29.(화) 18:00라. 신청방법전남대학교포털사이트(http://portal.jnu.ac.kr)에 로그인 후   교육지원   내학사행정  장학   도전장학   장학금신청에 접속하여 도전계획서 작성 및 제출마. 선발계획: 붙임파일 및 홈페이지 공지사항 공고 붙임 20",2024-10-21 10:53:56.0
컴퓨터정보통신공학과과,포스코 스틸브릿지 2024학년도 동계 현장실습교육과정 지원자 추천 안내(~10/24 14:00),https://ce.jnu.ac.kr/bbs/ce/2114/897996/artclView.do,"우리 대학 학생들의 산업 현장에 대한 이해 증진 및 진로 탐색을 위한 「포스코 스틸브릿지 2024학년도 동계 현장실습학기제」 모집을 아래와 같이 안내하오니 많은 학생들의 참여 바랍니다.가. 실습기업(관)명: 포스코 스틸브릿지나. 모집인원: 총 40명[이공계 30명, 인문계 10명]다. 모집기간: 2024. 10. 14.(월)   10. 24.(목) 14:00라. 실습기간: 2025. 01. 20.(월)   02. 21.(금) [5주]마. 모집안내 1) 모집분야분 야직 무전 공이공생산기술금속/재료/신소재,화학/화공설비기술기계, 전기/",2024-10-17 11:48:27.0
컴퓨터정보통신공학과과,2024학년도 2학기 글로벌커뮤니케이션잉글리쉬 학점 미취득자 교과목 이수 안내(~12/16),https://ce.jnu.ac.kr/bbs/ce/2114/897464/artclView.do,"2014~2018학년도 신입학자, 2016~2020학년도 편입학자 중 글로벌커뮤니케이션잉글리쉬(이하 글커잉) 교과목 학점 미취득 학생은 아래 글로벌커뮤니케이션잉글리쉬 대체 방안 중 택1하여 이수바랍니다. 글로벌커뮤니케이션잉글리쉬 학점 미취득시 졸업이 불가하오니 이 점 유의바랍니다. 1. 대상자 : 글커잉 학점 미취득자 2. 대체 방안 (택 1)  1) 대체교과목 이수 : 해당 교과목 중 1과목 이수교과목명학점비고기초영어3#9312;대체교과목 중 기 이수교과목이 있는 경우 소급하여 인정하지 않고,   다른 대체교과목을 택1하여 이수해",2024-10-11 16:39:24.0
컴퓨터정보통신공학과과,청년 SW 아카데미 모집 13기 교육생 모집 안내(10/21~11/4),https://ce.jnu.ac.kr/bbs/ce/2114/897353/artclView.do,,2024-10-10 13:51:49.0
컴퓨터정보통신공학과과,[공학교육혁신센터] 2024학년도 2학기 기초창의설계경진대회 개최 안내(신청: 11/18~26),https://ce.jnu.ac.kr/bbs/ce/2114/897282/artclView.do,"공학교육혁신센터에서는 창의적 설계교육을 통하여 학습 동기(motivation) 부여 및 팀워크 활동의 중요성을 인식시키고, 발표회를 통한 자신감과 성취감 향상의 기회를 제공하여 향후 설계활동의 동기를 부여하기 위한 목적으로 다음과 같이 『2024 기초창의설계 경진대회(2학기)』를 개최하고자 합니다. 관심있는 학생들의 참여 바랍니다.- 다   음 -가. 명    칭: 2024 기초창의설계 경진대회(2학기)나. 일    시: 2024.12.6.(금) 14:00~다. 장    소: 공과대학 2호관 영명홀 (예정)라. 신청기간: 2024.",2024-10-08 18:13:16.0
컴퓨터정보통신공학과과,2024학년도 2학기 중간고사 응원「이천원의 저녁밥」이용 안내(10/14~25),https://ce.jnu.ac.kr/bbs/ce/2114/897253/artclView.do,"2024학년도 2학기 중간고사 기간 학생들의 건강을 증진하여 학업에 전념할 수 있도록  천원의 아침밥 과 함께  이천원 저녁밥 을 제공하오니 학생 여러분께서는 많이 이용해 주시기 바랍니다. 1. 제공 기간 (※ 공휴일, 토 일요일 제외)  - 2024. 10. 14.(월) ~ 10. 25.(금) [2주간]2. 이용장소 및 이용시간  - 제1학생마루: 17:00~19:00  - 햇들마루 식당: 17:30~19:003. 이용대상: 재학생(학부 및 대학원생만 가능)4. 식 단 가 : 5,000원(학생부담 2,000원 / 지원금 3,000",2024-10-08 16:52:58.0
컴퓨터정보통신공학과과,"2024학년도 전기(2025년 2월 졸업예정) 외국어영역 점수 및 논문 제출 안내(1차: 10/2~10/17, 2차: 12/16~1/17)",https://ce.jnu.ac.kr/bbs/ce/2114/896478/artclView.do,"○  제출 안내졸업자격 영역전공영역(논문)외국어영역(공인어학시험 성적표)제출대상2025년  2월 졸업예정자2019학년도 이후 입학한 25년 2월 졸업예정자 중 아래 교과목 중 1과목도 이수하지 않은 자.[생활영어1, 생활영어2, 기초영어, 취업영어, 영어글쓰기, 영어읽기와토론]제출기간'24. 12. 16.(월) ~ '25. 1. 17.(금) 17:001차(졸업예비사정) : '24. 10. 2.(수) ~ '24. 10. 17.(목) 2차(졸업사정) : '24. 12. 16.(월) ~ '25. 1. 17.(금) 17:00제출서류1. 논",2024-09-25 17:33:33.0
컴퓨터정보통신공학과과,2024 전남대학교 농어촌 지역봉사단 모집 안내(~9/26),https://ce.jnu.ac.kr/bbs/ce/2114/896127/artclView.do,"1. 프로그램명: 2024 전남대학교 농어촌 지역봉사2. 활동 기간: 2024. 10.10.(목)~10.12.(토)3. 활동 지역: 전남 고흥군 일대4. 활동 내용: 농어촌 일손돕기, 벽화그리기, 주민간담회 등5. 지원자격: 전남대학교 학부 재학생  *재학증명서 필수 제출6. 모집인원: 25명7. 모집기간: 2024.9.20.(금)~9.26.(목)8. 제출서류: 참가지원서, 학부모 동의서, 개인정보 수집 동의서, 재학증명서 각 1부  * 신청방법: 이메일 접수(cube@jnu.ac.kr)9. 참 가 비: 무료10. 선발방법: 서류",2024-09-23 16:12:18.0
컴퓨터정보통신공학과과,「2024 English Essay Contest」개최 안내(신청: ~10/7),https://ce.jnu.ac.kr/bbs/ce/2114/896028/artclView.do,신문방송사에서는 전남대학교 개교 72주년 및  Chonnam Tribune  창간 56주년을 맞아 광주 전남 지역 대학(원)생들의 영어 능력 발휘 및 향상 기회를 제공하기 위해 다음과 같이 『2024 English Essay Contest』를 개최합니다. 관심 있는 학생들의 많은 참가 바랍니다. ■ 다 음 ■ 가. 개최일시: 2024. 10. 12.(토) 13:00~18:00나. 개최장소: 정보화본부 내 PC실습실  ※ 참가 인원에 따라 개최 시간 및 장소 확정. 홈페이지 공지 및 개별 통지다. 개최부문: 영어권 비영어권 2개 부문,2024-09-23 11:34:19.0
컴퓨터정보통신공학과과,2025 미국 네바다주립대 국제인턴 프로그램 참가자 모집 안내(~9/29),https://ce.jnu.ac.kr/bbs/ce/2114/896025/artclView.do,"국제 교류 활성화를 위하여 2025학년도 1학기 미국 University of Nevada-Las Vegas(네바다주립대학교) 국제인턴 파견 프로그램 참가자를 모집하고자 합니다. 1. 파견기간: 2025학년도 1학기 (2025. 1. 7. ~ 5. 17.)2. 파견기관: 미국 University of Nevada-Las Vegas (네바다주립대학교)3. 프로그램 내용: 공과대학 내 연구 프로젝트 인턴십 및 1~2개 강의(영어) 수강                      (컴퓨터공학, 전기공학, 기계공학, 토목공학, 환경공학 등)4.",2024-09-23 11:25:44.0
컴퓨터정보통신공학과과,[LINC3.0사업단] 2024 청년 Living-Lab Project 안내(신청: ~9/24),https://ce.jnu.ac.kr/bbs/ce/2114/896002/artclView.do,"「3단계 산학연협력 선도대학 육성사업(LINC3.0」에서는 LINC3.0 참여학과 학생들을 대상으로 광주광역시 북구의 지역현안을 전문가와 함께 넓은 시각, 다양한 의견을 토대로 해결하는 Living Lab Project를 운영합니다. 많은 관심과 참여바랍니다.광주권LINC3.0 대학 학생들과 함께 Project를 진행하게 되며 우수프로젝트 개발팀은 소정의 상금(협의중)이 지급될 예정입니다. 1. 참여대상 : LINC3.0 사업단 참여학과 재학생   -  팀단위 지원, 2개팀 모집 예정   -  1개팀 최대인원 5명 , 최소인원 2명",2024-09-23 10:41:18.0
컴퓨터정보통신공학과과,2024학년도 2학기 수강취소 안내(9/26~27 17:00),https://ce.jnu.ac.kr/bbs/ce/2114/895958/artclView.do,❍ 신청기간: 2024. 9. 26.(목) 09:00 ~ 9. 27.(금) 17:00 ❍ 취소절차: 학생이 인터넷으로 포털에서 직접 수강취소 신청 교과목 개설학과에서 취소 승인 ❍ 취소방법: 전남대학교 포털사이트(http://portal.jnu.ac.kr)에 접속한 후 교육지원 내학사행정 수업 수강신청 수강취소 신청  선택 ❍ 수강취소 과목범위  - 수강취소 신청과목은 2과목 이내로 하되 취소 후 수강학점은 1학점 이상을 유지해야 함 (수업관리지침 제19조) ❍ 수강취소 내역확인  - 수강취소 후 최종 수강신청 내역을 반드시 확인,2024-09-23 09:37:11.0
컴퓨터정보통신공학과과,[대학교육혁신본부] AIBIGDATA 인재양성 프로그램 신청 안내(~9/30),https://ce.jnu.ac.kr/bbs/ce/2114/895949/artclView.do,우리 대학에서 광주전남지역혁신플랫폼 대학교육혁신본부의 지원을 받아 지역산업 맞춤형 인재양성 및 취 창업 프로그램  AI BIGDATA 인재양성  프로그램을 아래와 같이 운영하오니 많은 학생의 참여 바랍니다.가. 프로그램명: 데이터사이언스 포트폴리오 만들기구분ML/DL을 이용한 추천시스템수요예측과 머신러닝분야AI 인재양성BIGDATA 인재양성강좌수10강좌10강좌나. 모집인원: 강좌별 00명다. 신청기간: 2024. 9. 20.(금) ~ 9. 30.(월)라. 신청방법  - 2개 강좌 중 택 1  - 온라인신청(https://forms.,2024-09-23 09:20:09.0
컴퓨터정보통신공학과과,2024학년도 미래성장 장학생 선발 안내(9/30~10/4),https://ce.jnu.ac.kr/bbs/ce/2114/895890/artclView.do,"2024학년도 미래성장 장학생을 다음과 같이 선발하오니, 많은 학생들의 지원 바랍니다.가. 선발인원: 200명나. 지원대상: 본교 학부 2~3학년 재학생 ※ 제외 대상: 24.2학기 휴학생(등록휴학 포함), 의 치 수의 약학계열다. 지원자격: 24.2학기 기준 직전 학기 평균평점 1.75 이상, 12학점 이상 이수한 자라. 장학금액: 1,300천원 ~ 1,800천원 ※ 평가에 따른 차등지급마. 평가방법: 서류평가(1단계)   심층면접(2단계)바. 공고기간: 2024. 9. 19.(목) ～ 10. 4.(금)사. 접수기간: 2024.",2024-09-20 16:42:53.0
컴퓨터정보통신공학과과,[차세대통신혁신융합대학사업] 2024 차세대통신 프로젝트 경진대회 개최 안내(신청: 10/14~23),https://ce.jnu.ac.kr/bbs/ce/2114/895693/artclView.do,"차세대통신혁신융합대학사업단에서는 차세대통신 분야 창의적 종합설계 능력을 갖춘 인재 양성을 위해 다음과 같이 『2024 차세대통신 프로젝트 경진대회』를 개최합니다.- 다 음 -가. 경진대회 개요 1) 행 사 명: 2024 차세대통신 프로젝트 경진대회 2) 일 시: 2024. 11. 01.(금) 15:30 ~ 18:00 3) 장 소: 공과대학 2호관 영명홀 4) 참가대상   - 2023학년도 2학기 캡스톤디자인(일반형, We-Meet Project) 과제 참여 참여자    - 2024학년도 1학기, 2학기 캡스톤디자인(일반형, We-M",2024-09-19 13:56:34.0
컴퓨터정보통신공학과과,[차세대통신혁신융합대학사업] 2024학년도 2학기 캡스톤디자인 과제 지원 공모 추가 연장 안내(신청: ~10/8),https://ce.jnu.ac.kr/bbs/ce/2114/895692/artclView.do,차세대통신혁신융합대학사업단에서는 차세대통신 분야 창의적 종합설계 능력을 갖춘 인재 양성을 위해 다음과 같이 2024학년도 2학기 캡스톤디자인 과제 지원을 추가 연장 공모 하오니 많은 관심과 신청 바랍니다.- 다 음 -가. 공모 및 지원 개요 1) 공모 대상: 2024학년도 2학기 차세대통신혁신융합대학사업 6개 참여학과 캡스톤디자인 교과목 수강생 2) 과제 유형 및 팀 구성 요건연번유형내용팀 구성 요건1일반형차세대통신 분야 관련 문제를 해결하는 과제지도교수 + 학부생2산업체 연계형(We-Meet Project)차세대통신 분야 관련문제,2024-09-19 13:54:51.0
컴퓨터정보통신공학과과,2024학년도 제2학기 최종 등록 및 휴학 신청 기간 안내,https://ce.jnu.ac.kr/bbs/ce/2114/895510/artclView.do,"우리 대학교에서는 2024학년도 제2학기 최종 등록기간을 다음과 같이 공고하오니 등록금을 납부하지 못한 학생은 기한 내에 등록금을 납부하시기 바랍니다. ■ 다 음 ■1. 기 간 : 2024. 10. 7.(월) ~ 10. 8.(화) 16:00 [2일간] ➣ 2024. 2학기 수업연한 초과자도 위 기간 내에 등록금 납부2. 납입금 납부장소 : 광주, 농협, 국민, 신한은행 전국지점 ➣ 고지서 상의 가상계좌 입금, 광주은행 신용카드 납부 가능3. 휴학 신청 : 전남대포털➝로그인➝교육지원➝내학사행정➝학적➝휴학신청◇ 휴학 신청 기간◾ 일반휴",2024-09-13 15:09:03.0
컴퓨터정보통신공학과과,공과대학 재학생 해외 파견 프로그램 설명회 개최 안내,https://ce.jnu.ac.kr/bbs/ce/2114/895271/artclView.do,"공과대학에서는 재학생에게 국제협력과에서 시행하는 해외 파견 프로그램에 대한 정보를 제공하고 참가를 독려하고자 다음과 같이 설명회를 개최하오니, 학생들의 참여 바랍니다. 1. 일시: 2024. 9. 25.(수) 17:002. 장소: 공과대학 4호관 코스모스홀3. 대상: 공과대학 재학생 100여명(신청: https://forms.gle/LNGf7H48ymH8zWkx9)4. 내용: 국제협력과에서 시행하는 해외파견 프로그램 설명 및 질의응답(국제협력과 직원)5. 증정: 참석자에게 샌드위치 1개 제공6. 문의: 공대 행정실 김송희 조교(53",2024-09-11 17:28:03.0
컴퓨터정보통신공학과과,2024학년도 2학기 교과구분 정정 신청 안내(~9/25),https://ce.jnu.ac.kr/bbs/ce/2114/895137/artclView.do,"1. 신청 대상  : 휴 복학에 따른 교과과정 적용년도 변경, 부 복수전공 선발, 모집단위간이동(전과) 및 국내 타대학 교류로 인한 교과구분 상이 학생 ▶ 교육과정 적용 기준 : 당초 입학년도 교육과정 적용, 단, 학적변동(복학, 재입학)으로 입학년도 교육과정 적용이 어려울 경우 복학하는 학년도의 소속학년 학생이 입학했던 당시의 교육과정으로 변경 할 수 있음. 2. 신청 유의사항  1) 휴 복학 및 전과에 따른 교과과정 적용년도 변경자의 경우 적용받는 교과과정에 따라 필수 과목이 달라질 수 있으므로 교과과정 적용년도 반드시 확인",2024-09-11 11:02:02.0
컴퓨터정보통신공학과과,엔비디아와 전남대학교가 함께하는 RTX AI PC Campus Seminar 안내(9/11 15:00),https://ce.jnu.ac.kr/bbs/ce/2114/895014/artclView.do,"엔비디아와 전남대학교가 함께하는 RTX AI PC Campus Seminar1. 일시: 2024. 9. 11.(수) 15:00 ~ 17:002. 장소: 공과대학 4호관 코스모스홀3. 행사 상세 정보 ○ 인공지능 전망과 엔비디아 GPU  ○  온디바이스 AI 데모 쇼케이스 (엔비디아, MSI 부스 운영) ○ 세미나 참석자 대상으로 하는 각종 이벤트 진행   - 럭키드로우, 뉴스레터 구독 시 NVIDIA 라펠 핀 증정, 기념품 (MSI 게이밍 마우스) 증정 등   - 전남대 학생 대상으로만 하루 운영하는 AI PC 프로모션 운영(지마켓",2024-09-10 14:02:57.0
컴퓨터정보통신공학과과,ECONOVATION 28기 신입모집 안내(접수: 9/2~15 23:59),https://ce.jnu.ac.kr/bbs/ce/2114/894943/artclView.do,"안녕하세요. 전남대학교 IT 개발 동아리 에코노베이션입니다.에코노베이션과 함께할 에코노베이션 28기 신입회원을 모집합니다.왜 에코노베이션일까요?   1. 함께 성장하는 커뮤니티 : 실력에 상관없이, 협업과 열정이 있다면 누구든지 환영합니다.  2. 다양한 분야와 협업 : 웹, 앱, 게임, AI 개발부터 IT 기획, UI/UX 디자인까지! 프로젝트에 참여하며 다양한 분야와의 협업 경험을 쌓을 수 있습니다.  3. 지속적인 성장 기회 : 기존 회원들과의 멘토링 및 OB선배들과의 네트워크를 통해 풍부한 인사이트를 얻을 수 있습니다.- 모",2024-09-09 17:52:10.0
컴퓨터정보통신공학과과,[인공지능혁신융합대학사업단] 2024년 2학기 캡스톤디자인 과제 모집 안내(~9/22),https://ce.jnu.ac.kr/bbs/ce/2114/894215/artclView.do,"인공지능혁신융합대학사업단에서는 2024년 2학기 캡스톤디자인 과제 모집을 아래와 같이 안내하오니 많은 관심 부탁드립니다. 1. 캡스톤디자인 과제 지원 개요  가. 목적   1) 학생들 스스로 기획 및 설계, 제작을 통하여 창의성과 실무능력을 함양함과 동시에 협업을 통한 상호 복합적인 팀워크 능력을 보유한 창의인재 육성 및 취업활성화에 기여   2) 인공지능혁신공유대학사업단 참여학과의 학생들이 융합과정에서 습득한 학문 지식을 바탕으로 한 실무형 인재양성   3) 산업체 현장 전문가 멘토링을 통한 직무역량 증진  나. 신청 대상: 『인",2024-09-03 18:18:34.0
컴퓨터정보통신공학과과,2024년 국립대학 육성사업 [해외취업뽀개기 Season1] 동계 인턴십 신청 안내(~10/7 17:00),https://ce.jnu.ac.kr/bbs/ce/2114/894205/artclView.do,"글로벌 인재양성을 위한 2024년 국립대학 육성사업 해외취업뽀개기 Season1 동계 인턴십을 아래와 같이 운영하오니, 해외 취업을 희망하는 학생의 신청 바랍니다.가. 신청기간: 2024. 9. 3.(화) ~ 10. 7.(월) 17:00나. 신청방법: 2가지 방법 중 택 1  - 취업진로 포털(CAPD)에서 신청  - 성장마루(비교과통합플랫폼)에서 신청다. 선발일정: 2024. 10. 14.(월) 13:00~17:00  - 해외취업박람회 채용부스에서 현장면접진행라. 참여국가: 일본 도쿄 및 오사카 일원마. 참여기업: 3개 기업 (붙",2024-09-03 17:48:19.0
컴퓨터정보통신공학과과,[LINC3.0사업단] 2024학년도 2학기 캡스톤디자인 교과목 지원 안내(~10/11 15:00),https://ce.jnu.ac.kr/bbs/ce/2114/894200/artclView.do,"『3단계산학연협력선도대학육성사업단(LINC3.0)』에서는 취‧창업 역량강화 및 산업체 수요에 적합한 창의적 인재양성을 위하여 2024년 2학기 캡스톤디자인 교과목을 지원하고자 합니다. 1. 지원 대상: 캡스톤디자인 교과목 수강생 중 사업단 참여학과(부) 3, 4학년 학부생2. 지원 기간: 2024. 9. ~ 2024. 12.3. 지원 항목: 재료비, 실험(분석)비, 회의비, 인쇄비4. 지원 유형연번유형참여주체1일반형담당교원, 팀(학생)2기업연계형담당교원, 기업(기관)담당자, 팀(학생)3기업연계기반 학제간 융합형4글로벌형5. 지원 금",2024-09-03 17:43:38.0
컴퓨터정보통신공학과과,[LINC3.0사업단] 2024 광주권 LINC3.0「스타트업 STEP-UP Project」모집 안내(~9/3),https://ce.jnu.ac.kr/bbs/ce/2114/893969/artclView.do,『3단계 산학연협력 선도대학 육성사업단』에서는 창업 초기 단계에서 제품화까지의 창업 전 과정에 대한 체험을 제공하기 위해 「스타트업 STEP-UP Project」를 운영하오니 많은 신청 바랍니다.1. 프로그램 명: 2024 광주권 LINC 3.0 「스타트업 STEP-UP Project」2. 운영 기간: 2024. 9. ~ 11.3. 모집 대상: LINC 3.0 사업 참여학과 소속 재학생 중 2~5명으로 구성한 팀4. 모집 기간: ~ 2024. 9. 3.(화)까지5. 신청 방법: 제출서류 작성 후 메일 제출(gpdms1417@jnu.,2024-09-02 16:27:25.0
컴퓨터정보통신공학과과,2024학년도 2학기 CNU 학습공동체 공모 안내(신청: ~9/12),https://ce.jnu.ac.kr/bbs/ce/2114/893968/artclView.do,"교육혁신본부에서는 대학생 간 협력학습을 통한 학습역량 강화를 목적으로 운영하는 「CNU 학습공동체」의 참여자를 모집합니다.  가. 신청 기간: 2024년 9월 2일(월)~9월 12일(목) 오후 4시나. 신청 대상: 광주캠퍼스 대학생다. 신청 형태  1) 유형1(자율형): 대학생 3~5명, 모둠을 형성하여 신청  2) 유형2(지원형): 대학생 1명, 개인으로 신청   ※ 개인으로 신청한 경우 공모 마감 후 개인 신청자 중 모둠 형성 지원라. 신청 방법: 비교과 통합 플랫폼  성장마루 (https://grow.ac.kr)   ※ 프로그",2024-09-02 16:22:49.0
컴퓨터정보통신공학과과,[컴퓨터공학종합프로젝트1(캡스톤디자인)] 교과목 시간 변경 및 OT 안내,https://ce.jnu.ac.kr/bbs/ce/2114/893772/artclView.do,"원활한 수업 운영을 위하여 컴퓨터정보통신공학과 3학년 2학기 교과목인 [컴퓨터공학종합프로젝트1(캡스톤디자인)]의 시간 및 강의실을 아래와 같이 변경하오니 추후의 불이익이 없도록 필히 확인 바랍니다.또한, 컴퓨터공학종합프로젝트1(캡스톤디자인) OT 안내드리오니 수강신청자 및 수강예정자는 참석바랍니다.1. 교과목명(교과목코드) : 컴퓨터공학종합프로젝트1(캡스톤디자인)(ECE3087) ※ 2024년 2학기부터 팀티칭으로 운영 예정2. 수강대상자: 컴퓨터정보통신공학과 5학기 이수 후 6학기 진입 학생 중 컴퓨터공학종합프로젝트1(캡스톤디자인",2024-08-30 11:37:31.0
컴퓨터정보통신공학과과,[공학교육혁신센터] 2024학년도 Capstone Design 지원사업 2학기 모집 안내,https://ce.jnu.ac.kr/bbs/ce/2114/893745/artclView.do,"공학교육혁신센터에서는 전공 이론 및 실습과정을 바탕으로 축적한 문제해결능력을 토대로 산업체 또는 지역사회가 필요로 하는 Capstone Design 프로젝트 주제를 발굴하여 창의성, 실무능력, 팀 워크 등 실무능력 향상에 도움을 주고자 다음과 같이 『2024 Capstone Design 지원사업(2학기)』을 실시하고자 합니다.- 다    음 -가. 지원 분야지원 분야내  용모집인원(팀)비고Capstone Design 지원사업다학제형다양한 전공으로 구성된 팀 간 융합 프로젝트 수행2팀2개 이상의 非유사계열 전공사회기여형지역사회의 다양",2024-08-30 09:13:43.0
컴퓨터정보통신공학과과,2024학년도 2학기  천원의 아침밥  제공 안내,https://ce.jnu.ac.kr/bbs/ce/2114/893573/artclView.do,"우리 대학에서는 아침밥 먹기 운동을 통해 학생들의 건강을 증진시키고, 학교생활에 활력을 불어넣기 위하여  천원의 아침밥 사업을 시행하고 있으니 학생 여러분께서는 많이 이용해 주시기 바랍니다. 1. 제공 기간 (※ 공휴일, 토 일요일 제외)  - 제1학생마루 식당: 2024. 9. 2.(월) ~ 12. 20.(금)2. 이용시간: 08:00 ~ 08:503. 이용장소: 제1학생마루 식당(광주캠퍼스)  ※ 화순 여미샘 식당은 2024학년도 2학기부터 운영하지 않음4. 이용대상: 학생(학부 및 대학원생만 가능)  ※ 교직원은 대상이 아니며",2024-08-28 15:38:03.0
컴퓨터정보통신공학과과,2024 전남대학교 온라인 JOB FESTA(전남대 선배 직무멘토링) 안내,https://ce.jnu.ac.kr/bbs/ce/2114/893570/artclView.do,,2024-08-28 15:29:25.0
컴퓨터정보통신공학과과,2024학년도 제2학기 추가 등록 및 휴·복학 신청 기간 안내,https://ce.jnu.ac.kr/bbs/ce/2114/893236/artclView.do,"우리 대학교에서는 2024. 8. 20.(화) ~ 8. 23.(금) 등록을 실시하였으나 현재까지 등록금을 납부하지 못한 학생에 대해 다음과 같이 추가 등록기간과 휴 복학 기간을 설정 시행하오니 기간내에 등록금 납부와 휴 복학하시기 바랍니다.■ 다 음 ■1. 등록금 납부 기간 : 2024. 9. 10.(화) ~ 9. 12.(목) 16:00까지 [3일간]  ➣ 2024. 2학기 수업연한 초과자도 위 기간 내에 등록금 납부2. 납입금 납부장소 : 광주, 농협, 국민, 신한은행 전국지점  ➣ 고지서 상의 가상계좌 입금, 광주은행 신용카드",2024-08-26 14:45:02.0
컴퓨터정보통신공학과과,2024학년도 2학기 중 광주시내 통학버스 운행 안내,https://ce.jnu.ac.kr/bbs/ce/2114/892893/artclView.do,"2024학년도 2학기 중 광주시내 통학버스를 다음과 같이 운행 안내 합니다.가. 운행목적: 학사 운영을 위한 재학생 통학 지원나. 운행기간: 2024. 09. 02.(월) ~ 2024. 12. 23.(월) [토, 일, 공휴일 제외]다. 운행노선 및 운행시간 1) 농성동/광천동 방면횟수양동 주공A (그린파크 승강장옆)농성영무메트로A (뚜레쥬르앞)교원공제회관 (정문앞)광천동다이소옆 (동아한의원앞)챔피언스필드삼거리 (팔각정앞)경신여고사거리 (무등맨션입구앞)학교 (용봉탑)1회07:3507:4007:4307:4507:4807:5007:552",2024-08-22 09:32:36.0
컴퓨터정보통신공학과과,제1회 AI반도체 기술인재 선발대회 안내(접수: ~8/30),https://ce.jnu.ac.kr/bbs/ce/2114/892745/artclView.do,"[참가 접수]접수일정 : 8.12(월) ~ 8.30 (금)AI 반도체 또는 SW개발에 관심있는 누구나 개인 혹은 팀(최대 4인)으로 참가 가능 지금 대회 홈페이지에서 접수 진행 중!www.aichipcon.or.kr  [참가 분야]모바일/엣지분야서버분야설계분야sLLM/sLM 분야(수요기업 별 세부 제시문제와 중복 참가 여부는 홈페이지 참조)  [시상내용]총 상금 : 1억 6천만원대상 : 과학기술정보통신부장관상, 4천만원 (1개)최우수상 : 정보통신산업진흥원장상, 2천만원 (주제별 4개)우수상 : 한국정보통신진흥협회장상, 1천만원(주",2024-08-21 09:50:49.0
컴퓨터정보통신공학과과,2024학년도 2학기 학생건강검진 실시 안내(8/26~9/13),https://ce.jnu.ac.kr/bbs/ce/2114/892736/artclView.do,"보건진료소에서는 학생 개인의 건강관리를 위하고 대학내 감염병 질환을 예방하기 위해 2024학년도 2학기 학생건강검진을 다음과 같이 실시합니다. 1. 실시기간: 2024. 8. 26.(월) ~ 9. 13.(금)2. 시간 및 장소  - 보건진료소(제1학생마루 2층) 09:30~11:30, 13:00~16:30   *2학기 건강검진은 광주캠퍼스만 진행합니다.3. 대상자  - 1학기 건강검진 기간에 수검하지 못한 학생 중 가. 재학생 나. 생활관 입주 희망자 중 건강검진이 필요한 학생4. 검진항목: 기초 체격검사, 혈압, 흉부 X-ray,",2024-08-21 09:37:07.0
컴퓨터정보통신공학과과,23학년도 후기 학위수여식 축하 메시지 및 축하 영상 공모 안내(~8/25),https://ce.jnu.ac.kr/bbs/ce/2114/892732/artclView.do,"대학본부에서 CNU  메타버시티 가상공간 내에 졸업 축하 응원 메시지와 영상을 게시하기 위해 아래와 같이 공모합니다.   참여기간: 2024.8.21.(수) ~ 2024.8.25.(일) 참여대상: 전남대학교 대학(원)생 및 교직원 참여분야: 본인이 직접 제작한 축하메시지(현수막 형식 등), 축하영상(JPG, mp4 등) 참여혜택: 사전 접수한 인원 중 추첨을 통하여 총 25명에게 1만원 상당의 기프티콘 제공   ※ 기프티콘 발송일: 2024.8.28.(수)  ※ 기프티콘 지급방법: 핸드폰으로 발송예정(1인1매 지급, 인원 변",2024-08-21 09:34:55.0
컴퓨터정보통신공학과과,2024학년도 2학기 셔틀버스(광주↔여수캠퍼스) 운행 안내,https://ce.jnu.ac.kr/bbs/ce/2114/892619/artclView.do,"2024학년도 2학기 행정업무 지원을 위한 셔틀버스를 다음과 같이 운행하고자 안내 합니다.가. 운행 목적: 광주 여수캠퍼스 간 학사, 행정업무 지원 및 우편물, 도서 운송 등나. 운행 기간: 2024. 09. 02.(월) ~ 2024. 12. 23.(월) [토, 일, 공휴일 제외]다. 운행 차량: 광주캠퍼스(41인승), 여수캠퍼스(44인승) 대형버스 각 1대라. 운행 현황승차장소운행경로출발시간도착시간비 고광주캠퍼스 용지 삼거리(컨벤션홀 부근 승강장)광주   여수07:1008:50 16:2517:50 13:3015:10※ 매주 금요일",2024-08-20 10:24:03.0
컴퓨터정보통신공학과과,2024학년도 2학기 2차 국가근로장학금 학생 신청 기간 안내(8/14~9/11),https://ce.jnu.ac.kr/bbs/ce/2114/892614/artclView.do,2024학년도 2학기 2차 국가근로장학금 학생 신청 기간을 다음과 같이 안내하오니 해당 학생들의 신청바랍니다. 가. 신청기간: '24. 8. 14.(수) 09:00 ~ 9. 11.(수) 18:00나. 신청자격: 대한민국 국적을 소지한 자 중 대학교에 재학 중인 학생으로 다음의 기본 요건을 충족한 학생 - 성적요건: 직전학기 성적 1.75(70점/100점 만점) 이상 - 학자금 지원구간: 9구간 이하다. 신청방법: 한국장학재단 홈페이지 및 모바일 앱을 이용하여 신청  ※ 상세 신청방법  붙임  참고라. 근로기간: 2024. 9. ~,2024-08-20 10:14:35.0
컴퓨터정보통신공학과과,[LINC3.0사업단] CNU Global-PBL 프로그램 안내(신청:~8/18),https://ce.jnu.ac.kr/bbs/ce/2114/892317/artclView.do,"『3단계 산학연협력 선도대학 육성사업단(LINC 3.0)』에서는 우리 대학 재학생들이 CES 2025 참가를 통한 글로벌 시야 확장 및 기업, 전문가들과의 교류 및 혁신적인 기술과 창의적 문제 해결 능력 향상 등을 위하여 「CNU Global-PBL 프로그램」을 운영하오니 많은 학생들의 참여 바랍니다.1. 사업명: CNU Global-PBL(Practical Business Leadership) 프로그램2. 신청 대상: 전남대학교 LINC 3.0 사업단 참여학과 재학생 5팀(팀당 인원 4명 제한)  ※ 모든 팀원의 소속은 반드시",2024-08-14 14:56:03.0
컴퓨터정보통신공학과과,2024학년도 2학기 국가장학금 2차 신청 안내(8/14~9/11),https://ce.jnu.ac.kr/bbs/ce/2114/892243/artclView.do,"2024학년도 2학기 국가장학금 2차 신청 일정을 다음과 같이 안내하오니 국가장학금 신청바랍니다.가. 신청대상: 재학생*, 복학생, 재입학생, 신입생, 편입생  * 재학생은 국가장학금 1차 신청이 원칙(2차 신청 시 재학 중 2회에 한해서만 수혜 가능)나. 신청기간: '24. 8. 14.(수) ~ 9. 11.(수) 18:00  - 서류제출 및 가구원 정보제공 동의 기간: '24. 8. 14.(수) ~ '24. 9. 19.(목) 18:00  ※ 주말․공휴일 포함 24시간 신청 가능, 마지막 날은 18시 마감  ※ 여수캠퍼스 학생:",2024-08-13 15:48:51.0
컴퓨터정보통신공학과과,제72회 2023학년도 후기(2024년 8월) 학위수여식 안내(학위복 대여: 8/26 9:15~11:50),https://ce.jnu.ac.kr/bbs/ce/2114/892122/artclView.do,"제72회 2023학년도 후기(2024년 8월) 학위수여식을 다음과 같이 실시합니다. 가. 일시 및 장소 1. 일시: 2024. 8. 26.(월) 10:00, 캠퍼스(광주, 여수) 통합 진행 2. 장소: 민주마루 나. 행사방법: 대면행사 및 메타버스 병행 다. 학위수여식 포토존 설치 운영 1. 광주캠퍼스(4곳): 민주마루, 5.18광장, 공과대학(시계탑), 인문대학(인벤) 2. 여수캠퍼스(2곳): 정문, 청경마루 라. 졸업증서, 학위기 및 상장 배부: 학과사무실 배부(공7-226)마. 학위복(학사,석사,박사) 대여  - 대여기간 :",2024-08-12 17:32:43.0
컴퓨터정보통신공학과과,"마이크로디그리 이수증 발급 경로 안내(재학생, 졸업생)",https://ce.jnu.ac.kr/bbs/ce/2114/891954/artclView.do,"우리 대학에서는 특정 학문 분야에서 제시하는 과목군의 최소단위(micro) 학점을 이수하면 이수내역을 인증하는 마이크로디그리를 운영하고 있으며, 이수학점을 모두 취득한 학생에게는 이수증을 발급하고 성적증명서 및 졸업증명서에 기재하고 있습니다. 해당 재학생 및 졸업생은 아래 내용을 참고하여 발급 바랍니다.  가. 재학생    - 발급 경로: 학생 포털 - 학적 - 휴/복학/전공/전과신청 - 디그리신청 - 이수증출력    - 발급 기간: 졸업(매년 2.26./8.26.) 일주일 전부터 가능(매년 2.19./8.19.)    - 학생 본",2024-08-09 10:04:30.0
컴퓨터정보통신공학과과,우리은행 제4회 모의해킹 경진대회 WooriCON 개최 안내,https://ce.jnu.ac.kr/bbs/ce/2114/891775/artclView.do,,2024-08-07 10:44:56.0
컴퓨터정보통신공학과과,[한미교육위원단] 풀브라이트 미국 케네디 센터 공연예술 과학 장학 프로그램 안내,https://ce.jnu.ac.kr/bbs/ce/2114/891734/artclView.do,"한미교육위원단에서 아래와 같이 풀브라이트 미국 케네디 센터 공연예술 과학 장학 프로그램 안내드립니다.가. 선발 대상: 공연예술 또는 과학 분야 전문가로서 활발히 연구 및 활동 중이며 예술, 과학, 환경, 웰빙의 융복합 분야에 관심이 있는 지원자나. 지원 사업 1) 워싱턴 D.C. 소재의 국립 공연 예술 기관인 케네디 센터의 국제 프로그램 및 예술과 웰빙 부서에 소속돼 공연 예술, 과학 및 웰빙의 교차점에 초점을 둔 프로젝트 개발 2) 케네디 센터에 상주하며 다양한 관계자와 교류하며 연구 및 활동에 참여다. 지원 기간: 2025년 9",2024-08-06 16:58:31.0
컴퓨터정보통신공학과과,[차세대통신혁신융합대학사업] 실험실 연계 소그룹 지원 공모 안내(접수: ~8/23 15:00),https://ce.jnu.ac.kr/bbs/ce/2114/891611/artclView.do,"전남대학교 차세대통신혁신융합대학사업단에서는 차세대통신 분야 혁신 인재 양성 및 역량 제고를 위한 비교과(Skill-up) 과정의 일환으로 실험실 연계 소그룹 구성   개발활동 지원을 다음과 같이 공모합니다.- 다        음 -1. 사업개요  가. 사 업 명: 차세대통신 실험실 연계 소그룹 운영 및 지원  나. 공고기간: 2024. 8. 1.(금) ~ 2024. 8. 13.(화)  다. 지원대상: 차세대통신혁신융합대학사업단 *참여학과 실험실 소속 교수 및 학부 재학생    *전자컴퓨터공학부, 컴퓨터정보통신공학과, 전자공학과, 소",2024-08-05 09:42:39.0
컴퓨터정보통신공학과과,2024학년도 2학기 등록금재원 교내 장학금 관련 마일리지 점수 확인(~8/5 14:00),https://ce.jnu.ac.kr/bbs/ce/2114/891563/artclView.do,"1. 확인 기간 : 2024년 8월 2일(금) ~ 5일(월) 14:00 2. 확인 방법 : 학과학생마일리지사이트(http://ecescholarship.kr) ▶ 로그인(ID: 학번, 초기PW: 학번) ▶ 본인 마일리지 점수 확인 3. 문의사항 : 062)530-1751 (컴퓨터정보통신공학과)4. 학과학생 마일리지  장학 사이트 내 학과학생 마일리지실제 반영 학생 마일리지학부학생 마일리지 점수(1000점) 총점(1000점) : 0 점 자기계발활동 기록부 점수(500점) : 점 학부학생 마일리지 점수(500점) : 0 점   학부학생",2024-08-02 09:25:00.0
컴퓨터정보통신공학과과,[차세대통신혁신융합대학사업] 2024학년도 2학기 캡스톤디자인 과제 지원 공모 안내,https://ce.jnu.ac.kr/bbs/ce/2114/891502/artclView.do,차세대통신혁신융합대학사업단에서는 차세대통신 분야 창의적 종합설계 능력을 갖춘 인재 양성을 위해 다음과 같이 2024학년도 2학기 캡스톤디자인 과제 지원을 공모하     하오니 많은 관심과 신청 바랍니다.- 다      음 -가. 공모 및 지원 개요 1) 공모 대상: 2024학년도 2학기 차세대통신혁신융합대학사업 6개 참여학과 캡스톤디자인 교과목 수강생 2) 과제 유형 및 팀 구성 요건연번유형내용팀 구성 요건1일반형차세대통신 분야 관련 문제를 해결하는 과제지도교수 + 학부생2산업체 연계형(We-Meet Project)차세대통신 분야,2024-08-01 09:11:49.0
컴퓨터정보통신공학과과,[공학교육혁신센터] 2024 에너지-AI 연계 프로젝트 설계 및 개발 실습기초 중장기과정(2차) 모집 안내(8/1~9),https://ce.jnu.ac.kr/bbs/ce/2114/891411/artclView.do,"공학교육혁신센터에서는 소재에 대한 이해와 AI기술 응용을 아우르는 융합형 인력을 양성하기 위한 목표로 다음과 같이 『에너지-AI 연계 프로젝트 설계 및 개발 실습기초 중장기과정(2차)』를 운영하고자 합니다.- 다  음 -가. 교 육 명: 딥러닝, AI 언어모델 및 ChatGPT 활용 AI 서비스 구현하기 교육나. 교육일시: 2024.8.19~20(월~화), 22~23(목~금), 26~27(월~화), 9:30~18:00 (총45H)다. 교육장소: 온라인(실시간 Zoom수업, 강의녹화영상 제공)라. 모집인원: 총 20명 내외마. 신청기",2024-07-30 16:08:14.0
컴퓨터정보통신공학과과,2024년도 2학기 2~4학년 수강신청 안내(대체신청: 9/2~4),https://ce.jnu.ac.kr/bbs/ce/2114/891301/artclView.do,2024년도 2학기 2~4학년 수강신청 안내 ❏ 수강신청 방법수강신청 방법전남대학교 포털(http://portal.jnu.ac.kr) ➔ 로그인 ➔ 교육지원 ➔ 내학사행정 ➔ 수업 ➔ 수강신청 ➔ 수강신청(학부) 또는 수강신청(간편) ❏ 수강신청 일정구  분기  간시  간비  고수강신청 테스트7월 29일(월)10:00~18:00- 수강희망과목 예약 테스트7월 30일(화)10:00~18:00- 수강신청 테스트※ 테스트 종료 후 신청내역 일괄 삭제수강희망과목 예약8월 1일(목) ~ 8월 2일(금)10:00~18:00- 포털 로그인 ➔,2024-07-29 11:30:24.0
컴퓨터정보통신공학과과,제5회 오아시스 해커톤 안내(모집: ~8/9),https://ce.jnu.ac.kr/bbs/ce/2114/891241/artclView.do,,2024-07-26 18:00:58.0
컴퓨터정보통신공학과과,친환경 에너지향 융복합 반도체 회로 부품 및 친환경 모빌리티 시스템 분야 취업 로드맵 프로그램 교육생 모집(~8/25),https://ce.jnu.ac.kr/bbs/ce/2114/891111/artclView.do,"친환경 에너지향 반도체 시스템 분야 전문 인력 양성을 위하여 친환경 에너지향 반도체 회로 및 기업체 멘토링 특강에 참여할 학생을 모집합니다. 1. 교육 대상전남대학교 전자공학과, 컴퓨터정보통신공학과, 전자컴퓨터공학부, 전자통신공학과, 목포대학교 정보전자공학과 대학(원) 재학생, 휴학생 2. 교육 개요 가. 교육 내용 : 친환경 에너지향 반도체 회로 교육 및 한국전력공사 현직자 취업 멘토링 나. 교육 일시 : 2024년 8월 26일 월요일 14:00 ~ 17:00  다. 교육 장소 : 전남대학교 공과대학 6호관 720호 라. 교육 개",2024-07-25 17:32:42.0
컴퓨터정보통신공학과과,2024학년도 2학기 대학 간 학점교류 교과목 수강생 모집 안내,https://ce.jnu.ac.kr/bbs/ce/2114/891040/artclView.do,"대학 간 학점교류 교과목 운영을 통해 대학 교육의 질을 제고하고 학생들의 학습 선택권을 확대하고자 2024학년도 2학기 거점 국립대학 원격수업 학점교류 및 광주전남권역 대학 간 학점교류를 아래와 같이 안내하오니 관심 있는 학생의 수강 바랍니다. 2024학년도 2학기 대학 간 학점교류 수강생 모집 안내    1. 거점 국립대학 원격수업 학점교류가. 참여대학: 10개 거점 국립대학** 전남대, 강원대, 경북대, 경상대, 부산대, 서울대, 전북대, 제주대, 충남대, 충북대나. 개설 교과목: 【붙임2】참조다. 수강정원: 과목당 20명 이내",2024-07-24 17:19:47.0
컴퓨터정보통신공학과과,2024학년도 2학기 수강신청 시행 계획 안내,https://ce.jnu.ac.kr/bbs/ce/2114/891039/artclView.do,업무내용기간시간대상내용수강인원 조정 24.7.24.(수)~7.26.(금)09:00～18:00 전공: 강좌 주관학과 교양: 강좌 협력학과 학년별 수강인원 관리 자과/타과/부전공 수강인원 조정 분반정보의 사무실 번호 입력수강신청테스트 24.7.29.(월)10:00~18:00 학부 전 학년 공통 수강희망과목 예약 테스트 24.7.30.(화)10:00～18:00 수강신청 테스트※ 테스트 종료 후 신청 내역 일괄 삭제수강희망과목예약 신청'24.8.1.(목)~8.2.(금)10:00～18:00 학부 전 학년 공통 학부생만 해당,2024-07-24 17:15:59.0
컴퓨터정보통신공학과과,[반도체설계교육센터] 스마트 전자 회로 설계 챌린지 안내(접수: ~7/31),https://ce.jnu.ac.kr/bbs/ce/2114/891036/artclView.do,,2024-07-24 17:13:55.0
컴퓨터정보통신공학과과,2024년 상반기 3차 도전장학(미래) 선발 계획 안내(신청: ~7/25),https://ce.jnu.ac.kr/bbs/ce/2114/890725/artclView.do,"「2024년 상반기 3차 도전장학(미래) 선발 계획」을 다음과 같이 공고하오니 우수한 인재들의 많은 신청 바랍니다.1. 장학생 선발 가. 자격: 2024년 8월 학사과정 졸업자로서 2024학년도 후기 일반전형 및 학 석사연계과정에 지원하여 우리 대학교 일반대학원에 진학한 자    ※ 직전학기 성적 평균평점 2.5이상 (전남대학교 장학규정 제3조(장학생의 자격)) 나. 장학금: 인문사회계열 1,700천원, 자연예체능계열 2,300천원   ※ 단, 지원액은 가용예산 범위에 따라 다소 변동 가능함 다. 제출서류대상제출 서류제출 기한제출",2024-07-22 10:07:07.0
컴퓨터정보통신공학과과,"2024년도 전기설비 안전진단에 따른 정전 안내(용봉(7/27), 첨단, 학동, 화순캠퍼스)",https://ce.jnu.ac.kr/bbs/ce/2114/890724/artclView.do,"우리 대학 자가용 전기설비 안전진단 관련하여 아래와 같이 정전 일정을 안내하오니, 참고하시기 바랍니다. 가. 정전일시 및 대상점검일정전 캠퍼스정전 사유정전시간7.6.(토)첨 단고압/저압설비안전진단09:00~13:00 (4시간)7.13.(토)학 동고압/저압설비안전진단09:00~13:00 (4시간)화 순7.27.(토)용 봉고압/저압설비안전진단09:00~13:00 (4시간)용봉캠퍼스 전체정전13:00~18:00 (5시간)건물별 부분정전나. 현장감독: 본부 시설과 김정훈(☏1222)다. 협조사항  1) 실험장비, 승강기 및 전산장비 등 각",2024-07-22 10:04:37.0
컴퓨터정보통신공학과과,2024학년도 2학기 공학교육인증프로그램 취소 신청서 제출 안내(8/19~9/6 14:00),https://ce.jnu.ac.kr/bbs/ce/2114/890720/artclView.do,"2024학년도 2학기 공학교육인증프로그램 취소 신청서 제출 안내드립니다.[일반공학프로그램 및 공학교육인증프로그램 간 전환 신청]1. 취소 신청 안내대상자 4학기 교육과정 이수학생 중 5학기 ~ 8학기 수강신청 대상 학생 신청기간  2024. 8. 19.(월) ~  9. 6.(금) 14:00제출서류 (붙임1)일반공학프로그램 신청서 1부제출방법 학과사무실(공7-226) 방문 제출취소시 변경사항(아래 표 확인) - 교양 영역(인간과사회, 창의, 감성, 공동체) 별 자유교과목 선택 수강 가능 - 전공 이수 학점(76학점   69학점) 변경",2024-07-22 09:52:50.0
컴퓨터정보통신공학과과,2024학년도 2학기 우선 선발 장학 대상자 증빙 서류 제출(~7/12 17:00),https://ce.jnu.ac.kr/bbs/ce/2114/882686/artclView.do,2024학년도 2학기 재학생 등록금 감면 우선 선발 장학생을 선발하고자  장학 대상자는 명단[붙임1] 및 증빙서류를 2024. 7. 12.(금)까지 제출하여 주시기 바랍니다.  제출 기한: ~7월12일(금) 17:00  제출 방법: 학과사무실(공7-225) 방문 제출(담당자: 오경아 선생님)  법정장학   복지장학   특별장학 수혜자격 및 증빙서류 구 분수혜자격증빙 서류장학금비고국가유공장학(법정장학) 독립유공자예우에 관한 법률 등 관련 법령에 따른 법정 장학 대상자 중 직전 학기 평균평점이 1.75(실점 70점) 이상인 자※ 국가,2024-07-05 17:50:48.0
컴퓨터정보통신공학과과,[글로벌교육원] 2024년 특수외국어 배워보기 후속 연계 강좌 안내(신청: ~7/7),https://ce.jnu.ac.kr/bbs/ce/2114/882395/artclView.do,"글로벌교육원에서는 한국외대 특수외국어교육진흥원과 협력하여, 우리 대학 구성원의 특수외국어교육 학습 진흥을 위한 컨소시엄을 운영하고 있습니다. 이와 관련하여  특수외국어 배워보기 후속 연계강좌 를 아래와 같이 안내하오니, 각 학과(부)에서는 특수외국어 학습에 관심있는 학생의 참여 바랍니다.강좌명대상 언어주차비고특수외국어 배워보기 후속 연계  한걸음 더  배워보기16개 특수외국어(네덜란드어, 라오스어, 몽골어, 스와힐리어, 스웨덴어, 우즈베크어, 이란어, 이탈리아어, 인도네이사어 말레이시아어, 카자흐어, 태국어, 튀르키예어, 포르투갈어",2024-07-04 09:56:17.0
컴퓨터정보통신공학과과,2024년 하반기 국내과정 ICT학점연계 프로젝트 인턴십 학생 지원 안내(신청: ~7/9 15:00),https://ce.jnu.ac.kr/bbs/ce/2114/882393/artclView.do,4차 산업시대 ICT 핵심기술분야 인재 양성과 우리 대학생의 경쟁력강화를 위해 아래와 같이 정보통신기획평가원 주관 ICT학점연계 프로젝트 인턴십에 참여를 원하는 학생은 2024. 07. 09.(화) 15시까지 지원하여 주시기 바랍니다.가. 프로그램명: 2024년 하반기 국내과정 ICT학점연계 프로젝트 인턴십나. 추천인원: 제한없음다. 주요일정일정내용 24.6.21.(금)~ 24.7.09.(화)15시추천학생 희망기업 서류 홈페이지 지원 24.7.10.(수)~ 24.7.11.(목)신청학생 온라인 코딩테스트 24.7.12.(금)~ 24.,2024-07-04 09:48:11.0
컴퓨터정보통신공학과과,[공학교육혁신센터] 2024 학생포트폴리오 경진대회 개최 안내(신청: 7/15~8/5),https://ce.jnu.ac.kr/bbs/ce/2114/882392/artclView.do,공학교육혁신센터에서는 학생들에게 향후 취업 및 진학 인터뷰 시에 유용하게 활용될 수 있는 개인 포트폴리오 작성의 기회를 제공하여 적극적인 자기 계발 및 커리어 관리를 유도하고자 다음과 같이 『2024 학생포트폴리오 경진대회』을 실시하고자 합니다. 관심 있는 학생들의 참여 바랍니다. - 다 음 - 가. 명    칭: 2024 학생 포트폴리오 경진대회나. 신청기간: 2024.07.15.(월) 9시 ~ 2024.08.05.(월) 17시다. 심사일자: 2024.08.13.(화)(예정)라. 참가자격: 공고일 현재 공과대학 및 공학대학 재학생,2024-07-04 09:44:20.0
컴퓨터정보통신공학과과,2024학년도 2학기 모집단위간이동(전과) 신청 안내(7/10~12),https://ce.jnu.ac.kr/bbs/ce/2114/882116/artclView.do,2024학년도 2학기 모집단위간이동(전과)를 다음과 같이 실시하오니 해당 기간 내 신청하기 바랍니다.  1. 주요 일정구분일정비고공고2024. 6. 28.(금)홈페이지원서 접수2024. 7. 10.(수) ~ 7. 12.(금)포털 신청전출 승인2024. 7. 17.(수)학과(부) 및 대학전출 합격자 발표2024. 7. 19.(금)홈페이지전입 대상자 사정 및 선발2024. 7. 22.(월) ~ 7. 24.(수)학과전과 합격자 발표2024. 7. 31.(수)홈페이지2. 지원자격  가. 지원서 접수일 기준 현재 소속 학과(부) 또는 전공의,2024-07-01 16:06:19.0
컴퓨터정보통신공학과과,[한국과학기술정보연구원(KISTI)]2024년 연구데이터 분석활용 경진대회 안내(접수: ~7/8~29),https://ce.jnu.ac.kr/bbs/ce/2114/882009/artclView.do,,2024-06-28 16:32:05.0
컴퓨터정보통신공학과과,[공학교육혁신센터] 2024 에너지-AI 연계 프로젝트 설계 및 개발 실습기초 중장기과정 모집 안내(신청: 7/15~19 17:00),https://ce.jnu.ac.kr/bbs/ce/2114/881959/artclView.do,공학교육혁신센터에서는 소재에 대한 이해와 AI기술 응용을 아우르는 융합형 인력을 양성하기 위한 목표로『에너지-AI 연계 프로젝트 설계 및 개발 실습기초 중장기과정』을 운영하고자 합니다.가. 교 육 명: 파이썬 기반 신재생에너지를 활용한 인공지능 모델 만들기 교육나. 교육일시(총45H):   (사전교육) 2024. 7.29.(월) ~ 2024. 8. 2.(금) 중 LMS 자율수강(총5시간)  (대면교육) 2024. 8. 5.(월) ~ 2024. 8. 9.(금)(총40시간)다. 교육장소: 소재컨소시엄 LMS 및 전남대학교 광주캠퍼스 공,2024-06-28 13:21:43.0
컴퓨터정보통신공학과과,[공학교육혁신센터] 2024 공학기초능력 배양 교육프로그램 참가자 모집 안내(신청: ~7/5 17:00),https://ce.jnu.ac.kr/bbs/ce/2114/881956/artclView.do,공학교육혁신센터에서는 공학계열 공통 교과목들에 대한 자기주도적 학습 기회를 제공하여 전공 전문성 및 학업 성취도 향상에 도움을 주고자『공학기초능력 배양 교육프로그램』을 실시하고자 합니다. 가. 명    칭: 2024 공학기초능력 배양 프로그램나. 모집인원: 분반별 20명 내외다. 교육일시:  - 기초물리: 2024. 7. 22.(월) 13:00 ~ 2024. 7. 26.(금) 18:00(25시간)  - 기초수학: 2024. 7. 22.(월) 13:00 ~ 2024. 7. 26.(금) 18:00(25시간)  - 기초수학: 2024.,2024-06-28 13:18:34.0
컴퓨터정보통신공학과과,2024학년도 제2학기 등록 안내(8/20~23 16:00),https://ce.jnu.ac.kr/bbs/ce/2114/881906/artclView.do,"2024학년도 제2학기 등록금 납부를 다음과 같이 공고하니 등록에 차질 없으시기 바랍니다. 1. 기 간 : 2024. 8. 20.(화) ~ 8. 23.(금) 16:00까지 [4일간]2. 장 소 : 광주은행, 농협(지역농협 포함), 국민은행, 신한은행 전국 본 지점3. 등록금 분할납부 방법 가. 신청대상: 경제사정으로 정해진 기간내에 등록금 전액 납부가 어려워 분할납부하고자 하는 학생                     [신청제외자: 학부 및 대학원 신입생, 전액 장학금 수혜자, 미등록 휴학예정자, 수업연한초과자] 나. 신청기간 :",2024-06-28 10:05:24.0
컴퓨터정보통신공학과과,"2024학년도 2학기 부·복수(연계)·융합전공, 마이크로디그리 취소 및 이수자 신청 안내( 24.7.2. 업데이트)",https://ce.jnu.ac.kr/bbs/ce/2114/881596/artclView.do,"2024.7.2. 업데이트 사항  ▶ (붙임3)마이크로디그리 개설 현황 추가  - 추가 내용 : 신규 마이크로디그리 13건2024학년도 2학기 부 복수(연계) 융합전공 취소 신청 및 이수자 선발을 아래와 같이 실시하오니 해당 일정에 따라 신청하시기 바랍니다. 1. 허용 학과(부) 및 전공 가. 복수전공 및 부전공: 간호대학, 수의과대학, 약학대학, 예술대학(디자인학과 및 미술학과 제외), 의과대학, 치의학전문대학원 학 석사통합과정, 자율전공학부를 제외한 전 학과(부) 나. 융합복수전공: 로봇공학융합전공, 미래에너지공학융합전공,",2024-06-25 11:02:08.0
컴퓨터정보통신공학과과,2024년 하계방학 사이버보안 직무 교육과정 신청 안내,https://ce.jnu.ac.kr/bbs/ce/2114/881117/artclView.do,"국가과학기술인력개발원과 한국인터넷진흥원에서 공동 운영하는  2024년 하계방학 사이버보안 직무 교육과정 에 대해 안내드리오니, 관심있는 학생들이 참여 바랍니다.------------------------------------------------------------------------------------------○ 과정명 : 2024년 하계방학 사이버보안 직무 교육과정○ 대상 : 호남권 정보보호 특성화 대학(전남대학교) 재학생 40명 내외○ 기간 : (기초) 2024. 06. 24. (월) ~ 06. 27.(목) / 집합 4",2024-06-19 13:49:22.0
컴퓨터정보통신공학과과,[마감]2024년도 외국어 시험 응시료 지원 신청(상시) 안내(예산 소진 시까지),https://ce.jnu.ac.kr/bbs/ce/2114/881065/artclView.do,2024년도 외국어 시험 응시료 지원(상시)을 아래와 같이 시행하오니 많은 신청바랍니다. 2024년도 외국어 시험 응시료 지원(상시) 신청 안내신청 기간상시 접수(예산 소진 시까지)신청 방법학과사무실(공7-226) 방문 제출제출 서류#9312; (붙임 1) 신청서 1부.#9313; 응시료 결제 영수증 1부.#9314; 외국어 시험 성적증명서 1부.#9315; 본인 명의 통장 사본 1부.  (붙임 1) 신청서 내 본인 서명 필수  결제 영수증 출력은 각 시험 관련 홈페이지에서  영수증 출력  또는  결제내역확인  등에서 출력 가능지원,2024-06-18 17:03:27.0
컴퓨터정보통신공학과과,[마감]2024년도 전공 관련 기사 자격증 응시료 지원 신청(상시) 안내(예산 소진시 까지),https://ce.jnu.ac.kr/bbs/ce/2114/881064/artclView.do,"2024년도 전공 관련 기사 자격증 응시료 지원(상시)을 아래와 같이 시행하오니 많은 신청바랍니다.      2024년도 전공 관련 기사 자격증 응시료 지원(상시) 신청 안내신청 기한상시 접수(예산 소진 시까지)신청 방법학과사무실(공7-226) 접수제출 서류#9312; (붙임 1) 신청서 1부.#9313; 국가기술자격증 사본 1부.#9314; 응시료 결제 영수증 또는 검정 수수료 납부 확인서 각 1부(필기, 실기 모두).#9315; 본인 명의 통장 사본 1부.  (붙임 1) 신청서 내 본인 서명 필수  결제 영수증 출력은 각 시험",2024-06-18 17:02:07.0
컴퓨터정보통신공학과과,[반도체개발지능화센터] 친환경 에너지향 반도체 소자 및 모빌리티 응용 부품 설계 교육생 모집 안내(~6/24),https://ce.jnu.ac.kr/bbs/ce/2114/880937/artclView.do,"친환경 에너지향 반도체 시스템 분야 전문 인력 양성을 위하여 기업 DB하이텍의 소자 및 모빌리티 응용 부품 설계 교육에 참여할 학생을 모집합니다. 1. 교육 대상  전남대학교 전자공학과, 컴퓨터정보통신공학과, 전자컴퓨터공학부, 전자통신공학과, 목포대학교 정보전자공학과 대학(원) 재학생, 휴학생 2. 교육 개요 가. 교육 내용 : 반도체 테스트 특강 및 반도체 DB하이텍 현직자 취업 멘토링 나. 교육 일시 : 2024년 6월 25일 화요일 15:00 ~ 17:00  다. 교육 장소 : 전남대학교 공과대학 6호관 105호 라. 교육 개",2024-06-17 16:26:19.0
컴퓨터정보통신공학과과,2024학년도 제2학기 휴학·복학 안내,https://ce.jnu.ac.kr/bbs/ce/2114/880884/artclView.do,1. 신청기간 가. 휴학휴학 종류신청 기간대상자일반휴학(등록)2024. 8. 20.(화) ~ 10. 30.(수)  등록금 납부 후 휴학을 원하는 자일반휴학(미등록)2024. 8. 20.(화) ~ 8. 23.(금)  등록금 납부하지 않고 휴학을 원하는 자※ 등록 기간 내에만 휴학 신청 가능휴학연장2024. 8. 20.(화) ~ 8. 23.(금)  휴학 만료일이 2024. 8. 31.까지인 자군휴학(복무신고)입영일 한 달 전 ~ 입영일  학기 중에 군입대하는 학생 중 미등록으로 군휴학을 원하는 자는 일반휴학(미등록) 신청 승인 후 복무,2024-06-17 11:44:09.0
컴퓨터정보통신공학과과,2023학년도 후기(2024년 8월) 학부 졸업(수료)대상자 유보 신청 안내(6/24~7/5),https://ce.jnu.ac.kr/bbs/ce/2114/880714/artclView.do,"2023학년도 후기(2024년 8월) 학부 졸업(수료) 대상자 중 2024학년도 2학기 학적사항을 ""재학""으로 유지하고자 희망하는 학생은, 졸업(수료) 유보를 신청하기 바랍니다. 1. 신청기간 : 2024. 6. 24.(월) ~ 2024. 7. 5.(금) 18:00까지 (추가 신청 기간 없음)2. 신청방법 : 전남대학교 포털사이트(http://arsam.jnu.ac.kr/)   교육지원   내 학사업무   등록   학부 졸업(수료)유보 선택3. 졸업(수료) 유보 고지서 출력(학생 개별 출력) :포털   등록   학부 졸업(수료)유보",2024-06-14 14:17:31.0
컴퓨터정보통신공학과과,2024학년도 하계 계절학기 수강취소 기간 및 방법 안내,https://ce.jnu.ac.kr/bbs/ce/2114/880641/artclView.do,2024학년도 하계 계절학기 수강취소에 관한 사항을 다음과 같이 안내합니다. 1. 취소기간구분수강취소 기간환불금액취소 방법개강 전수강취소2024. 6. 13.(목) 09:00～2024. 6. 14.(금) 18:00전액학생포털을 이용하여 학생 본인이 직접 전산 취소개강 후수강취소2024. 6. 28.(금) 09:00~ 2024. 7. 5.(금) 18:00수강료의 2/3환불2024. 7. 6.(토) 09:00～ 2024. 7. 9.(화) 18:00수강료의 1/2환불2024. 7. 9.(화) 18:00 이후 수강취소 및 환불 불가2. 수,2024-06-14 09:35:26.0
컴퓨터정보통신공학과과,2024년 Power Engineer School Summer Camp(30기) 참가 대학생 신청 안내(~7/5 13:00),https://ce.jnu.ac.kr/bbs/ce/2114/880619/artclView.do,"한국전력기술(주) 인재개발교육원에서 실시하는 Power Engineer School Summer Camp(제30기)를 붙임과 같이 알려드리오니 참여가능한 학생은 2024. 7. 5.(금) 13:00까지 신청 바랍니다. 가. 교육기간: 2024. 8. 20.(화) ~ 8. 23.(금), 3박 4일나. 교육방법: 한국전력기술 본사(경북 김천)다. 교육과목: 원자력발전설계 및 신재생/복합화력발전 설계 등(붙임1 참조)라. 추천기준 - 학년: 3~4학년 재학생 - 학점: 전 학기까지 100점 환산 80점 이상인 학생 - 기타: 캠프 기 참",2024-06-13 18:07:03.0
컴퓨터정보통신공학과과,2024학년도 2학기 등록금재원 교내 장학금 신청 안내(6/17~7/25),https://ce.jnu.ac.kr/bbs/ce/2114/880521/artclView.do,"2024학년도 2학기 등록금재원 교내 장학금 신청 관련 사항을 안내하오니 장학 기본 충족 사항 및 신청 방법을 확인 후, 기간 내 많은 신청 바랍니다.  1. 신청 대상 : 2024학년도 1학기 이수자 ( 컴퓨터정보통신공학과 ) 2. 신청 기간 : 2024. 6. 17.(월) ~ 2024. 7. 25.(목) 15:00 [6주간] 3. 장학 기본 충족 사항  : 아래 사항을 만족하는 학생들을 마일리지 순으로 장학금 지급  ▸ 직전학기 평균평점 2.5 이상인 자  ▸ 해당학년 전공 9학점 이상 또는 3과목 이상 이수한 자(※ 합불제(S",2024-06-13 09:51:08.0
컴퓨터정보통신공학과과,2024학년도 2학기 학·석사학위연계과정 및 학·석박사학위통합연계과정자 모집 안내(~7/12),https://ce.jnu.ac.kr/bbs/ce/2114/880430/artclView.do,"2024학년도 2학기 학 석사학위연계과정 및 학 석박사학위통합연계과정자 모집을 안내하오니 많은 신청바랍니다.1. 학 석사학위연계과정 및 학 석박사학위통합연계과정  : 전남대학교 학칙 제19조 제5항에 의거 학사학위과정과 대학원 교과과정을 상호 연계하여 졸업(수료)학점을 취득함으로써 학사 및 대학원 수업연한을 단축하여 학사학위와 대학원 학위 취득이 가능한 학사제도 2. 모집학과 : 전 학과(의학과, 수의학과 제외) 3. 지원자격 및 특전사항구 분주 요 내 용지원자격□ 지원가능학과 : 학부과정의 주(복수)전공에 해당하는 대학원 학과(전",2024-06-12 14:04:44.0
컴퓨터정보통신공학과과,2024학년도 1학기 응원장학생 선발 안내(접수: 6/20~27),https://ce.jnu.ac.kr/bbs/ce/2114/880313/artclView.do,"2024학년도 1학기 응원장학생을 다음과 같이 선발할 예정이오니, 많은 학생들의 지원 바랍니다.가. 지원대상: 학부 재학생 중 가계곤란 등의 사유로 등록금 지원이 필요한 자 - 소득분위 0~1분위: 국가장학금 지원 자격 미달*로 장학금 지원을 받지 못한 경우  * 성적 조건 미충족, 국가장학금 수혜횟수(8회) 초과자 - 최근 1년 이내 부모의 폐업, 실직 등으로 인한 긴급 가계곤란 사유가 발생한 경우나. 지원규모: 가계곤란 정도에 따라 예산 범위 내에서 차등 지원가계곤란 정도장학명장학금액비 고상응원장학1등록금 전액(수업료1+수업료2",2024-06-11 17:40:43.0
컴퓨터정보통신공학과과,2024학년도 하계방학 셔틀버스(광주↔여수캠퍼스) 운행 안내(6.26.~8.30),https://ce.jnu.ac.kr/bbs/ce/2114/880165/artclView.do,"2024학년도 하계방학 셔틀버스를 다음과 같이 운행하고자 합니다.가. 운행 목적: 광주 여수캠퍼스 간 행정업무 지원 및 우편물, 도서 운송 등나. 운행 기간: 2024. 06. 25.(화) ~ 2024. 08. 30.(금) [월, 화, 목, 금 운행하고, 수, 토, 일, 공휴일 미운행]다. 운행 차량: 광주캠퍼스(41인승), 여수캠퍼스(44인승) 대형버스 각 1대라. 운행 현황운행경로운행요일승차장소출발시간도착시간비 고광주   여수월, 금광주캠퍼스 용지 삼거리10:0011:30 여수캠퍼스 로터리16:0017:30 여수   광주화, 목",2024-06-11 10:40:29.0
컴퓨터정보통신공학과과,2024학년도 1학기 기말고사 응원  이천원의 저녁밥  제공 안내(6/10~21)(이용 시간 변경),https://ce.jnu.ac.kr/bbs/ce/2114/879873/artclView.do,"2024.6.7. 업데이트 사항   ▶ 이용 시간 변경  - 변경 전 : 햇들마루 17:00 ~ 19:00(월~금)  - 변경 후 : 햇들마루 17:30 ~ 19:00(월~금)2024학년도 1학기 기말고사 기간  천원의 아침밥 과 함께 석식을 제공하여 학생들의 건강을 증진하고, 학업에 전념할수 있도록  이천원의 저녁밥  사업을 시행하오니 학생 여러분께서는 많이 이용해 주시기 바랍니다. 1. 제공기간: 2024. 6. 10.(월) ~ 6. 21.(금)2. 이용시간 :   - 제1학생마루 17:00 ~ 19:00(월~금요일)  -",2024-06-05 09:58:58.0
컴퓨터정보통신공학과과,언어교육원 CLS 한국어 프로그램 홈비지트 모집 안내(~6/10 12:00),https://ce.jnu.ac.kr/bbs/ce/2114/879547/artclView.do,"언어교육원에서 미국 국무부가 선발한 미국 대학 및 대학원생에게 8주 동안 한국어 및 한국 문화를 교육하는 CLS(Critical Language Scholarship) 한국어 프로그램을 운영할 예정입니다. 프로그램 참가자와 한국 가족과의 교류와 한국 가정 문화 체험 기회를 제공하고자 아래와 같이 홈비지트 참가 가정을 모집합니다. 1. 지원 자격: 광주 및 전남 내 거주하는 한국 가정(1인 가구 포함)으로 가족 구성원 모두 인종, 종교, 이문화에 대한 편견이 없고 호스트로서 긍정적인 마인드를 가진 가정2. 모집 인원: 최대 25가정",2024-05-31 09:18:42.0
컴퓨터정보통신공학과과,2024학년도「푸른등대 NH농협은행 대학생 재능봉사 캠프」멘토(팀) 모집 안내(~6/4),https://ce.jnu.ac.kr/bbs/ce/2114/878910/artclView.do,"한국장학재단에서 시행하는 『푸른등대 NH농협은행 대학생 재능봉사 캠프』를 다음과 같이 안내해 드리오니 학생들의 참여 바랍니다.가. 모집 안내 □ 모집 기간: 2024. 5. 21.(화) ~ 6. 4.(화) 18:00까지 □ 신청 자격: 모집 공고문(붙임1) 참고 □ 지원내용: 활동지원금(1인당 70만 원), 장학금(1인당 최대 150만 원), 활동 확인서 □ 신청 방법: 참여 희망 대학생이 자율적으로 팀을 구성하여 온라인 신청(재단 누리집)【멘토(팀) 참여신청 절차】#9312; 재단 누리집을 통해 온라인 참여 신청* ☞ 팀원 전원",2024-05-22 16:21:25.0
컴퓨터정보통신공학과과,2024년도 한국원자력연구원 냉중성자 여름학교 안내(신청: ~6/21),https://ce.jnu.ac.kr/bbs/ce/2114/878670/artclView.do,"한국원자력연구원 원자력교육센터에서는  중성자 소각산란/반사율 실험 및 분석 을 주제로 한 2024년도 냉중성자 여름학교를 다음과 같이 안내하오니 많은 참여 바랍니다.가. 교 육 명: 2024년도 냉중성자 여름학교나. 교육기간: 2024. 8. 6(화) ~ 8. 7(수)다. 모집인원: 30명  ※ 원활한 교육을 위해 30명 내외 선착순 마감. 단, 적정인원초과 시 동일기관 또는 연구실 내 2명 내외 인원 제한  ※ 대학생의 경우 필요 시 온라인 교육(별도 안내) 사전 수료 필수라. 교육비 : 무료(점심식사 제공)  ※ 숙식은 본인이",2024-05-21 10:00:04.0
컴퓨터정보통신공학과과,2024학년도 하계 계절학기 제주대학교 교류수학 허가자 안내(수강신청: 5/22~24),https://ce.jnu.ac.kr/bbs/ce/2114/878667/artclView.do,"2024학년도 하계 계절학기 제주대학교 교류수학 허가자 명단을 붙임과 같이 알려드리니, 제주대학교 학사일정에 따라 수학하시기 바랍니다.  ◎ 수업기간 : 2024. 7. 1.(월) ~ 2024. 7. 19.(금)  ◎ 수강신청기간 : 2024. 5. 22.(수) 10:00 ~ 5. 24.(금) 17:00 (선착순마감) ◎ 수강신청방법    제주대학교 수강신청시스템 (http://sugang.jejunu.ac.kr(클릭))   아래 빨강색 비밀번호 초기화클릭   본인 핸드폰 선택   로그인   수강신청   ※ ID : 제주대학교에서",2024-05-21 09:56:59.0
컴퓨터정보통신공학과과,2024학년도 언어교육원 재학생 참여 프로모션 개최 안내(5/23 10:00~15:00),https://ce.jnu.ac.kr/bbs/ce/2114/878662/artclView.do,우리 대학 재학생들의 영어학습 의욕을 고취시키고 2024학년도 외국어강좌를 홍보하기 위하여 재학생 참여 프로모션 행사를 진행하고자 합니다. 관심 있는 학생들의 참여 바랍니다. 가. 시간: 2024. 5. 23.(목) 10:00 ~ 15:00나. 대상: 전남대학교 학생 전체다. 장소: 백도 앞 잔디밭라. 주요 프로그램  - 포토부스  인생 네 컷  운영  - (무료) 음료 이벤트 진행  - (무료) 원어민 강사 영어회화 레벨테스트 실시,2024-05-21 09:48:48.0
컴퓨터정보통신공학과과,2024년도 롯데장학재단 제6기 취업준비생 장학금 신청 안내(~5/31),https://ce.jnu.ac.kr/bbs/ce/2114/878569/artclView.do,"2024년도 롯데장학재단 제6기 취업준비생 장학금 신청에 대해 다음과 같이 안내드리니 희망하는 학생들의 신청 바랍니다.가. 지원자격 1) 대상: 언론 미디어 분야(PD/기자/아나운서 리포터 등) 취업을 희망하는 대학생 및 졸업생  가) 정규학기 2학기 이상 수료자 또는 졸업 후 1년 이내 미취업자   * 기준학기 이상 수료자에 한하여 재학생, 휴학생, 졸업유예/학기수료/졸업예정/초과학기 등 모두 가능  나) 성적: 전체학기 평점평균 3.0/4.5 이상  다) 최근학기 한국장학재단 학자금지원구간 통지서 제출 가능자(0~10구간) 2)",2024-05-20 13:41:34.0
컴퓨터정보통신공학과과,2024년「CNU 반올림 클래스」참여학생 모집 안내(5/27~29),https://ce.jnu.ac.kr/bbs/ce/2114/878539/artclView.do,"지역사회 취약계층 초등학생을 대상으로 다양한 교육(멘토링) 활동을 지원하는 2024년 「CNU 반올림 클래스」에 많은 학생들의 참여 바랍니다.가. 사 업 명: 2024년 CNU 반올림 클래스나. 활동기간:  24. 7. ~  25. 1. [약 7개월]다. 활동대상: 초등학생 및 우리대학 학부 재학생 각 42명라. 지원사항(장학금 및 활동비): 대학생 1인당 1,320천원 지급마. 신청기간 및 방법 - 기간: '24. 5. 27.(월) ~ 5. 29.(수)  -  방법: 지원서(붙임1)신청서 작성 후 학생과 담당자 메일 제출(orio",2024-05-20 10:15:02.0
컴퓨터정보통신공학과과,2024학년도 2학기 국가장학금 1차 신청 안내(5/21~6/20),https://ce.jnu.ac.kr/bbs/ce/2114/878536/artclView.do,"2024학년도 2학기 국가장학금 1차 신청 일정을 다음과 같이 안내하오니 학생들의 국가장학금 신청 바랍니다.가. 신청대상: 재학생*, 복학생, 재입학생, 신입생, 편입생  * 재학생은 국가장학금 1차 신청이 원칙(2차 신청 시 재학 중 2회에 한해서만 수혜 가능)나. 신청기간: '24. 5. 21.(화) 09:00 ~ 6. 20.(목) 18:00 - 서류제출 및 가구원 정보제공 동의 기간:  '24. 5. 21.(화) 09:00 ~ '24. 6. 27.(목) 18:00  ※ 주말․공휴일 포함 24시간 신청 가능, 마지막 날은 18시",2024-05-20 10:10:41.0
컴퓨터정보통신공학과과,2024학년도 후기 일반대학원 입학 설명회 안내(지능전자컴퓨터공학과: 4단계 BK21 사업 선정 학과),https://ce.jnu.ac.kr/bbs/ce/2114/878534/artclView.do,2024학년도 후기 일반대학원 입학 설명회 안내- 지능전자컴퓨터공학과 - 2024학년도 후기 일반대학원 신입생 모집과 관련하여 입학설명회 자료를 붙임과 같이 첨부하오니 일반대학원 지능전자컴퓨터공학과 입학에 관심 있는 학생들의 확인 바랍니다. ▷ 대학원 소개 : 지능전자컴퓨터공학과 소개 및 대학원 과정 안내▷ 연구실 소개 : 지능전자컴퓨터공학과 17개 연구실 소개▷ 지원 및 혜택 : 전남대학교 재원 지원 및 혜택 안내▷ 대학원 입학 안내 : 2024학년도 후기 일반대학원 일반전형 입학 안내      지능전자컴퓨터공학과는 4단계 BK2,2024-05-20 10:06:53.0
컴퓨터정보통신공학과과,2024년 한국인터넷진흥원 신입직원 채용을 위한 설명회 수요조사 안내(~5/17),https://ce.jnu.ac.kr/bbs/ce/2114/878275/artclView.do,"한국인터넷진흥원 채용 설명회 수요조사  정보보호특성화대학지원사업단에서 2024년 한국인터넷진흥원 신입직원 채용을 위한 설명회 수요조사를 실시하오니, 관심있는 학생 여러분의 많은 참여 부탁드립니다. ■설명회 개최일시: 5월 22일(수) 오후 5시 ※약 30분 간 진행 예정■설명회 개최장소: 추후 수요조사 참여학생들에게 별도 안내■설명회 진행: 류혜숙 연구위원(한국인터넷진흥원)■설명회 수요조사: https://forms.gle/3xLq91LWXGLyxdyx9■설명회 수요조사 기간: 5월 17일(금)까지",2024-05-16 14:35:49.0
컴퓨터정보통신공학과과,"국제학생증 ISIC  발급비 지원행사 안내(방문신청: 5/20~22, 온라인신청: 5/17~30)",https://ce.jnu.ac.kr/bbs/ce/2114/878218/artclView.do,"국제학생증 ISIC(International Student Identity Card) 무료발급 행사 안내를 다음과 같이 알려드리니 관심있는 학생들의 신청 바랍니다. 1. 발급대상: 전남대학교 재(휴)학생2. 발급방법: 방문 및 온라인 발급3. 발급기간 및 장소  가. 방문신청: 2024. 5. 20.(월) ~ 5. 22.(수) 10:00 ~ 15:00, 후문체육관 및 공대시계탑, 인문대, 스토리움카페 앞  나. 온라인신청: 2024. 5. 17.(금) ~ 5. 30.(목)4. 발급비용: 무료(발급비 17,000원 하나은행 부담)5.",2024-05-16 11:24:30.0
컴퓨터정보통신공학과과,2024년도 중성자회절 여름학교 안내(신청: ~7/19),https://ce.jnu.ac.kr/bbs/ce/2114/878214/artclView.do,"한국원자력연구원 원자력교육센터에서는  중성자 회절 분석 활용 결정 구조 분석 을 주제로 한 2024년도 중성자회절 여름학교를 다음과 같이 개최합니다.가. 교 육 명: 2024년도 중성자회절 여름학교나. 교육기간: 2024. 8. 12.(월) ~ 8. 14.(수)다. 모집인원: 50명  ※ 원활한 교육을 위해 50명 내외 선착순 마감. 단, 적정인원초과 시 동일기관 또는 연구실 내 2명 내외 인원 제한라. 교육비 : 무료(점심식사 제공)  ※ 숙식은 본인이 해결  ※ 대전 외 소재 대학(원)생 대상 2박에 해당하는 숙박/조식 지원마.",2024-05-16 11:20:31.0
컴퓨터정보통신공학과과,2024년 상반기 대학원 총장명예장학(CNU GS-PHF) 선발 안내(~6/5),https://ce.jnu.ac.kr/bbs/ce/2114/878141/artclView.do,"2024학년도 상반기 대학원 총장명예장학(CNU GS-PHF) 선발 계획을 다음과 같이 안내하오니 많은 신청 바랍니다.   1. 지원자격    가. 선정기준 : 본부 및 학과 선정기준에 모두 충족하는 2024학년도 후기 일반대학원 석 박사통합과정 신입생(일반전형 1차 합격자)과정본부 선정기준(기준1, 2 모두 충족 필요)학과 선정기준석 박사통합[기준1] 동일 계열 학과 졸업생 + 전일제 학생[기준2] 학부 졸업평점 3.75(4.5만점) 이상인 학생▶전자컴퓨터공학과 : 학과장 추천서 제출▶지능전자컴퓨터공학과 : 학과장 추천서 제출※",2024-05-14 17:24:57.0
컴퓨터정보통신공학과과,2024년 상반기 2차 도전장학(미래) 선발 안내(~5/21),https://ce.jnu.ac.kr/bbs/ce/2114/878131/artclView.do,"「2024년 상반기 2차 도전장학(미래) 선발 계획」을 다음과 같이 공고하오니 우수한 인재들의 많은 신청 바랍니다.1. 장학생 선발 가. 자격: 2024년 8월 학사과정 졸업자로서 2024학년도 후기 일반전형 및 학 석사연계과정에 지원하여 우리 대학교 일반대학원에 진학한 자    ※ 직전학기 성적 평균평점 2.5이상 (전남대학교 장학규정 제3조(장학생의 자격)) 나. 장학금: 인문사회계열 1,700천원, 자연예체능계열 2,300천원   ※ 단, 지원액은 가용예산 범위에 따라 다소 변동 가능함 다. 제출서류대상제출 서류제출 기한제출",2024-05-14 16:57:58.0
컴퓨터정보통신공학과과,여수 엑스포 글로컬 대회 로봇 배틀 참가 제안(신청: ~5/17),https://ce.jnu.ac.kr/bbs/ce/2114/877988/artclView.do,"제이엠로보틱스에서 대한민국 글로컬 미래 교육 박람회의 일환으로 특별한 배틀 로봇 경기를 다음과 같이 개최합니다.본대회를 통해 학생들의 기술적 사고와 팀워크를 발휘하여 실제 경쟁 상황에서의 대응 능력을 키울 수 있는 기회를 가지고, 더 큰 자극과 동기를 부여할 것으로 기대하며, 5월 17일 금요일 (자정)까지 참가 신청 바랍니다.가. 대회 명칭: 배틀봇 챔피언쉽 ( BATTLEBOT CHAMPIONSHIP)나. 일시 및 장소: 2024년 5월 29일부터 6월 2일까지, 여수 엑스포 국제관 C동 1F다. 참가 대상: 고등학교, 대학교",2024-05-13 14:31:00.0
컴퓨터정보통신공학과과,[공학교육혁신센터] 2024 학생 포트폴리오 교육 참가자 모집 안내(5/27~6/5),https://ce.jnu.ac.kr/bbs/ce/2114/877934/artclView.do,공학교육혁신센터에서는 포트폴리오 작성의 필요성에 관한 이해와 동기를 부여하고 재학생의 자기계발 능력 함양 및 효과적 전달 능력 개발을 돕고자 『2024 학생 포트폴리오 교육』을 실시하고자 합니다. 관심있는 학생들의 참여 바랍니다.- 다    음 - 가. 명    칭: 2024 학생포트폴리오 교육나. 교육일시: 2024. 6. 26.(수) 10:00 ~17:00(6시간)다. 교육장소: 전남대학교 광주캠퍼스 G R Hub 1층 세미나실라. 신청기간: 2024. 5. 27.(월) 09:00 ~ 2024. 6. 5.(수) 17:00마. 신,2024-05-13 09:05:17.0
컴퓨터정보통신공학과과,2024학년도 1학기 「표현과 소통 상담실」운영 안내(~8/30),https://ce.jnu.ac.kr/bbs/ce/2114/877633/artclView.do,,2024-05-09 13:08:30.0
컴퓨터정보통신공학과과,2024학년도 하계 계절학기 타 대학교(제주대) 수학 신청 안내(~5/14 11:00),https://ce.jnu.ac.kr/bbs/ce/2114/877455/artclView.do,"2024학년도 하계 계절학기 타 대학교 운영계획을 다음과 같이 안내하오니 수학을 희망하는 학생은 수학신청원을 해당 기한까지 학과사무실로 제출해 주시기 바랍니다.가. 지원자격: 2024년도 1학기 현재 재적중인 자 ※ 당해학기 졸업(수료)을 목적으로 계절수업을 수강하고자 하는 자는 그 계절수업이 속한 정규학기에 재학한 자에 한함.나. 교류대학 수: 1개 대학만 가능(우리대학+타대학교류 가능, 타대학+타대학 불가)다. 계절학기 총 수강 가능 학점: 6학점 이내(우리대학 수강학점과 교류대학 수강학점 포함)라. 타 대학 계절학기 운영 내용",2024-05-08 14:30:00.0
컴퓨터정보통신공학과과,2024학년도 동원장학재단 섬김의 리더십 장학생 선발 안내,https://ce.jnu.ac.kr/bbs/ce/2114/877448/artclView.do,"전남대학교동원장학재단 사업계획에 따라 2024학년도 동원장학재단 섬김의 리더십 장학생 선발을 안내합니다.가. 선발인원: 2명[3학년 1학기 학부 재학생]나. 장학금액: 1인당 연간 600만원(학기당 300만원)다. 장학금 성격: 학업장려금라. 신청기간/장소: 2024. 5. 13.(월) 09:00 ~ 5. 17.(금) 18:00 / 도서관별관(백도) 1층 학생과 장학팀마. 선발방법: 1차 서류심사(100점), 2차 면접심사(50점) * 세부 심사기준 붙임 참조바. 추진일정구분일정비고모집공고 및 안내2024. 5. 7.(화) ~ 5.",2024-05-08 14:21:03.0
컴퓨터정보통신공학과과,2024~2025년 전남도-중국(장시성) 청소년 국제교류 참가 대상자 모집 안내(~5/13),https://ce.jnu.ac.kr/bbs/ce/2114/877216/artclView.do,전라남도에서는 중국 장시성과의 우호 협력 증진 및 청소년 글로벌 마인드 함양을 위해 2024~2025년 전남-중국(장시성)청소년 국제교류를 다음과 같이 추진한다고 하니 관심있는 학생들의 참여 바랍니다. 가. 신청기간: 2024. 4. 29.(월) ~ 5. 13.(월) 18:00나. 교류기간 - (초청) 2024. 7. 8.(월) ~ 7. 10.(수) 예정/ 2박 3일 - (방문) 2025년 중 6박 7일(변동될 수 있음)다. 교류지역:  24년 초청_전남일원/  25년 방문_중국 장시성 일원라. 모집대상: 25명(전남도 주민등록 +,2024-05-07 09:21:13.0
컴퓨터정보통신공학과과,[차세대통신혁신융합대학사업] 2024년 대한전자공학회 하계종합학술대회 참가 지원 안내(~5/17 17:00),https://ce.jnu.ac.kr/bbs/ce/2114/877155/artclView.do,"차세대통신혁신융합대학사업단에서는 차세대통신 분야 혁신인재 양성 및 역량 제고를 위하여 2024년도 대한전자공학회 하계종합학술대회 참가를 아래와 같이 지원하오니 학생들의 신청 바랍니다.- 아 래 -가. 행사 개요 1) 행 사 명: 2024년도 대한전자공학회 하계종합학술대회 2) 행사기간: 2024. 06. 26.(수) ~ 2024. 06. 28.(금) 3) 장 소: 롯데호텔 제주(중문) 4) 참여대상: 전남대학교 학부 재학생 5) 지원사항: 참가비, 숙박비, 식비, 교통비, 보험비 전액 지원  ※ 프로그램 참여자 마일리지 80점 지급",2024-05-03 18:24:42.0
컴퓨터정보통신공학과과,국립대학 육성사업 대학생 홍보대사 11기 모집 안내(~5/12),https://ce.jnu.ac.kr/bbs/ce/2114/877153/artclView.do,"국립대학 육성사업 발전협의회에서는 육성사업 참여대학의 성과자료 구축 및 홍보 콘텐츠 제작 등을 위하여 아래와 같이 대학생 홍보대사 11기를 모집하고 있어 안내하오니, 학생들의 참여 바랍니다. 가. 공모개요 - 접수기간: 2024. 5. 12.(일)까지 - 모집분야: SNS 홍보팀, 크리에이터팀(영상특기자) - 모집인원: SNS 홍보팀 24명, 크리에이터팀(영상특기자) 4명 - 지원자격: 전국 37개 국립대학에 재학 중인 대학(원)생 - 활동혜택: 활동비 및 홍보 물품(단체복 등), 수료증 지급 등 - 접수방법: 이메일 접수(joon",2024-05-03 18:20:54.0
컴퓨터정보통신공학과과,[차세대통신혁신융합대학사업] 2024년 한국통신학회 하계종합학술발표회 참가 지원 안내(신청: ~5/17),https://ce.jnu.ac.kr/bbs/ce/2114/876937/artclView.do,차세대통신혁신융합대학사업단에서는 차세대통신 분야 혁신인재 양성 및 역량 제고를 위하여 아래와 같이 2024년도 한국통신학회 하계종합학술발표회 참가를 아래와 같이 지원하오니 학생들의 참여 바랍니다.- 아 래 -1. 행사 개요 가. 행 사 명: 2024년도 한국통신학회 하계종합학술발표회 나. 행사기간: 2024. 06. 19.(수) ~ 2024. 06. 22.(토)  다. 참여기간: 2024. 06. 20.(목) ~ 2024. 06. 22.(토)   ※ 기말고사 기간: 2024. 06. 18.(화) ~ 2024. 06. 24.(월),2024-05-02 09:30:27.0
컴퓨터정보통신공학과과,"언어교육원 CLS 한국어 프로그램 언어파트너, 룸메이트 모집 안내(~5/10)",https://ce.jnu.ac.kr/bbs/ce/2114/876822/artclView.do,"우리대학 언어교육원에서는 미국 국무부가 선발한 미국 대학 및 대학원생에게 8주 동안 한국어 및 한국 문화를 교육하는 CLS(Critical Language Scholarship) 한국어 프로그램을 운영할 예정입니다. 프로그램 기간 동안 참가자의 한국생활을 돕고 한국문화를 공유할 언어파트너 및 룸메이트를 모집하고자 하니, 관심있는 학생들의 참여 바랍니다. 1. 지원 자격: 전남대학교에 재학중이며 인종, 종교, 이문화에 대한 편견이 없고, 긍정적인마인드를 가진 학부 혹은 대학원생2. 활동 일정  가. 언어파트너: 2024. 6. 20",2024-04-30 16:50:08.0
컴퓨터정보통신공학과과,학부 재학생 대상 [영어 말하기/글쓰기/학습전략 1:1 무료 코칭] 안내,https://ce.jnu.ac.kr/bbs/ce/2114/876819/artclView.do,"언어교육원에서는 우리 대학 학부 재학생의 자기주도학습 역량 강화를 통한 외국어 능력 함양을 위해 영어학습센터(English Learning Center)를 개설하여 영어학습지원 서비스를 제공하고 있습니다. 『원어민 강사 영어 말하기 및 글쓰기 1:1 무료 코칭』 및 『내국인 강사 영어 학습전략 1:1 무료 코칭』 서비스를 실시하오니, 학생들의 많은 참여 바랍니다.가. 기간: 2024. 04. 01.(월) ~ 2025. 02. 21.(금)  ※ 언어교육원 외국어 강좌 일정과 동일하게 운영나. 코칭 영역: 원어민 말하기, 원어민 글쓰기",2024-04-30 16:44:14.0
컴퓨터정보통신공학과과,[차세대통신혁신융합대학사업] 2024년 제3차 CO-Week Academy 참가 지원 안내(~5/17),https://ce.jnu.ac.kr/bbs/ce/2114/876638/artclView.do,차세대통신혁신융합대학사업단에서는 대학 간 경계를 허물고 학과간의 벽을 넘어 전공과 관계없이 학생 누구나 참여하여 첨단분야 교육 수강을 도모하기 위한 첨단분야 혁신융합대학사업 제3회 CO-Week Academy 참가를 아래와 같이 지원하오니 학생들의 신청 바랍니다. -아      래-가. 행사 개요 1) 행 사 명: 첨단분야 혁신융합대학사업 제3회 CO-Week Academy 참가 2) 기    간: 2024. 07. 01.(월) ~ 2024. 07. 05.(금) 3) 장    소: 계명대학교 성서캠퍼스 4) 참가대상: 전남대학교 학,2024-04-30 09:12:52.0
컴퓨터정보통신공학과과,2024년「CNU나눔-전공연계 국내봉사」참여팀 모집 안내(~5/13),https://ce.jnu.ac.kr/bbs/ce/2114/876519/artclView.do,"전문적 지식을 습득하는 대학생들이 지역사회 발전에 필요한 조직적인 봉사활동 참여로 리더십을 배양하고 공동체 의식을 함양하는 2024년 전공연계 봉사활동 프로그램을 아래와 같이 공모하오니 많은 학생들의 참여 바랍니다.가. 사 업 명: 2024년 CNU나눔-전공연계 국내봉사나. 사업기간: 2024년 6월 10월다. 참여대상: 학과(부) 재학생 및 담당교수라. 선발팀수: 13팀 내외마. 지원금(1팀당): 1,000천원~1,500천원바. 신청기간 및 방법 - 기간: '24. 4. 29.(월) ~ 5. 13.(월) -  방법: 붙임의 [별첨",2024-04-29 15:19:32.0
컴퓨터정보통신공학과과,2024학년도 2학기 한일 대학생 연수 프로그램 참가자 모집 안내(~5/6),https://ce.jnu.ac.kr/bbs/ce/2114/876461/artclView.do,우리대학 학생들의 국제적 현장 실무 감각 및 글로벌 역량 강화를 위해 2024학년도 2학기 한 일 대학생 연수 프로그램 참가자를 모집합니다. 1. 파견기간: 2024학년도 2학기 / 2024. 8월 중 ~ 2025. 1월 중2. 파견목적: 일본 현지 기업에서 한 학기 동안 현장실습국가파견기관직무내용모집전공선발인원어학 자격일본Asia Information SystemSW 개발 및 지원이공계열4명일본어 또는 영어 공인 외국어 성적 소지자CALSW 개발 및 지원이공계열3명Fourth Valley (Connect Job)콘텐츠 제작전공무관,2024-04-29 11:31:11.0
컴퓨터정보통신공학과과,2024년 대통령과학장학금 신규장학생 선발 안내(~4/30),https://ce.jnu.ac.kr/bbs/ce/2114/876306/artclView.do,한국장학재단에서 시행하는 2024년 대통령과학장학금 신규장학생 신청과 관련하여 다음과 같이 안내해 드리니 우수 학생들의 지원 바랍니다. 가. 주요 사항 □ 장학개요  ㅇ 발전 가능성이 있는 우수 이공계 미래인재를 선발하여 학업 전념 및 대한민국 리더 과학자로의 성장을 지원 □ 지원자격  ㅇ 자연과학 및 공학계열 학과(부)에 재학중인 신입생 또는 3학년생 □ 지원방법  ㅇ 국내(일반): 지원 희망 학생이 한국장학재단 홈페이지에 직접 신청  ㅇ 국내(지역추천): 시 도 교육감의 추천을 받은 학생이 한국장학재단 홈페이지에 직접 신청 □,2024-04-26 09:36:52.0
컴퓨터정보통신공학과과,2024년 국립대학 육성사업 [해외취업뽀개기 Season1] 참여 안내(신청: ~5/8),https://ce.jnu.ac.kr/bbs/ce/2114/876086/artclView.do,글로벌 인재양성을 위한 2024년 국립대학 육성사업 해외취업뽀개기 Season1을 아래와 같이 운영하오니 많은 대학생의 신청 바랍니다.가. 신청기간: 2024. 4. 23.(수) ~ 5. 8.(수)나. 신청방법: 2가지 방법 중 택 1  - 취업진로 포털(CAPD)에서 신청  - 성장마루(비교과통합플랫폼)에서 신청다. 선발일정: 2024. 5. 10.(금) 16:00예정  - 비대면 면접 예정 (신청자에 한해 추후 안내)라. 방문국가: 일본 도쿄 일원마. 참여기업: 3개 기업 및 2개 중개기관바. 운영기간  - 사전 멘토링: 202,2024-04-24 16:19:54.0
컴퓨터정보통신공학과과,2024학년도 하계 5만기행 단기 탐방 프로그램 참가자 모집 안내(~4/30),https://ce.jnu.ac.kr/bbs/ce/2114/876010/artclView.do,"UN의 지속가능한발전목표(SDGs) 17개를 중심으로 본교생이 자발적으로 기획한 주제에 따라 체험, 탐방 학습의 기회를 제공하고 글로컬 우수 인재로 양성하고자 2024학년도 하계 「5만기행(五萬起行)」 프로그램 참가자를 모집하오니 학생들의 신청 바랍니다. 1. 참가대상: 지난 10년간 해외 방문 경험이 없는 본교 학부 및 대학원 재학생2. 내 용: 학생이 직접 기획하여 2024 하계 방학 기간 아시아 내 국가 탐방3. 접수방법: 온라인 지원 (https://forms.gle/6MSTxeGnUH7KdWLT8)4. 선발인원: 총 100",2024-04-24 10:42:20.0
컴퓨터정보통신공학과과,포스코 스틸브릿지 2024학년도 하계 현장실습교육과정 지원자 추천 안내(~~4/29),https://ce.jnu.ac.kr/bbs/ce/2114/875858/artclView.do,"우리 대학 학생들의 산업 현장에 대한 이해 증진 및 진로 탐색을 위한 「포스코 스틸브릿지 2024학년도 하계 현장실습교육과정」 모집을 아래와 같이 안내하오니 많은 학생들의 참여 바랍니다. 가. 기업(기관)명: 포스코 스틸브릿지나. 추천인원: 이공계 40명(학과(부)별 추천 인원 제한 없음)다. 모집기간: 2024. 04. 17.(수)   04. 30.(화)라. 실습기간: 2024. 07. 22.(월)   08. 21.(수) [4주/20일]마. 모집안내분 야직 무전 공이공생산기술금속/재료/신소재, 화학/화공설비기술기계, 전기/전자,컴",2024-04-23 13:42:08.0
컴퓨터정보통신공학과과,2024학년도 CNU 온라인 클래스 안내(신청: ~ 25.1.10),https://ce.jnu.ac.kr/bbs/ce/2114/875702/artclView.do,교육혁신본부 원격교육센터에서는 대학생의 학습역량 강화를 목적으로 CNU 온라인 클래스를 새롭게 운영합니다. 대학생들이 스스로 학습역량을 높이는 데 도움을 받을 수 있도록 다음과 같이 안내드립니다. 가. 신청기간: 2024. 4. 22.(월) ~ 2025. 1. 10.(금)나. 신청방법 - 비교과 통합 플랫폼  성장마루 (https://grow.jnu.ac.kr) - 교육혁신본부 누리집(https://ile.jnu.ac.kr)다. 수강기간: 2024. 4. 22.(월) ~ 2025. 1. 24.(금)라. 참여순서: #9312;신청 ▶,2024-04-22 09:24:57.0
컴퓨터정보통신공학과과,[공학교육혁신센터] 2024학년도 1학기 기초창의설계경진대회 개최 안내(신청: 5/7~21 17:00),https://ce.jnu.ac.kr/bbs/ce/2114/875483/artclView.do,"공학교육혁신센터에서는 창의적 설계교육을 통하여 학습 동기(motivation) 부여 및 팀워크 활동의 중요성을 인식시키고, 발표회를 통한 자신감과 성취감 향상의 기회를 제공하여 향후 설계활동의 동기를 부여하기 위한 목적으로 다음과 같이 『2024 기초창의설계 경진대회(1학기)』를 개최하고자 합니다. 관심있는 학생들의 참여 바랍니다.- 다   음 -가. 명    칭: 2024 기초창의설계 경진대회(1학기)나. 일    시: 2024.5.31.(금) 14:00~다. 장    소: 공과대학 2호관 영명홀라. 신청기간: 2024.5.7.(",2024-04-18 09:47:31.0
컴퓨터정보통신공학과과,2024학년도 1학기 유한재단 신규 장학생 추천 안내(~4/23 18:00),https://ce.jnu.ac.kr/bbs/ce/2114/875340/artclView.do,"(재)유한재단에서 2024학년도 1학기 신규 장학생을 아래와 같이 선발하오니, 추천요건에 해당하는 학생들의 장학금 신청 바랍니다.가. 선발인원: 총 7명(단과대학별 추천인원 중 최종 대학본부 선정인원임)※ 대학(본부) 추천순위: #9312;소득기준(낮은 순)   #9313;성적기준(높은 순)나. 장학금액: 1인당 300만원다. 지원유형: 학업장려비(생활비)※ (100만원 이하)교내 외 타 장학금 중복수혜 가능라. 추천자격: 결손(한부모) 또는 다문화 가정의 소득구간 5구간 이하인 학부 재학생※ (한국장학재단) 24. 1학기 기준마.",2024-04-17 09:21:49.0
컴퓨터정보통신공학과과,2024년 상반기 전남인재육성 장학생 선발 안내(~5/7),https://ce.jnu.ac.kr/bbs/ce/2114/875335/artclView.do,"전남인재평생교육진흥원에서 「2024년 상반기 전남인재육성 장학생」을 다음과 같이 선발하오니, 학생들의 신청 바랍니다.가. 신청기간: 2024. 4. 16.(화) ~ 5. 7.(화) 18:00까지나. 신청자격: 학생 본인 또는 보호자가 1년 이상 전남도에 주소를 두고 있는 대학생다. 신청방법: 인평원 누리집 온라인(www.jntle.kr) 신청, 시 군 주민센터 방문신청 붙임 1. 2024년 상반기 전남인재육성 장학생 선발 공고문 1부.       2. 2024년 상반기 세부 계획 및 평가 방법 1부. 끝.",2024-04-17 09:17:26.0
컴퓨터정보통신공학과과,「삼성 청년 SW 아카데미(SSAFY)」인턴십 모집 안내(~5/7),https://ce.jnu.ac.kr/bbs/ce/2114/875228/artclView.do,붙임  1. 삼성 청년 SW 아카데미 인턴십 공고문 1부.       2. 삼성 청년 SW 아카데미 인턴십 리플렛 1부.  끝.,2024-04-16 11:52:15.0
컴퓨터정보통신공학과과,「삼성 청년 SW 아카데미(SSAFY)」12기 교육생 모집 안내(4/22~5/7),https://ce.jnu.ac.kr/bbs/ce/2114/875225/artclView.do,붙임  1. 삼성 청년 SW 아카데미 12기 모집 공고 1부.       2. 삼성 청년 SW 아카데미 12기 모집 리플렛 1부.  끝,2024-04-16 11:46:59.0
컴퓨터정보통신공학과과,2024학년도 하계 현장실습교육과정 안내,https://ce.jnu.ac.kr/bbs/ce/2114/874949/artclView.do,우리 대학 학생들의 산업현장에 대한 이해증진 및 진로탐색을 위한 2024학년도 하계 현장실습 교육과정을 다음과 같이 운영합니다. 가. 교과명: 2024학년도 하계 현장실습교육과정나. 추진일정 1) 기업(기관) 신청기간: 2024. 04. 29.(월) ~ 05. 03.(금) 2) 학생 신청기간: 2024. 05. 06.(월) ~ 05. 17(금) 3) 현장실습 기간  - 2024. 06. 28.(금) ~ 2024. 07. 25.(목) / 4주(20일)  - 2024. 06. 28.(금) ~ 2024. 08. 22.(목) / 8주(40,2024-04-12 09:23:27.0
컴퓨터정보통신공학과과,2024학년도 1학기 중간고사 응원  이천원의 저녁밥  제공 안내(4/15~26),https://ce.jnu.ac.kr/bbs/ce/2114/874824/artclView.do,"2024학년도 1학기 중간고사 기간  천원의 아침밥 과 함께 석식을 제공하여 학생들의 건강을 증진하고, 학업에 전념할수 있도록  이천원의 저녁밥  사업을 시행하오니 학생 여러분께서는 많이 이용해 주시기 바랍니다. 1. 제공기간: 2024. 4. 15.(월) ~ 4. 26.(금)2. 이용시간 : 17:30 ~ 19:003. 이용장소 : 제1학생마루 식당4. 이용대상: 학생(학부 및 대학원생만 가능)5. 식 단 가 : 5,000원(학생부담 2,000원 / 대학 지원금 3,000원)6. 식권 구입가격 : 2,000원7. 식권 구입방법 :",2024-04-09 16:42:21.0
컴퓨터정보통신공학과과,[LINC3.0사업단] 2024년 1학기 캡스톤디자인 지원 안내(~4/19 15:00)(기간연장),https://ce.jnu.ac.kr/bbs/ce/2114/874811/artclView.do,"재학생의 취‧창업 역량강화를 위한 2024년 캡스톤디자인 교과목에 대하여 지원하고자 하오니 참여바랍니다. 가. 지원 대상: 캡스톤디자인 교과목 수강생 중 사업단 참여학과(부) 3, 4학년 학부생나. 지원 기간: 2024. 3. ~ 2024. 6.다. 지원 항목: 재료비, 실험(분석)비, 회의비, 인쇄비라. 지원 유형연번유형참여주체1일반형담당교원, 팀(학생)2기업연계형담당교원, 기업(기관)담당자, 팀(학생)3기업연계기반 학제간 융합형4글로벌형마. 지원 금액- 운영 유형(기업연계 유무) 및 작품 유형(시제(작)품 유무)에 따라 차등 지",2024-04-09 15:34:24.0
컴퓨터정보통신공학과과,(재)퍼시스목훈재단 2024학년도 1학기 장학생 추천 안내(~4/11 11:00),https://ce.jnu.ac.kr/bbs/ce/2114/874729/artclView.do,"(재)퍼시스목훈재단 2024학년도 1학기 장학생 추천 안내1.  대상 : 컴퓨터정보통신공학과 3,4학년 재학생2. 선발기준  - 가정환경 악화로 인하여 학비조달이 어려운 자 - 총 평균평점 3.0 이상인 자 - 교내외 생활에서 타의 모범이 되는 자3. 지원금액 : 150만원 등록금 지원 (타 장학금 중복 수혜 불가 / 진리장학4 수혜자 신청 가능)4. 제출방법 : 4월 11일(목) 11:00까지 이메일 제출 (eb8916@jnu.ac.kr)5. 제출서류: 장학금신청서, 타장학금 수혜여부확인서 ※ 선발 시 추가 서류 요청 예정(장학금",2024-04-08 16:50:35.0
컴퓨터정보통신공학과과,2024년도 대학직장 예비군훈련 계획 안내,https://ce.jnu.ac.kr/bbs/ce/2114/874648/artclView.do,"2024년도 대학직장 예비군훈련 계획을 다음과 같이 안내드립니다.가. 훈련 일정 1) 기본훈련(1차)/동원보충대대훈련(10일)구 분기본훈련(1차)(7일)동원보충대대훈련(3일)3113대대3111대대3112대대일 자5. 13.(월) ~ 5. 14.(화) 5. 16.(목), 5. 29.(수) 6. 3.(월) ~ 6. 5.(수)5. 21.(화)5. 23.(목)5. 28.(화)대 상약 2,200명약 1,500명장 소동 서구 예비군훈련장 [구 삼각산 예비군훈련장(북구 일곡동)]삼도 동원훈련장(광산구 내산동)시 간1일(8시간)1일(8시간)비 고",2024-04-08 11:02:47.0
컴퓨터정보통신공학과과,[공학교육혁신센터] 2024 기업가 멘토링 지원사업 참가 학생(팀) 모집(~4/16 15:00),https://ce.jnu.ac.kr/bbs/ce/2114/874519/artclView.do,"기업연계형 프로그램으로 재학생과 지역 기업체에 재직중인 기업가와 멘토-멘티 관계를 맺고, 진학 취업 전공 등 다양한 주제로 멘토링을 함으로써 지속적인 유대관계 형성 및 학생들의 맞춤형 취업 채널 구축을 위한 목적으로 『2024 기업가 멘토링 지원사업』을 시행하고자 합니다. 관심있는 학생들의 참여 바랍니다. - 다    음 -1. 명 칭: 2024 기업가 멘토링 지원사업2. 운영개요 1) 모집형태: 재학생(4인) 및 기업가(동문포함)로 구성된 팀 2) 모집팀수: 8팀 내외 3) 팀 구 성: 멘티(재학생)와 멘토(산업체) 1인  ※ 팀",2024-04-04 16:48:50.0
컴퓨터정보통신공학과과,2024 BCMC 블록체인 밋업 컨퍼런스 안내(등록: ~4/15),https://ce.jnu.ac.kr/bbs/ce/2114/874505/artclView.do,,2024-04-04 14:55:47.0
컴퓨터정보통신공학과과,제8회 개방형 클라우드 플랫폼(K-PaaS)기반 서비스 개발 아이디어 공모전 안내(신청: ~10/31),https://ce.jnu.ac.kr/bbs/ce/2114/874362/artclView.do,,2024-04-03 09:45:25.0
컴퓨터정보통신공학과과,2024학년도 1학기 글로벌커뮤니케이션잉글리쉬 학점 미취득자 교과목 이수 안내(~6/20 11:00),https://ce.jnu.ac.kr/bbs/ce/2114/874317/artclView.do,"2014~2018학년도 신입학자, 2016~2020학년도 편입학자 중 글로벌커뮤니케이션잉글리쉬(이하 글커잉) 교과목 학점 미취득 학생은 아래 글로벌커뮤니케이션잉글리쉬 대체 방안 중 택1하여 이수바랍니다. 글로벌커뮤니케이션잉글리쉬 학점 미취득시 졸업이 불가하오니 이 점 유의바랍니다. 1. 대상자 : 글커잉 학점 미취득자 2. 대체 방안 (택 1)  1) 대체교과목 이수 : 해당 교과목 중 1과목 이수교과목명학점비고기초영어3#9312;대체교과목 중 기 이수교과목이 있는 경우 소급하여 인정하지 않고,   다른 대체교과목을 택1하여 이수해",2024-04-02 16:41:35.0
컴퓨터정보통신공학과과,2024년 장애인식개선(법정의무교육) 온라인 교육 실시 및 이수 안내(~12/31),https://ce.jnu.ac.kr/bbs/ce/2114/874314/artclView.do,"장애인복지법 제25조에 의거 사회적 인식개선교육 의무 대상기관은 1년에 1회 이상 소속 교원, 직원, 학생을 대상으로 장애인에 대한 인식개선을 위한 교육을 실시하고, 그 결과를 보건복지부장관에게 제출하여야 합니다.(교육실적 미흡대학은 언론에 공표)장애인에 대한 사회적 편견과 차별 제거를 위해 아래와 같이 장애인식개선 온라인 교육을 안내하오니 재학생들은 교육이수하여 주시기 바랍니다.가. 교육기간: '24. 3. 25.(월) 12. 31.(화)나. 교육대상: 전 구성원[기관장, 고위직, 직원, 학생으로 구분하여 교육 참여율 산정]다.",2024-04-02 16:34:34.0
컴퓨터정보통신공학과과,2024년 「전남대 전공 알림아리」프로그램 운영을 위한 전공 알리미 선발 안내(~4/8),https://ce.jnu.ac.kr/bbs/ce/2114/874271/artclView.do,"2022 개정 교육과정과 고교학점제 도입에 따라, 전남대학교 입학본부는 진로 설정을 고민하는 고교생들에게 관심학과에 대한 정보 및 진학 설계에 도움을 주는 「전남대 전공 알림아리」 프로그램을 운영하고 있습니다. 프로그램에 참여할 전공 알리미 선발을 아래와 같이 시행하니 적극 참여 바랍니다. 1. 지원 자격: 전남대학교 1~2학년 재학생  ※ 활동 기간 중 학적변동(휴학/자퇴/제적/졸업/졸업예정 등), 교환학생, 해외파견 등 예정자 지원 불가2. 신청 기간: 2024. 4. 2.(화) ~ 4. 8.(월)3. 신청 방법: https:",2024-04-02 13:43:05.0
컴퓨터정보통신공학과과,2024학년도 전남대학교 학생 온라인 폭력예방교육 이수 안내(~11/29),https://ce.jnu.ac.kr/bbs/ce/2114/874223/artclView.do,"대학 등 고등교육 기관은 관련 법령에 따라 재학중인 학생은 매년 폭력예방교육(성폭력 가정폭력)을 연 1회 이상 실시하여야 하는 바, 이에 우리 대학에서는 온라인과 집합교육을 병행하여 실시하고자 하오니 재학생은 폭력예방교육을 이수바랍니다.가. 교육기간: 2024. 4. 1.(월) ~ 11. 29.(금)나. 교육대상: 전남대학교 재학중인 학생다. 온라인 교육 이수 방법 및 결과 확인  - 전남대 포털 로그인   우측 「교육훈련」   폭력예방교육(성희롱, 성폭력 등)  - 전남대 스토어   폭력예방교육앱(스마트폰 교육 이수시 데이터요금",2024-04-02 09:21:10.0
컴퓨터정보통신공학과과,2024학년도 2학기 국제인턴(KIST 유럽연구소) 프로그램 참가자 모집 안내(~4/10),https://ce.jnu.ac.kr/bbs/ce/2114/874102/artclView.do,"우리대학 학생들의 국제적 현장 실무 감각 및 업무 수행 능력 증진을 위해 2024학년도 2학기 KIST 유럽연구소 글로벌 인턴십 프로그램 참가자를 모집합니다. 1. 파견기간: 2024학년도 2학기 / 2024. 8. 5.(월) ~ 2025. 1. 31.(월)2. 파견기관: KIST-Europe 연구소 (독일 자르브뤼켄 소재)3. 지원대상:  (공과대학) 기계공학, 재료공학, 화학공학, 생명공학, 환경공학, 컴퓨터공학 전공 학부 3~4학년  (자연과학대학) 생물, 화학, 물리전공 학부 전공 3~4학년  (공학대학) 의공학 전공 학부",2024-04-01 11:14:19.0
컴퓨터정보통신공학과과,광주글로벌게임센터「인디스타즈(IndiStars) 9기」모집 안내(4/8~26),https://ce.jnu.ac.kr/bbs/ce/2114/873881/artclView.do,"(재)광주정보문화산업진흥원 광주글로벌게임센터에서는 참신하고 우수한 아이디어를 보유한 인디게임 개발팀 육성을 위해 아래와 같이 인디스타즈(IndiStars) 9기」를 모집 중이오니 많은 학생들의 지원 바랍니다.가. 사업개요 - 사업명: 광주글로벌게임센터 인디스타즈(IndiStars) 9기 - 주최/주관: (주최)한국콘텐츠진흥원, 광주광역시 / (주관)(재)광주정보문화산업진흥원 - 지원대상: 게임을 개발하는 누구나 - 지원내용: 활동비 지급, 특강 및 전담 멘토링, 우수 게임 시상 - 서류접수: 2024.4.8.(월) ~ 2024.4.",2024-03-27 17:38:02.0
컴퓨터정보통신공학과과,도서관  24시간 열람실  오픈 안내(오픈식: 4/2 10:00),https://ce.jnu.ac.kr/bbs/ce/2114/873717/artclView.do,,2024-03-26 16:33:26.0
컴퓨터정보통신공학과과,2024학년도 대학생 청소년 교육지원사업 참여학생(멘토) 모집 안내(~4/3),https://ce.jnu.ac.kr/bbs/ce/2114/873684/artclView.do,"2024학년도 청소년 교육지원사업 참여학생(멘토) 모집을 다음과 같이 안내합니다. 1. 신청대상: 학부 재학생2. 모집일정 - 모집공고: 2024. 3. 26.(화) ※ 학교홈페이지 공지사항 - 신청기간: 2024. 3. 27.(수) ~ 4. 3.(수) 18:00[8일간] - 선 발 일: 2024. 4. 5.(금) - 선발인원: 250명 - 활동기간: 2024. 4. ~ 2025. 2.(11개월)3. 신청방법: 붙임 참조(2023년 자료이며, 신청시 2024년으로 신청해야 함)4. 기타사항: 멘토 의무사항으로 폭력예방교육 이수 필",2024-03-26 14:07:38.0
컴퓨터정보통신공학과과,[학생생활상담센터] 마음건강 증진 집단상담 프로그램 안내,https://ce.jnu.ac.kr/bbs/ce/2114/873544/artclView.do,,2024-03-25 09:39:53.0
컴퓨터정보통신공학과과,2024년 상반기 학·석사학위 및 학·석박사통합연계과정 학부연구생 장학사업 신청 안내(신청: ~3/26 11:00),https://ce.jnu.ac.kr/bbs/ce/2114/873447/artclView.do,구분 2024년 상반기 학 석사학위 및 학 석박사통합연계과정 학부연구생 장학사업비고신청자격1. 학 석사학위 및 학 석박사통합연계과정생으로 선발되어 재학 중인 자- 4학기 이상 재학자로서 수업연한 이내 자2. 지원연구실 지도예정교수 추천을 받은 자선발가능인원기존: 80명신규: 83명제출기간1. 신청서 제출: '24. 3. 26.(화) 11시 까지2. 결과 제출: '24. 8. 20.(화) 11시 까지(예정) 선발절차1. 지원신청서 작성(신청자)2. 추천서 작성(지도예정교수)3. 추천자명단 제출(학장)4. 선발 확정 및 공고(대학원혁신,2024-03-22 13:17:24.0
컴퓨터정보통신공학과과,"2023학년도 후기(2024년 8월 졸업예정) 외국어영역 점수 및 논문 제출 안내(1차: 4/1~5/3, 2차: 6/24~7/19)",https://ce.jnu.ac.kr/bbs/ce/2114/873236/artclView.do,"○  제출 안내졸업자격 영역전공영역(논문)외국어영역(공인어학시험 성적표)제출대상2024년  8월 졸업예정자2019학년도 이후 입학한 24년 8월 졸업예정자 중 아래 교과목 중 1과목도 이수하지 않은 자.[생활영어1, 생활영어2, 기초영어, 취업영어, 영어글쓰기, 영어읽기와토론]제출기간'24. 6. 24.(월) ~ '24. 7. 19.(금)1차(졸업예비사정) : '24. 4. 1.(월) ~ '24. 5. 3.(금) 2차(졸업사정) : '24. 6. 24.(월) ~ '24. 7. 19.(금)제출서류1. 논문 1부.(제본 필수) ▸ 교",2024-03-20 15:29:28.0
컴퓨터정보통신공학과과,2024학년도 1학기 면담지도교수 배정 내역,https://ce.jnu.ac.kr/bbs/ce/2114/873216/artclView.do,2024학년도 1학기 면담지도교수 배정 내역 아래와 같습니다. ◎ 면담 방법 : 교수님과 사전 연락 후 방문  (연락처 안내 : 학과소개   교수진   교수 / 교수진 소개(클릭)) ※ 교수님과의 상담 내역이 자계부에 등록되면 장학사정시 점수(진로상담) 반영됨(장학안내(클릭)) ◎ 지도교수 찾기 : Ctrl + F   본인 학번 검색  교수명학번교수명학번교수명학번교수명학번교수명학번김동국203122김명진223328   김진술242161백성준245200남지승223403   김동국222573김명진195299   김진술242173백성준24,2024-03-20 14:33:51.0
컴퓨터정보통신공학과과,2024학년도 1학기 수강취소 안내(3/25 09:00 ~ 3/26 17:00),https://ce.jnu.ac.kr/bbs/ce/2114/873148/artclView.do,❍ 신청기간: 2024. 3. 25.(월) 09:00 ~ 3. 26.(화) 17:00 ❍ 취소절차: 학생이 인터넷으로 포털에서 직접 수강취소 신청 교과목 개설학과에서 취소 승인 ❍ 취소방법: 전남대학교 포털사이트(http://portal.jnu.ac.kr)에 접속한 후   교육지원 내학사행정 수업 수강신청 수강취소 신청  선택 ❍ 수강취소 과목범위  - 수강취소 신청과목은 2과목 이내로 하되 취소 후 수강학점은 1학점 이상을 유지해야 함 (수업관리지침 제19조) ❍ 수강취소 내역확인  - 수강취소 후 최종 수강신청 내역을 반드시 확,2024-03-19 18:11:51.0
컴퓨터정보통신공학과과,2024학년도 제1학기 최종 등록 및 휴학 신청 기간 안내,https://ce.jnu.ac.kr/bbs/ce/2114/873143/artclView.do,"우리 대학교에서는 2024학년도 제1학기 최종 등록기간을 다음과 같이 공고하오니 등록금을 납부하지 못한 학생은 기한 내에 등록금을 납부하시기 바랍니다. ■ 다      음 ■1. 기    간 : 2024. 4. 2.(화) ~ 4. 3.(수) 16:00 [2일간] ➣ 2024. 1학기 수업연한 초과자도 위 기간 내에 등록금 납부2. 납입금 납부장소 : 광주, 농협, 국민, 신한은행 전국지점 ➣ 고지서 상의 가상계좌 입금, 광주은행 신용카드 납부 가능3. 휴학 신청 : 전남대포털➝로그인➝교육지원➝내학사행정➝학적➝휴학신청◇ 휴학 신청 기",2024-03-19 18:04:12.0
컴퓨터정보통신공학과과,2024학년도 2학기 CAMPUS Asia-AIMS 국가장학 해외 파견 교환학생  모집 안내(~3/26),https://ce.jnu.ac.kr/bbs/ce/2114/872919/artclView.do,"2024학년도 2학기 CAMPUS Asia-AIMS 국가장학 해외 파견 교환학생 선발을 다음과 같이 진행하고자 하오니, 많은 학생들의 지원 바랍니다. 가. 모집 개요 - 모집대상: 공학/AI융합, 농업, 국제통상 계열 전공 학부생 - 파견대학: 5개국 8개교(말레이시아, 베트남, 인도네시아, 태국, 필리핀) - 장학혜택: 파견대학 등록금 면제, 정착 지원금 및 월별 체재비, 항공료 지급 나. 선발 일정 - 신청서 접수:  24. 3. 14.(목) ~ 3. 26.(화) 17:00 - 서류 합격자 발표:  24. 3. 27.(수) 18",2024-03-18 11:18:07.0
컴퓨터정보통신공학과과,2024학년도 1학기 폐강 교과목 및 수강정정 안내(가상현실),https://ce.jnu.ac.kr/bbs/ce/2114/872916/artclView.do,2024학년도 1학기 개설 교과목 중 폐강된 교과목을 수강 신청한 학생들의 수강정정 기간을 안내합니다.가. 대상교과목: 가상현실(CIS3004) 1분반나. 폐강 교과목 수강정정 기간: 2024. 3. 18.(월) 09:00 ~ 19.(화) 18:00다. 폐강 교과목 수강 정정 방법: 전남대 포털-교육지원-내학사행정-수업-수강신청 ※ 폐강된 교과목 수강신청 학생에 한하여 수강 정정 가능,2024-03-18 11:10:45.0
컴퓨터정보통신공학과과,[인공지능혁신융합대학사업단] 2024년 동아리 지원 안내(~3/22),https://ce.jnu.ac.kr/bbs/ce/2114/872510/artclView.do,"인공지능혁신융합대학사업단에서는 2024년 동아리 모집을 아래와 같이 안내하오니 많은 관심 부탁드립니다. 1. 개요 가. 목적  1) 인공지능혁신융합대학사업 활성화 및 참여대학 학생 간 교류활동 증진  2) 오픈소스 교육 활성화 추진체계 확립 및 지원 나. 추진일정신청접수▶심사▶선정▶활동기간▶결과보고서 제출2024.03.14.~2024.03.22.2024.03.25.~2024.03.26.2024.03.27.2024.04.01.~2025.01.24.2025.02.07. 다. 대상  1) AI융합 동아리: 인공지능과 관련된 학습, 연구",2024-03-12 18:01:17.0
컴퓨터정보통신공학과과,[인공지능혁신융합대학사업단] 2024년 서포터즈 모집 안내(~3/20),https://ce.jnu.ac.kr/bbs/ce/2114/872507/artclView.do,"인공지능혁신융합대학사업단에서는 2024년 AICOSS 서포터즈를 아래와 같이 모집하오니 많은 관심 부탁드립니다. 1. 개요 가. 모집대상  1) 참여학과 재학생 중 혁신융합대학사업에 관심이 있는 학생으로 사업단 프로그램의 홍보와 참여가 가능한 학생 (※ 참여학과 재학생이 아닐 경우, 사업단 마이크로디그리 교육과정 이상 학생)  2) 인스타그램, 유튜브, 블로그 등 SNS 활동 및 매체 활용이 가능한 학생  3) 그래픽 편집, 글쓰기, 영상 편집 등 콘텐츠 제작을 즐겨하는 학생  4) 교내 외 서포터즈 등 여러 활동 참여 경험이 있는",2024-03-12 17:57:05.0
컴퓨터정보통신공학과과,[인공지능혁신융합대학사업단] 2024년 1학기 캡스톤디자인 과제 모집 안내(~3/20),https://ce.jnu.ac.kr/bbs/ce/2114/872503/artclView.do,"인공지능혁신융합대학사업단에서는 2024년 1학기 캡스톤디자인 과제 모집을 아래와 같이 안내하오니 많은 관심 부탁드립니다. 1. 캡스톤디자인 과제 지원 개요  가. 목적              1) 학생들 스스로 기획 및 설계, 제작을 통하여 창의성과 실무능력을 함양함과 동시에 협업을 통한 상호 복합적인 팀워크 능력을 보유한 창의인재 육성 및 취업활성화에 기여            2) 인공지능혁신공유대학사업단 참여학과의 학생들이 융합과정에서 습득한 학문 지식을 바탕으로 한 실무형 인재양성      3) 산업체 현장 전문가 멘토링을 통",2024-03-12 17:52:23.0
컴퓨터정보통신공학과과,[소프트웨어중심대학사업단] SW중심대학 사업 설명회 안내(3/15 11:00),https://ce.jnu.ac.kr/bbs/ce/2114/872435/artclView.do,"SW중심대학사업단에서는 2024학년도 SW중심대학사업과 관련하여 사업에 대한 소개 및 2024학년도 사업방향, 프로그램 안내를 하기위한 사업설명회를 운영하고자 합니다.◆ 행사명 : 2024학년도 SW중심대학사업 설명회◆ 일   시 : 2024. 3. 15.(금) 11:00~12:00◆ 장   소 : 공과대학 4호관 코스모스홀◆ 대   상 : 전남대학교 재학생 및 교직원◆ 내  용    1) 교과/비교과 프로그램 소개    2) SW융합/전공 트랙 소개    3) 소중마일리지 소개 등◆ 참여혜택 : 다과제공, 마일리지 점수 부여(SW",2024-03-12 15:59:39.0
컴퓨터정보통신공학과과,[교육혁신본부] 2024학년도 1학기 이뭣고-교학상장 공모 안내(신청: ~3/24),https://ce.jnu.ac.kr/bbs/ce/2114/872426/artclView.do,"교육혁신본부 교수학습센터에서는 2024학년도 1학기 신입생과 교수가 함께하는 이뭣고-교학상장 참여 모둠을 공모하오니 많은 관심과 참여 바랍니다. 가. 참여 대상  - 지도 교수: 전임교원  - 참여 학생: 신입생(당해연도 입학생, 1학년 복학생, 전과생, 편입생, 외국인 유학생)                  도우미(2학년 이상 학과(부) 대학생)나. 모둠 구성(1모둠 기준): 교수 1명, 신입생 4~5명, 도우미 1명(선택)다. 모임 주제: 신입생의 자기이해, 대학생활, 전공 및 진로에 관해 이해를 돕는 내용 등라. 공모 기간:",2024-03-12 15:34:47.0
컴퓨터정보통신공학과과,[교육혁신본부] 2024학년도 학습역량 강화 프로그램 안내,https://ce.jnu.ac.kr/bbs/ce/2114/872421/artclView.do,"교육혁신본부에서는 「2024학년도 학습역량 강화 프로그램」을 소개하오니, 학생들의 관심과 참여 바랍니다. 가. 2024학년도 교육혁신본부 학습역량 강화 프로그램구분내용공동체이뭣고-교학상장, CNU 학습공동체코칭 및 상담표현과 소통 상담실, 온라인 글쓰기 상담가특강 및 워크숍글쓰기 능력 향상 과정, 비교과 온라인 클래스, 한국형 온라인 공개강좌(K-MOOC)학업중단 예방도담도담, 학업실태조사진단평가 및 수요조사대학 핵심역량진단, 교육프로그램 수요조사나. 문의: ☎)062) 530-0929, 교육혁신본부 누리집(https://ile.j",2024-03-12 15:30:43.0
컴퓨터정보통신공학과과,2024학년도 1학기 CNU 학습공동체 공모 안내(~3/20),https://ce.jnu.ac.kr/bbs/ce/2114/872420/artclView.do,"교육혁신본부에서는 대학생 간 협력학습을 통한 학습역량 강화를 목적으로 「CNU 학습공동체」를 2024학년도에 새롭게 운영합니다.  학생들의 관심과 참여 바랍니다. 가. 신청 기간: 2024. 3. 11.(월)~ 3. 20(수) 오후 5시까지나. 신청 대상: 본교 대학생다. 신청 형태  1) 유형1(자율형): 대학생 3~5명, 모둠을 형성하여 신청  2) 유형2(지원형): 대학생 1명, 개인으로 신청,    ※ 개인으로 신청한 경우 공모 마감 후 개인 신청자 중 모둠 형성 지원라. 신청 방법: 비교과 통합 플랫폼  성장마루 (http",2024-03-12 15:26:08.0
컴퓨터정보통신공학과과,2024학년도 1학기 교과구분 정정 신청 안내(3/25~29),https://ce.jnu.ac.kr/bbs/ce/2114/872417/artclView.do,"1. 신청 대상  : 휴 복학에 따른 교과과정 적용년도 변경, 부 복수전공 선발, 모집단위간이동(전과) 및 국내 타대학 교류로 인한 교과구분 상이 학생 ▶ 교육과정 적용 기준 : 당초 입학년도 교육과정 적용, 단, 학적변동(복학, 재입학)으로 입학년도 교육과정 적용이 어려울 경우 복학하는 학년도의 소속학년 학생이 입학했던 당시의 교육과정으로 변경 할 수 있음. 2. 신청 유의사항  1) 휴 복학 및 전과에 따른 교과과정 적용년도 변경자의 경우 적용받는 교과과정에 따라 필수 과목이 달라질 수 있으므로 교과과정 적용년도 반드시 확인",2024-03-12 15:23:11.0
컴퓨터정보통신공학과과,[차세대통신혁신융합대학사업] 2024학년도 1학기 캡스톤디자인 과제 지원 공모 안내(신청: ~3/22),https://ce.jnu.ac.kr/bbs/ce/2114/872414/artclView.do,"차세대통신혁신융합대학사업단에서는 차세대통신 분야 창의적 종합설계 능력을 갖춘 인재 양성을 위해, 다음과 같이 2024학년도 1학기 캡스톤디자인 과제 지원을 공모하오니 많은 관심과 신청 바랍니다.- 다  음 -가. 공모 및 지원 개요 1) 공모 대상: 2024학년도 1학기 차세대통신혁신융합대학사업 참여학과   캡스톤디자인 교과목 수강생 2) 과제 유형 및 팀 구성 요건연번유형내용팀 구성 요건1일반형차세대통신 분야 관련 문제를 해결하는 과제지도교수 + 학부생2산업체 연계형(We-Meet Project)차세대통신 분야 관련문제를 현장경험",2024-03-12 15:14:28.0
컴퓨터정보통신공학과과,제31기(2024년 가을학기 파견) 미래에셋 해외교환 장학생 선발 안내(4/24~30),https://ce.jnu.ac.kr/bbs/ce/2114/872349/artclView.do,"미래에셋박현주재단에서 해외 교환학생 중 일정 요건을 갖춘 학생에게 장학금을 지원하고자  제31기 미래에셋 해외교환 장학생 을 다음과 같이 선발하오니, 학생들은 기간 내에 지원 바랍니다.가. 온라인 접수기간(학부생): 2024. 4. 24.(수) 10:00 ~ 4. 30.(화) 15:00 ※ 재단 홈페이지(http://foundation.miraeasset.com) 내 지원서 작성 및 제출서류 업로드나. 온라인 면접: 2024. 5. 28.(화) 10:00 ~ 21:00 ※ 1차 서류 합격자에 한하여 별도 응시다. 선발인원: 총 25",2024-03-12 11:20:58.0
컴퓨터정보통신공학과과,[공학교육혁신센터] 2024학년도 Capstone Design 지원사업 모집 안내(신청: ~3/22 17:00),https://ce.jnu.ac.kr/bbs/ce/2114/872309/artclView.do,"공학교육혁신센터에서는 전공 이론 및 실습과정을 바탕으로 축적한 문제해결능력을 토대로 산업체 또는 지역사회가 필요로 하는 Capstone Design 프로젝트 주제를 발굴하여 창의성, 실무능력, 팀 워크 등 실무능력 향상에 도움을 주고자 다음과 같이 『2024 Capstone Design 지원사업』을 실시하고자 합니다.관심있는 학생들의 참여 바랍니다. - 다    음 -가. 지원 분야지원 분야내  용모집인원(팀)비고Capstone Design 지원사업다학제형다양한 전공으로 구성된 팀 간 융합 프로젝트 수행9팀2개 이상의 非유사계열 전",2024-03-12 09:29:39.0
컴퓨터정보통신공학과과,[LINC3.0사업단] 2024년 1학기 캡스톤디자인 지원 안내(~4/4 15:00),https://ce.jnu.ac.kr/bbs/ce/2114/872031/artclView.do,"『3단계산학연협력선도대학육성사업단(LINC3.0)』에서는 취‧창업 역량강화 및 산업체 수요에 적합한 창의적 인재양성을 위하여 2024년 1학기 캡스톤디자인 교과목을 지원하고자 합니다. 1. 지원 대상: 캡스톤디자인 교과목 수강생 중 사업단 참여학과(부) 3, 4학년 학부생2. 지원 기간: 2024. 3. ~ 2024. 12.3. 지원 항목: 재료비, 실험(분석)비, 회의비, 인쇄비4. 지원 유형연번유형참여주체1일반형담당교원, 팀(학생)2기업연계형담당교원, 기업(기관)담당자, 팀(학생)3기업연계기반 학제간 융합형4글로벌형5. 지원 금",2024-03-08 11:12:47.0
컴퓨터정보통신공학과과,2025-2026년도 풀브라이트 미국 대학원 유학 장학 프로그램 안내(접수: 4/2~5/21),https://ce.jnu.ac.kr/bbs/ce/2114/871987/artclView.do,"한미교육위원단에서 아래와 같이 2025-2026년도 풀브라이트 미국 대학원 유학 장학 프로그램 안내하오니, 관심있는 학생들의 참여 바랍니다.가. 선발 대상: 2025년도 가을학기 미국 석박사 과정 유학 희망자나. 자격 요건  1) 대한민국 국민으로 미국 이중 국적자나 미국 영주권자가 아닌 지원자  2) 4년제 대학 기졸업자 또는 2025년 2월 학부 졸업 예정자  3) 2025년 4월부터 한국에 거주할 수 있는 지원자다. 지원 내용  1) 학비 및 생활비 연간 최대 $45,000, 최장 2년 지원  2) 기타 가족수당, 미국무성 의",2024-03-07 18:02:58.0
컴퓨터정보통신공학과과,[소프트웨어중심대학사업단]학부-대학원 그룹 스터디 모집 안내(~3/15),https://ce.jnu.ac.kr/bbs/ce/2114/871919/artclView.do,붙임   1. 2024년 전남대학교 소프트웨어중심대학사업 학부-대학원 공동운영 프로그램 운영 계획(1학기) 1부.        2. 2024년 전남대학교 소프트웨어중심대학사업 학부-대학원 공동운영 프로그램 제출서류양식 1부.  끝.,2024-03-07 11:19:24.0
컴퓨터정보통신공학과과,ECONOVATION(IT 개발 동아리) 27기 신입모집 안내(~3/15),https://ce.jnu.ac.kr/bbs/ce/2114/871899/artclView.do,"ECONOVATION 27기 신입모집 안내안녕하세요. 전남대학교 IT 개발 동아리 에코노베이션입니다.에코노베이션과 함께할 에코노베이션 27기 신입회원을 모집합니다.프로젝트를 진행해보고 싶어서 같이할 사람을 찾고 있나요?전공이 코딩과 무관한가요?코딩에 관심은 많지만 조언을 구할 사람이 없나요?에코노베이션은  열정   협업   성실  만 있다면 실력에 상관없이 누구든지 지원하실 수 있습니다!1. 모집분야 - WEB, APP, GAME, AI 개발자  - IT 관련 PM(기획자)  - UI/UX 디자이너2. 모집대상 : 3학기 이상 활동",2024-03-07 09:33:35.0
컴퓨터정보통신공학과과,2024학년도 1학기 실험실습교과목 수강자 온라인 안전교육 실시 안내(2/23~3/29),https://ce.jnu.ac.kr/bbs/ce/2114/871796/artclView.do,"2024학년 1학기 과학기술분야 연구실의 연구활동종사자에 대한 안전교육을 아래와 같이 실시하오니 교육대상자는 안전교육을 반드시 이수바랍니다.  (교육방법) 연구실안전관리통합시스템(http://safety.jnu.ac.kr) 또는 모바일안전교육(msafety.jnu.ac.kr)을 통한 안전교육 이수(붙임2, 3의 매뉴얼 참조)   ※ 코로나19 상황에 따라 신규, 정기 교육대상 구분없이  온라인 이수  가능(한시적)  (교육기간) 2024. 2. 23.(금) ~ 2024. 3. 29.(금)  (교육대상) 교수, 조교, 직원, 대",2024-03-06 14:20:06.0
컴퓨터정보통신공학과과,2024학년도 2학기 CAMPUS Asia-AIMS 국가장학 해외 파견 교환학생 모집 안내(접수: ~3/29),https://ce.jnu.ac.kr/bbs/ce/2114/871760/artclView.do,"2024학년도 2학기 CAMPUS Asia-AIMS 국가장학 해외 파견 교환학생 선발을 다음과 같이 진행하고자 하오니, 많은 학생들이 지원 바랍니다. 1. 모집 개요- 모집대상: 공학/AI융합, 농업, 국제통상 계열 전공 학부생- 파견대학: 5개국 9개교(말레이시아, 베트남, 인도네시아, 태국, 필리핀)- 장학혜택: 파견대학 등록금 면제, 정착 지원금 및 월별 체재비 지급 2. 선발 일정- 신청서 접수:  24. 3. 6.(수) ~ 3. 29.(금) 18:00- 선발시험(면접):  24. 4. 2.(화)- 합격자 발표:  24.",2024-03-06 10:55:35.0
컴퓨터정보통신공학과과,2024학년도 1학기  천원의 아침밥  제공 안내(~6/24),https://ce.jnu.ac.kr/bbs/ce/2114/871607/artclView.do,"우리 대학에서는 아침밥 먹기 운동을 통해 학생들의 건강을 증진시키고, 학교생활에 활력을 불어넣기 위하여  천원의 아침밥 사업을 시행하고 있으니 학생 여러분께서는 많이 이용해 주시기 바랍니다. 1. 제공기간 (※ 공휴일, 토 일요일 제외) - 제1학생마루 식당 : 2024. 3. 4.(월) ~ 6. 24.(월) - 화순 여미샘 식당 : 2024. 2. 19.(월) ~ 6. 28.(금)2. 이용시간 : 08:00 ~ 08:503. 이용장소 : 제1학생마루 식당(광주캠퍼스), 여미샘 식당(화순캠퍼스)4. 이용대상: 학생(학부 및 대학원생",2024-03-05 15:05:54.0
컴퓨터정보통신공학과과,2024년도 상반기 동아리 알림아리 행사 개최 안내(3/5~6),https://ce.jnu.ac.kr/bbs/ce/2114/871191/artclView.do,붙임  1. 2024학년도 상반기 알림아리행사내용 1부.  끝,2024-02-28 18:07:24.0
컴퓨터정보통신공학과과,제25기 학생홍보대사 선발 공고 안내(접수: 3/11~14),https://ce.jnu.ac.kr/bbs/ce/2114/871019/artclView.do,"글로벌대외협력처 대외협력실에서는 매년 학생홍보대사를 선발하여 대학 홍보 이미지 및 영상 모델, 대내 외 공식 행사 운영지원 등의 활동을 통해 우리 대학을 홍보하고 있습니다. 이에, 애교심과 열정을 가진 「제25기 학생홍보대사」를 선발할 예정입니다. 가. 선발 인원: 총 10명(광주 8명, 여수 2명)나. 선발 일정구분일정(안)비고선발 공고'24. 2. 26.(월)대학 홈페이지모집설명회'24. 3. 8.(금)인문대학 김남주홀지원서 접수 기간'24. 3. 11.(월) ~ 13.(수)    1단계 서류전형'24. 3. 14.(목)   서",2024-02-27 10:09:16.0
컴퓨터정보통신공학과과,2024학년도 제1학기 추가 등록 및 휴·복학 신청 기간 안내(3/12~14),https://ce.jnu.ac.kr/bbs/ce/2114/870855/artclView.do,"우리 대학교에서는 2024. 2. 20.(화) ~ 2. 23.(금) 등록을 실시하였으나 아직까지 등록금을 납부하지 못한 학생이 있어 다음과 같이 추가 등록기간과 휴 복학 기간을 설정 시행하오니 기간내에 등록금 납부와 휴 복학하시기 바랍니다.   ■ 다      음 ■1. 등록금 납부 기간 : 2024. 3. 12.(화) ~ 3. 14.(목) 16:00까지 [3일간] ➣ 2024. 1학기 수업연한 초과자도 위 기간 내에 등록금 납부2. 납입금 납부장소 : 광주, 농협, 국민, 신한은행 전국지점 ➣ 고지서 상의 가상계좌 입금, 광주은행",2024-02-26 11:14:44.0
컴퓨터정보통신공학과과,"두근두근 엔지니어링 프로젝트(선후배멘토링) 16기 멘토, 멘티 모집(~3/12)",https://ce.jnu.ac.kr/bbs/ce/2114/870851/artclView.do,"1. 프로그램 내용  가. 활동보고서 내용 구성: 멘토 1명, 멘티 3명으로 구성원을 이루어 활동보고서 주제(2가지 이상) 선택 진행  나. 활동보고서 주제(안)   구분 내 용   대학 생활 - 캠퍼스 및 학교 인근지역 탐방: 교내 명소에서 사진 촬영, 교내 시설물 이용 방법 안내, 학교 인근지역 식당/카페 탐방 등 (최대 2회까지 가능, 1학년 위주) - 학사, 장학제도, 휴/복학 등 대학생활 정보 제공 - 취업지원실, 교육혁신본부, 국제협력본부 등 교내 프로그램 탐색 및 참여 - 교내/외 프로그램 탐색 및 프로그램 참가   자",2024-02-26 11:11:19.0
컴퓨터정보통신공학과과,[반도체개발지능화센터] SoC 설계 및 실습 과정 교육생 모집 안내(~2/24),https://ce.jnu.ac.kr/bbs/ce/2114/870768/artclView.do,"인공지능 반도체 분야 전문 인력 양성을 위하여 SoC 설계 및 실습 교육에 참여할 학생을 모집합니다.   1. 교육 대상 반도체 분야 취업을 희망하는 광주 전남권 소재 대학 소속의 전공, 비전공 대학(원) 재학생, 휴학생, 졸업생 (졸업 후 2년 이내)※ 광주 전남권 소재 대학(15개교) - 광주권 : 광주대, 광주여대, 남부대, 동강대, 전남대, 조선대, 호남대 - 전남권 : 동신대, 목포대, 목포해양대, 순천대, 순천제일대, 전남과학대, 전남도립대, 초당대   2. 교육 개요 가. 교육 과정 : SoC 설계 및 실습 과정 교육",2024-02-23 15:44:48.0
컴퓨터정보통신공학과과,2024학년도 신입생 및 재학생 건강검진 실시 안내(~3/15),https://ce.jnu.ac.kr/bbs/ce/2114/870576/artclView.do,"보건진료소에서는 학생 개인의 건강관리를 위하고 대학내 감염병 질환을 예방하기 위해 2024학년도 재학생 건강검진을 다음과 같이 실시하고자 합니다.    가. 건강검진 실시기간   ○ 광주캠퍼스: 2024. 2. 13.(화) ~ 3. 15.(금)  ○ 여수캠퍼스: 2024. 3. 4.(월) ~ 3. 5.(화)    나. 검진시간 및 장소   ○ 광주캠퍼스: 보건진료소(제1학생마루 2층) 09:30~11:30, 13:00~16:30  ○ 여수캠퍼스: 보건진료소(체육관 또는 학생회관 앞) 09:00~11:30, 13:00~16:00",2024-02-20 16:24:30.0
컴퓨터정보통신공학과과,2024학년도 1학기 셔틀버스(광주 ↔ 여수캠퍼스) 운행 안내,https://ce.jnu.ac.kr/bbs/ce/2114/870440/artclView.do,"2024학년도 1학기 행정업무 지원을 위한 셔틀버스를 다음과 같이 운행하고자 합니다. 가. 운행 목적: 광주 여수캠퍼스 간 행정업무 지원 나. 운행 기간: 2024. 03. 04.(월) ~ 2024. 06. 24.(월) [토, 일, 공휴일 제외] 다. 운행 차량: 광주캠퍼스(41인승), 여수캠퍼스(44인승) 대형버스 각 1대 라. 운행 현황승차장소운행경로출발시간도착시간비 고광주캠퍼스 용지 삼거리(컨벤션홀 부근 승강장)광주   여수07:1008:50   16:2517:50   13:3015:10※ 매주 금요일 운행여수캠퍼스 로터리(버",2024-02-19 15:26:38.0
컴퓨터정보통신공학과과,2024학년도 1학기 광주시내 통학버스 운행 안내,https://ce.jnu.ac.kr/bbs/ce/2114/870439/artclView.do,"2024학년도 1학기 광주시내 통학버스를 다음과 같이 운행하고자 합니다. 가. 운행목적: 학사 운영을 위한 재학생 통학 지원  나. 운행기간: 2024. 03. 04.(월) ~ 2024. 06. 24.(월) [토, 일, 공휴일 제외] 다. 운행노선 및 운행시간  1) 농성동/광천동 방면횟수양동 주공A (그린파크 승강장옆)농성영무메트로A (뚜레쥬르앞)교원공제회관 (정문앞)광천동다이소옆 (동아한의원앞)챔피언스필드삼거리 (팔각정앞)경신여고사거리 (무등맨션입구앞)학교 (용봉탑)1회07:3507:4007:4307:4507:4807:5007:",2024-02-19 15:24:51.0
컴퓨터정보통신공학과과,2024학년도 신(편)입생 학생증 발급 계획 및 신청 방법 안내,https://ce.jnu.ac.kr/bbs/ce/2114/870364/artclView.do,"2024학년도 신(편)입생 학생증 발급 계획 및 신청 방법을 다음과 같이 안내하오니, 학생들은 기한 내에 신청하여 발급 받으시기 바랍니다. 1. 신청 대상: 2024학년도 신입생(학부, 편입, 대학원)  ※ 외국인 학생은 학생증카드 대면(오프라인)발급만 가능 2. 학생증 사진 등록: 2024. 3. 4.(월) ~ 3. 11.(월) / 전남대학교 포털3. 사진파일 확인 및 승인: 2024. 3. 4.(월) ~ 3. 12.(화) / 학과 담당자(조교) 4. 학생증 신청: 2024. 3. 15.(금) ~ 3. 29.(금) / 온라인 신청",2024-02-19 10:37:07.0
컴퓨터정보통신공학과과,2024학년도 2학기 해외 파견교환학생 선발 안내(~3/4),https://ce.jnu.ac.kr/bbs/ce/2114/870349/artclView.do,"2024학년도 2학기 해외 파견 교환학생을 다음과 같이 선발 하고자 합니다. 가. 파견대학 및 선발 예정인원: 33개국 103개교 213명 (이 중 25개국 62개 자매대학에서 대학원생 교환학생도 초청을 허가함에 따라, 대학원생도 지원 가능 함)나. 파견기간: 2024년 7월 ~ 2025년 5월 중 (한 학기 또는 1년 파견)다. 주요 추진일정 1) 모집공고 및 신청서 접수:  24. 2. 19.(월) ~ 3. 4.(월) 2) 선발시험(외국어 구술 및 면접):  24. 3. 6.(수) 3) 합격자 발표:  24. 3. 7.(목)",2024-02-19 09:59:21.0
컴퓨터정보통신공학과과,[차세대통신혁신융합대학] 한국통신학회 워크숍 참가 지원 안내(신청: ~2/21 17:00),https://ce.jnu.ac.kr/bbs/ce/2114/870222/artclView.do,"차세대통신혁신융합대학사업단에서는 차세대통신 분야 혁신 인재 양성 및 역량 제고를 위하여 다음과 같이 한국통신학회 워크숍 참가를 지원하고자 하오니 학생들의 참여 바랍니다.- 다 음 -1. 프로그램 개요 가. 프로그램 명: 한국통신학회 워크숍 참가 지원 나. 일 시: 2024. 2. 26.(월) ~ 2024. 2. 27.(화) 다. 참가 대상: 차세대통신혁신융합대학사업 참여학과   교과목 및 차세대통신 마이크로디그리 수강한 재학생   * 참여학과: 컴퓨터정보통신공학과, 소프트웨어공학과, 전자통신공학과, 전자공학과, 인공지능학부  라.",2024-02-16 09:11:25.0
컴퓨터정보통신공학과과,"23학년도 학위수여식,  24학년도 입학식 축하 메시지 및 축하 영상 공모 안내(~2/22 18:00)",https://ce.jnu.ac.kr/bbs/ce/2114/870166/artclView.do,"CNU 메타버시티 가상공간 내에 졸업 및 입학 축하 메시지와 영상을 게시하기 위해 아래와 같이 공모하오니, 많은 구성원들의 참여 바랍니다.   구분내 용공모명◦ 졸업 입학 축하 메시지 및 영상 공모참여 대상◦ 전남대학교 대학(원)생 및 교직원참여 방법◦ 참가 신청서(붙임2)와 축하메시지 영상파일을 이메일로 제출 ※ 이미지 또는 영상 중 택일하여 참여 가능 ※ 제출 이메일 주소: suoo71@naver.com - (이미지) 직접 제작한 축하 메시지 이미지 원본(현수막 및 포스터 등 자유 형식)  - (동영상) 직접 촬영한 축하 영상",2024-02-15 11:27:26.0
컴퓨터정보통신공학과과,제72회(2023학년도) 전기 학위수여식 및 2024학년도 입학식 안내(학위복 대여: 2/26 9:15~11:50),https://ce.jnu.ac.kr/bbs/ce/2114/870132/artclView.do,"□ 입학식가. 일시: 2024. 2. 29.(목) 14:00나. 장소: 민주마루□ 학위수여식가. 일시: 2024. 2. 26.(월) 10:00나. 장소: 민주마루다. 행사방법: 대면행사 및 메타버스 병행라. 학위수여식 포토존 설치 및 운영 - 광주캠퍼스: 민주마루, 5.18광장, 제2학생회관, 공과대학(시계탑), 인문대 1호관 - 여수캠퍼스(2곳): 정문, 학생회관, 청경마루라. 졸업증서, 학위기 및 상장 배부 : 학과 배부(공7-226)마. 학위복(학사,석사,박사) 대여  - 대여기간 : '24. 2. 26.(월) 9시 15분 ~",2024-02-14 17:32:29.0
컴퓨터정보통신공학과과,2024학년도 대학생활안내 자료 활용 안내,https://ce.jnu.ac.kr/bbs/ce/2114/869986/artclView.do,"우리 대학교 신입생과 재학생의 대학생활에 도움이 될 수 있도록 대학생활, 기관소개 등 학사업무 전반에 관한 정보를 수록한 「2024학년도 대학생활안내」 자료를 붙임과 첨부하오니 학생 및 구성원들의 활용 바랍니다.가. 자료 열람: 전남대학교 홈페이지-커뮤니티-공지사항 참조나. 대학생활안내는 책자로 발간하지 않고 홈페이지에 게시하여 e-Manual로 활용 붙임 2024학년도 대학생활안내 자료 1부. 끝.",2024-02-13 09:57:16.0
컴퓨터정보통신공학과과,2024학년도 1학기 국가장학금 2차 신청 안내(2/1~3/14),https://ce.jnu.ac.kr/bbs/ce/2114/869205/artclView.do,"2024학년도 1학기 국가장학금 2차 신청 일정을 다음과 같이 안내하오니 학생들의 국가장학금 신청 바랍니다.  가. 신청대상: 재학생*, 복학생, 재입학생, 신입생, 편입생  * 재학생은 국가장학금 1차 신청 원칙(2차 신청 시 재학 중 2회에 한해 수혜 가능) 나. 신청기간: '24. 2. 1.(목) ~ 3. 14.(목) 18:00 (총 43일간) - 서류제출 및 가구원 정보제공 동의 기간:  '24. 2. 1.(목) ~ '24. 3. 21.(목) 18:00  ※ 주말․공휴일 포함 24시간 신청 가능, 마지막 날은 18시 마감",2024-01-30 20:16:58.0
컴퓨터정보통신공학과과,2024학년도 1학기 공학교육인증프로그램 취소 신청서 제출 안내(2/13~3/6),https://ce.jnu.ac.kr/bbs/ce/2114/868667/artclView.do,"2024학년도 1학기 공학교육인증프로그램 취소 신청서 제출 안내드립니다.[일반공학프로그램 및 공학교육인증프로그램 간 전환 신청]1. 취소 신청 안내대상자 4학기 교육과정 이수학생 중 5학기 ~ 8학기 수강신청 대상 학생 신청기간  2024.2.13.(화) ~ 3.6.(수)제출서류 (붙임1)일반공학프로그램 신청서 1부제출방법 학과사무실(공7-226) 방문 제출취소시 변경사항(아래 표 확인) - 교양 영역(인간과사회, 창의, 감성, 공동체) 별 자유교과목 선택 수강 가능  - 전공 이수 학점(76학점   69학점) 변경  - 교양최대인",2024-01-25 19:00:29.0
컴퓨터정보통신공학과과,[1학년] 2024학년도 1학기 수강신청 안내,https://ce.jnu.ac.kr/bbs/ce/2114/868666/artclView.do,"2024학년도 1학기 1학년 수강신청 안내※ 타과 개설 교과목 여석 문의 시 전화 예절을 지켜주시기 바랍니다. ❏ 수강신청 방법수강신청 방법전남대학교 포털(http://portal.jnu.ac.kr) ➔ 로그인 ➔ 교육지원 ➔ 내학사행정 ➔ 수업 ➔ 수강신청 ➔ 수강신청(학부) 또는 수강신청(간편)신입생 로그인 정보포털 아이디(학생 계절) 발급 후 수강신청 가능▸ 가입방법 : 전남대포털 ➔ 회원가입하기 ➔ 약관동의 ➔ 본인확인 ➔ 학번확인 ➔ 회원가입 ➔ 완료※ 학적에 등록된 성명, 생년월일, 학번 정보가 일치 하지 않으면 가입 불",2024-01-25 18:42:41.0
컴퓨터정보통신공학과과,[2~4학년] 2024학년도 1학기 수강신청 안내(대체 신청: 3/4~6),https://ce.jnu.ac.kr/bbs/ce/2114/868665/artclView.do,2024학년도 1학기 2~4학년 수강신청 안내   ※ 타과 개설 교과목 여석 문의 시 전화 예절을 지켜주시기 바랍니다.    ❏ 수강신청 방법   수강신청 방법 전남대학교 포털(http://portal.jnu.ac.kr) ➔ 로그인 ➔ 교육지원 ➔ 내학사행정 ➔ 수업 ➔ 수강신청 ➔ 수강신청(학부) 또는 수강신청(간편)    ❏ 수강신청 일정 구 분 기 간 시 간 비 고  수강희망과목 예약 2월 5일(월) ~ 2월 6일(화) 10:00~18:00- 포털 로그인 ➔ 교육지원 ➔ 내학사행정 ➔ 수업 ➔ 수강신청안내 ➔ 수강희망과목 예약,2024-01-25 18:39:21.0
컴퓨터정보통신공학과과,입학년도별 교양 교과목 이수 안내(2017~),https://ce.jnu.ac.kr/bbs/ce/2114/868661/artclView.do,"입학년도별 교양 교과목 이수 안내[컴퓨터정보통신공학과/컴퓨터정보통신공학전공]   공학교육인증제 관련         [컴퓨터정보통신공학과 및 전자컴퓨터공학부는 입학시 자동으로 공학교육인증제(공학프로그램) 신청됨] ▶ 공학프로그램 이수 시    1. 위 균형교양의 인간과사회 영역의 지정 교과목과 역량교양의 창의, 감성, 공동체 영역의 지정된 교과목을 모두 이수 (지정 교과목 * 표기)   2. 전공 76학점 이상 이수, 설계교과목 9학점~12학점 이상 이수, MSC교과목 12학점~26학점 이상 이수   3. 전공 교과목 선후수 체계 및",2024-01-25 18:21:40.0
컴퓨터정보통신공학과과,2024학년도 1학기 국내 ICT학점연계 프로젝트 인턴십 모집 안내(~2/2),https://ce.jnu.ac.kr/bbs/ce/2114/868646/artclView.do,"4차 산업시대 ICT 핵심기술분야 인재 양성과 우리 대학생의 경쟁력강화를 위해 국내  ICT학점연계 프로젝트 인턴십에 참여하고자 하오니, 학생들의 적극 참여 바랍니다.    가. 프로그램명: 국내 ICT학점연계 프로젝트 인턴십 나. 신청기간: 2024. 1. 24.(수) ~ 2. 2.(금) 17:00까지 온라인 신청다. 주요일정 라. 지원자격 및 방법   - 4학기 이상 이수 및 IT관련 전공, 부전공, 복수전공 및 연계전공 중 택일   - 인턴십 기업 지원 방법: 공식홈페이지(https://ictintern.or.kr)에서 회원",2024-01-25 16:37:38.0
컴퓨터정보통신공학과과,2024학년도 1학기 등록금재원 교내 장학금 관련 마일리지 점수 확인(~1/26 17:00),https://ce.jnu.ac.kr/bbs/ce/2114/868514/artclView.do,"1. 확인 기간 : 2024년 1월 25일(목) ~ 26일(금) 17:00 2. 확인 방법 : 학과학생마일리지사이트(http://ecescholarship.kr) ▶ 로그인(ID: 학번, 초기PW: 학번) ▶ 본인 마일리지 점수 확인 3. 문의사항 : 062)530-1751 (컴퓨터정보통신공학과)4. 학과학생 마일리지  장학 사이트 내 학과학생 마일리지실제 반영 학생 마일리지학부학생 마일리지 점수(1000점) 총점(1000점) : 0 점 자기계발활동 기록부 점수(500점) : 점 학부학생 마일리지 점수(500점) : 0 점   학부",2024-01-24 19:17:01.0
컴퓨터정보통신공학과과,[광주전남지역혁신플랫폼] Cortex M4 시스템 응용 설계 교육생 모집 안내(~2/12),https://ce.jnu.ac.kr/bbs/ce/2114/868502/artclView.do,"호남권 최초의 ARM 공인교육센터에서 진행하는 Cortex M4 시스템 응용 설계 과정 교육생을 모집합니다.    1. 교육 대상 반도체 분야 취업을 희망하는 광주 전남권 소재 대학 소속의 전공, 비전공 대학(원) 재학생, 휴학생, 졸업생 (졸업 후 2년 이내)※ 광주 전남권 소재 대학(15개교) - 광주권 : 광주대, 광주여대, 남부대, 동강대, 전남대, 조선대, 호남대 - 전남권 : 동신대, 목포대, 목포해양대, 순천대, 순천제일대, 전남과학대, 전남도립대, 초당대   2. 교육 개요 가. 교육 과정 : Cortex M4 시스템",2024-01-24 17:29:36.0
컴퓨터정보통신공학과과,[광주전남지역혁신플랫폼] 메모리 반도체 테스트 기술과정(YIKC) 모집 안내(~2/18),https://ce.jnu.ac.kr/bbs/ce/2114/868498/artclView.do,"인공지능 반도체 테스트 특화 전문 인력 양성을 위하여 메모리 반도체 테스트 분야 국내 1위 기업인 YIKC의 메모리 반도체 테스트 기술 과정 교육에 참여할 학생을 모집합니다.   1. 교육 대상 반도체 분야 취업을 희망하는 광주 전남권 소재 대학 소속의 전공, 비전공 대학(원) 재학생, 휴학생, 졸업생 (졸업 후 2년 이내)※ 광주 전남권 소재 대학(15개교) - 광주권 : 광주대, 광주여대, 남부대, 동강대, 전남대, 조선대, 호남대 - 전남권 : 동신대, 목포대, 목포해양대, 순천대, 순천제일대, 전남과학대, 전남도립대, 초당대",2024-01-24 17:27:24.0
컴퓨터정보통신공학과과,[광주전남지역혁신플랫폼] 시스템 반도체 테스트 기술과정(Teradyne) 모집 안내(~2/4),https://ce.jnu.ac.kr/bbs/ce/2114/868495/artclView.do,"인공지능 반도체 테스트 특화 전문 인력 양성을 위하여 시스템 반도체 테스트 분야 세계 1위 기업인 Teradyne의 시스템 반도체 테스트 기술 과정 교육에 참여할 학생을 모집합니다.   1. 교육 대상 반도체 분야 취업을 희망하는 광주 전남권 소재 대학 소속의 전공, 비전공 대학(원) 재학생, 휴학생, 졸업생 (졸업 후 2년 이내)※ 광주 전남권 소재 대학(15개교) - 광주권 : 광주대, 광주여대, 남부대, 동강대, 전남대, 조선대, 호남대 - 전남권 : 동신대, 목포대, 목포해양대, 순천대, 순천제일대, 전남과학대, 전남도립대,",2024-01-24 17:24:04.0
컴퓨터정보통신공학과과,2024학년도 1학기 수강신청 시행 계획 안내,https://ce.jnu.ac.kr/bbs/ce/2114/868493/artclView.do,1. 주요일정    업무내용 기간 시간 대상 내용   수강인원 조정  24.1.24.(수) 1.30.(화) 09:00～ 18:00  전공: 강좌 주관학과  교양: 강좌 협력학과  학년별 수강인원 관리  자과/타과/부전공 수강인원 조정  분반정보의 사무실 번호 입력   수강신청 테스트  24.1.31.(수) 10:00～ 18:00  학부 전 학년 공통  수강희망과목 예약 테스트    24.2.1.(목) 10:00～ 18:00  수강신청 테스트 ※ 테스트 종료 후 신청내역 일괄 삭제   수강희망과목 예약 신청 '24.2.,2024-01-24 17:18:29.0
컴퓨터정보통신공학과과,2023학년도 하반기 느티나무 장학금 신청 안내(~1/31),https://ce.jnu.ac.kr/bbs/ce/2114/867973/artclView.do,"2023학년도 하반기 느티나무 장학을 다음과 같이 시행하오니 많은 학생들의 신청 바랍니다. 가. 장학금액: 금16,000천원(1인당 1,000천원 이내) 나. 지원기준 1) 대상: 학부 재적생으로 다음 조건에 해당하는 자(소급적용 불가)  - 국가고시, 공인자격증 등 당해연도 해당 시험에 1차 합격한 자  - 각종 대외활동 등을 통해 당해연도 당선 또는 수상한 자 2) 지원제한: 수업연한 초과자 및 근신 이상의 징계처분을 받은 자 3) 수혜횟수 제한: 동일 자격에 대해서는 1회만 지원 다. 신청 및 장학금 지급 1) 신청기간: 20",2024-01-17 17:05:48.0
컴퓨터정보통신공학과과,전남대학교 개발 동아리 에코노베이션 성과 발표회 개최 안내(1/25 13:00~18:30),https://ce.jnu.ac.kr/bbs/ce/2114/867865/artclView.do,"2024 ECONOVATION WINTER DEV 안녕하세요! 전남대학교 개발 동아리 에코노베이션입니다!ECONOVATION이 한 학기 동안 진행했던 프로젝트를 발표하는 2024 WINTER DEV가 개최됩니다!!ECONOVATION은 웹, 앱, 인공지능 등 다양한 분야의 학생들이 팀을 꾸려 한 학기 동안 프로젝트를 진행하는 동아리인데요, 개발 과정에서 경험한 문제 해결과 가치를 나누고자  WINTER DEV  발표회를 진행합니다.다양한 분야의 학생들이 모인 만큼 2024 WINTER DEV에도 다양한 결과물이 나왔는데요!이번 2",2024-01-16 17:03:30.0
컴퓨터정보통신공학과과,"국가거점국립대학교 2024학년도 1학기 학사교류강화 통합 공고 안내(강원대,경북대,경상국립대,부산대,전북대,제주대,충남대,충북대)(~1/17)",https://ce.jnu.ac.kr/bbs/ce/2114/867344/artclView.do,"국가거점국립대학교(KNU10)는 학사교류 활성화 및 상호발전을 위한 협력을 도모하고자 2020. 10. 8. 상호협약을 체결하였고, 이에 따라 2024학년도 1학기에도 학점 교류제도를 발전시킨 국가거점국립대학교(KNU10) 학사교류 제도를 운영합니다. ※ KNU10: 전남대, 강원대, 경북대, 경상국립대, 부산대, 서울대, 전북대, 제주대, 충남대, 충북대이에 국가거점국립대학(KNU10) 학사교류 통합공고문을 붙임과 같이 안내하오니, 희망자가 있을 경우 학과사무실로 서류 제출하여 주시기 바랍니다.   1. 제출 기한: 2024. 1",2024-01-12 19:07:32.0
컴퓨터정보통신공학과과,[반도체특성화대학사업단] 2024 반도체융합전공 학생 모집 안내(1/15~23),https://ce.jnu.ac.kr/bbs/ce/2114/867097/artclView.do,『반도체 융합전공』은 차세대 모빌리티용 반도체 분야의 전문인재 양성을 목적으 로하며 제2기 융합전공생을 모집하고자 합니다.1. 신청자격 : 전남대학교에서 30학점 이상 이수 학생 (타교 편입학생은 전남대학교 인정학점기준)2. 이수요건  가. 반도체융합전공 이수학점 : 36학점 (전공필수 3학점 포함)  나. 주 전공에서 수강한 12학점 융합 전공 학점으로 인정(유사교과목)   ※ 12학점을 인정받는 학생의 경우 반도체융합전공 교과목 24학점 추가 수강해야 함   ※ 유사교과목은 전남대학교반도체특성화대학사업단 공지사항 참고3. 교육혜,2024-01-10 11:03:37.0
컴퓨터정보통신공학과과,2024학년도 편입학(일반)전형 구술면접 안내,https://ce.jnu.ac.kr/bbs/ce/2114/867058/artclView.do,1. 편입학 전형 일시 : 2024.2.1.(목) 09:00 ~ 10:00 2. 시험 안내   구분 면접 질의 과목   구술면접(제시문 활용)  ▶ 프로그래밍(C언어 또는 C++)  ▶ 논리회로설계    3. 문의 : 컴퓨터정보통신공학과(062-530-1751),2024-01-09 18:59:47.0
컴퓨터정보통신공학과과,2024학년도 1학기 한국장학재단 학자금 대출 신청 안내,https://ce.jnu.ac.kr/bbs/ce/2114/866823/artclView.do,"2024학년도 1학기 학자금 대출 기본계획을 붙임과 같이 알려드리오니, 원할한 학자금 대출이 이루어질 수 있도록 학생들에게 안내하여 주시기 바랍니다.가. 대출신청 및 실행기간구분등록금 대출분납연계 대출 및 생활비 대출신청2024. 1. 3.(수) ~  4. 25.(목)2024. 1. 3.(수) ~  5. 16.(목)실행2024. 1. 3.(수) ~  4. 26.(금)2024. 1. 3.(수) ~  5. 17.(목) 나. 신청 및 실행 방법한국장학재단 홈페이지(www.kosaf.go.kr) 회원가입(공인인증서 로그인) 가구원 동의 금",2024-01-05 18:37:50.0
컴퓨터정보통신공학과과,[광주전남지역혁신플랫폼] 시스템 반도체 테스트 교육 모집 공고 안내(신청: 1/5~2/13),https://ce.jnu.ac.kr/bbs/ce/2114/866765/artclView.do,"인공지능 반도체 테스트 특화 전문 인력 양성을 위하여 기업 EXICON의 시스템 반도체 테스트 기술 과정 교육에 참여할 학생을 모집합니다.   1. 교육 대상 반도체 분야 취업을 희망하는 광주 전남권 소재 대학 소속의 전공, 비전공 대학(원) 재학생, 휴학생, 졸업생 (졸업 후 2년 이내)※ 광주 전남권 소재 대학(15개교) - 광주권 : 광주대, 광주여대, 남부대, 동강대, 전남대, 조선대, 호남대 - 전남권 : 동신대, 목포대, 목포해양대, 순천대, 순천제일대, 전남과학대, 전남도립대, 초당대   2. 교육 개요 가. 교육 과정",2024-01-05 11:18:38.0
컴퓨터정보통신공학과과,[광주전남지역혁신플랫폼] 반도체 테스트 기술과정 해외교육 프로그램 안내(신청: 1/5~11 16:00),https://ce.jnu.ac.kr/bbs/ce/2114/866763/artclView.do,"인공지능 반도체 테스트 특화 전문 인력 양성을 위하여 반도체 테스트 기술 과정 해외 교육 프로그램에 참여할 학생을 모집합니다. 1. 교육 대상반도체 분야 취업을 희망하는 광주 전남권 소재 대학 소속의 전공, 비전공 대학(원) 재학생, 휴학생, 졸업생 (졸업 후 2년 이내)   ※ 광주 전남권 소재 대학(15개교) - 광주권 : 광주대, 광주여대, 남부대, 동강대, 전남대, 조선대, 호남대 - 전남권 : 동신대, 목포대, 목포해양대, 순천대, 순천제일대, 전남과학대, 전남도립대, 초당대    2. 교육 개요   구분 신청 A 신청 B",2024-01-05 11:13:44.0
컴퓨터정보통신공학과과,[반도체개발지능화센터] Advantest 메모리 반도체 테스트 1Day 투어 모집 안내,https://ce.jnu.ac.kr/bbs/ce/2114/866428/artclView.do,"인공지능 반도체 테스트 특화 전문 인력 양성을 위하여 메모리 반도체 테스트 분야 세계 1위 기업인 Advantest의 반도체 테스트 장비 양산 라인 투어에 참여할 학생을 모집합니다. 1. 교육 대상반도체 분야 취업을 희망하는 광주 전남권 소재 대학 소속의 전공, 비전공 대학(원) 재학생, 휴학생, 졸업생 (졸업 후 2년 이내)※ 광주 전남권 소재 대학(15개교)- 광주권 : 광주대, 광주여대, 남부대, 동강대, 전남대, 조선대, 호남대- 전남권 : 동신대, 목포대, 목포해양대, 순천대, 순천제일대, 전남과학대, 전남도립대, 초당대",2024-01-02 17:34:45.0
컴퓨터정보통신공학과과,[광주전남지역혁신플랫폼] 실무 프로젝트 참가자 모집 안내(~1/5),https://ce.jnu.ac.kr/bbs/ce/2114/866233/artclView.do,,2024-01-02 09:58:04.0
컴퓨터정보통신공학과과,2024학년도 제1학기 등록 안내(2/20~23 16:00),https://ce.jnu.ac.kr/bbs/ce/2114/866176/artclView.do,"2024학년도 제1학기 등록금 납부를 다음과 같이 공고하오니 등록에 차질 없으시기 바랍니다. 1. 기 간 : 2024. 2. 20.(화) ~ 2. 23.(금) 16:00까지 [4일간]2. 장 소 : 광주은행, 농협(지역농협 포함), 국민은행, 신한은행 전국 본 지점3. 등록금 분할납부 방법 가. 신청대상: 경제사정으로 정해진 기간내에 등록금 전액 납부가 어려워 분할납부하고자 하는 학생   [신청제외자: 학부 및 대학원 신입생, 전액 장학금 수혜자, 미등록 휴학예정자, 수업연한초과자] 나. 신청기간 : 2024. 1. 8.(월) ～",2023-12-29 16:32:56.0
컴퓨터정보통신공학과과,2024학년도 상반기 글로벌과정 ICT학점연계 프로젝트 인턴십 학생 모집 안내(~1/11 16:00),https://ce.jnu.ac.kr/bbs/ce/2114/866173/artclView.do,4차 산업시대 ICT 핵심기술분야 인재 양성과 우리 대학생의 경쟁력강화를 위해 아래와 같이 정보통신기획평가원 주관 2024학년도 상반기 글로벌과정 ICT학점연계 프로젝트 인턴십에 참여를 원하는 학생은 2024. 1. 11.(목)까지 신청하여 주시기 바랍니다. 가. 프로그램명: 2024년 상반기 글로벌 ICT학점연계 프로젝트 인턴십 나. 추천인원: 제한없음 다. 주요일정일 정내 용신청자격  23.12.27.(수)~ 24.1.11.(목) 16:00까지 글로벌과정 추천학생 모집  국적: 대한민국  학기: 6학기 이상 이수자  전공: IT,2023-12-29 16:25:41.0
컴퓨터정보통신공학과과,2024학년도 1학기 우선 선발 장학(법정장학 및 복지장학 등) 신청 안내(~1/10 17:00),https://ce.jnu.ac.kr/bbs/ce/2114/866172/artclView.do,2024학년도 1학기 재학생 등록금 감면 우선 선발 장학생을 선발하고자 하오니 해당자는 1월 10일(수) 17:00까지 내에 학과실로 신청바랍니다.  법정장학   복지장학   특별장학 수혜자격 및 증빙서류 구 분수혜자격증빙 서류장학금비고국가유공장학(법정장학) 독립유공자예우에 관한 법률 등 관련 법령에 따른 법정 장학 대상자 중 직전 학기 평균평점이 1.75(실점 70점) 이상인 자※ 국가유공자 등 본인은 성적 제한 없음 교육지원대상자증명서(본인) 또는 대학수업료등 면제대상자증명서(자녀) 1부※ 기수혜자는 신청 필요 없음등록금 전,2023-12-29 16:17:14.0
컴퓨터정보통신공학과과,[공학교육혁신센터] 글로벌 캡스톤 프로젝트(i-CAPS) 안내(접수: ~1/8),https://ce.jnu.ac.kr/bbs/ce/2114/865983/artclView.do,"전남대 공학교육혁신센터에서는 전북대, 충남대와 공동으로 글로벌 융합교육 모델을 개발하기 위하여 해외대학 학생들과 국내대학 학생들을 매칭하여, 글로벌 캡스톤디자인 프로젝트(i-CAPS)를 운영하고 있습니다. 공과대학 학생들의 많은 참여 바랍니다. 1. 건명: 11기 I-CAPS (International Student-Capstone Design Project)2. 설계 주제: Future Campus  - Future Campus 설계 주제 내에서 세부 주제는 소재 분야 관련 프로젝트여야 함3. 모집팀수: 전남대 2팀 (팀당 국내학",2023-12-28 09:26:43.0
컴퓨터정보통신공학과과,[3단계 산학연협력 선도대학 육성사업단(LINC3.0)] 비교과 프로그램 아이디어 공모전 안내(~1/14),https://ce.jnu.ac.kr/bbs/ce/2114/865835/artclView.do,『3단계 산학연협력 선도대학 육성사업단(LINC 3.0)』에서는 우리대학 재학생들이 수요자 관점에서 스스로 비교과 교육과정을 설계 제안하며 자기주도적 교육 역량 강화를 위하여 「2023년 LINC 3.0 비교과 프로그램 아이디어 공모전」를 운영하오니 많은 학생들의 참여 바랍니다.1. 사업 명: 2023년 LINC 3.0 비교과 프로그램 아이디어 공모전2. 신청 대상: 전남대학교 LINC 3.0 사업단 참여학과 재학생 개인 또는 팀(4명 이내)  ※ 대학원생 가능3. 신청 기간: 공고일 ~ 2024. 1. 14.(일)4. 신청 방법:,2023-12-26 17:56:29.0
컴퓨터정보통신공학과과,[차세대통신혁신융합대학] 2024년도 한국통신학회 참가 지원 안내(신청: ~1/5),https://ce.jnu.ac.kr/bbs/ce/2114/865674/artclView.do,"차세대통신혁신융합대학사업단에서는 차세대통신 분야 혁신인재 양성 및 역량 제고를 위하여 다음과 같이 2024년도 한국통신학회 참가를 지원하오니 학생들의 많은 신청 바랍니다.- 다 음 -1. 행사 개요  가. 행 사 명: 2024년도 한국통신학회 동계종합학술발표회  나. 일 시: 2024. 1. 31.(수) ~ 2024. 2. 2.(금)  다. 장 소: 강원도 평창군 용평 리조트  라. 참여대상: 차세대통신혁신융합대학사업 참여학과* 교과목 및 차세대통신 마이크로디그리 수강한 재학생    * 참여학과: 컴퓨터정보통신공학과, 소프트웨어공학",2023-12-22 18:09:15.0
컴퓨터정보통신공학과과,2024학년도 1학기 모집단위간이동(전과) 실시 안내(접수: 1/8~10)(2023.12.27. 업데이트),https://ce.jnu.ac.kr/bbs/ce/2114/865629/artclView.do,"2023.11.29. 업데이트 사항   ▶ 2024학년도 모집단위간이동 학년별 전출 입 허용 현황 수정[본문3, 붙임2]  - 3학년 전입 허용 인원(10%   20%)  - 컴퓨터정보통신공학과 학년별 전입 인원(2학년: 9명, 3학년: 7명, 4학년: 8명)2024학년도 1학기 모집단위간이동(전과)를 다음과 같이 실시하오니 해당 기간 내 신청하기 바랍니다.  1. 주요 일정   구분 일정 비고   공고 2023. 12. 18.(월) 홈페이지   원서 접수 2024. 1. 8.(월) ~ 1. 10.(수) 포털 신청   전출 승인",2023-12-22 13:46:10.0
컴퓨터정보통신공학과과,2024학년도 마이크로디그리 개설 현황 안내,https://ce.jnu.ac.kr/bbs/ce/2114/865523/artclView.do,2024학년도 마이크로디그리 개설 현황 안내드립니다.연번마이크로디그리명이수기준편성교과목주관학과교과목코드교과목명학점1차세대통신시스템설계1 마이크로디그리4과목 12학점  ECE2011선형대수학3컴퓨터정보통신공학과ENV1001확률및통계3ECE2029고급프로그램활용프로젝트3ECE2003신호및시스템3ECE9048리눅스시스템및실습3CLT0672C프로그래밍3  2차세대통신시스템설계2 마이크로디그리4과목 12학점  EEE2001회로이론13ECE2003신호및시스템3ECE3030디지털신호처리3ECE3029통신이론3ECE4082디지털통신공학3ECE40,2023-12-21 14:17:16.0
컴퓨터정보통신공학과과,2024학년도 1학기 학부 및 대학원 재입학 실시 안내(접수: 1/2~8),https://ce.jnu.ac.kr/bbs/ce/2114/865507/artclView.do,2024학년도 1학기 학부 및 대학원 재입학 실시에 대해 알려드리니 재입학 희망 학생은 아래 일정에 따라 원서 제출 바랍니다. 가. 세부 일정업무명일정비고실시 공고2023. 12. 18.(월)대학 홈페이지 공지(본부)재입학 원서접수2024. 1. 2.(화) ~ 1. 8.(월)학생   학과사무실(공7-226)제출서류: 재입학원서 1부대상자 내신 2024. 1. 9.(화) ~ 1. 22.(월)학과(부)   단과대학   학사과재입학 허가2024. 1. 29.(월)대학 홈페이지 공지(본부) 나. 재입학 대상자 및 제외자대상자제외자학부생대학,2023-12-21 13:33:52.0
컴퓨터정보통신공학과과,"2024학년도 1학기 부·복수(연계)·융합전공, 마이크로디그리 취소 및 이수자 신청 안내",https://ce.jnu.ac.kr/bbs/ce/2114/865482/artclView.do,"2024학년도 1학기 부 복수(연계) 융합전공 취소 신청 및 이수자 선발을 아래와 같이 실시하오니 해당 일정에 따라 신청하시기 바랍니다. 1. 허용 학과(부) 및 전공 가. 복수전공 및 부전공: 간호대학, 수의과대학, 약학대학, 예술대학(디자인학과 및 미술학과 제외), 의과대학, 치의학전문대학원 학 석사통합과정, 자율전공학부를 제외한 전 학과(부) 나. 융합복수전공: 로봇공학융합전공, 미래에너지공학융합전공, 지능실감미디어융합전공 2. 지원 자격 및 선발 기준 가. 복수(연계)전공  - 지원 자격    1) 우리 대학에서 제2전공 및",2023-12-20 18:28:59.0
컴퓨터정보통신공학과과,[공학교육혁신센터] 2023 공학교육 혁신아이디어 공모전 신청 안내(~ 24.1.5.),https://ce.jnu.ac.kr/bbs/ce/2114/865352/artclView.do,"전남대학교 공학교육혁신센터에서 참여하는 교육혁신의 일환으로, 학생 중심의 공학교육 방법 및 차년도 공학교육 혁신사업을 발굴할 목적으로 『2023 공학교육 혁신아이디어 공모전』을 다음과 같이 개최하고자 하오니 많은 참여 바랍니다.   - 다  음 -   가. 명 칭: 2023 공학교육 혁신아이디어 공모전나. 신청기간: 2023.12.18.(월) ~ 2024. 1. 5.(금)다. 공모분야: 기업수요 연계형 교육, 캡스톤디자인, 전남대 특화 프로그램 중  택 1  하여 교육과정 및 교육 방법에 대한 아이디어 제시  ※ 기존에 센터에서 운",2023-12-19 17:42:00.0
컴퓨터정보통신공학과과,[광주전남지역혁신플랫폼] 아카데미 모집 공고 안내(12/19~27),https://ce.jnu.ac.kr/bbs/ce/2114/865265/artclView.do,"인공지능 반도체 테스트 특화 전문 인력 양성을 위하여 반도체 테스트 기술 과정 교육에 참여할 학생을 모집합니다. 1. 교육 대상반도체 분야 취업을 희망하는 광주 전남권 소재 대학 소속의 전공, 비전공 대학(원) 재학생, 휴학생, 졸업생 (졸업 후 2년 이내)   ※ 광주 전남권 소재 대학(15개교) - 광주권 : 광주대, 광주여대, 남부대, 동강대, 전남대, 조선대, 호남대 - 전남권 : 동신대, 목포대, 목포해양대, 순천대, 순천제일대, 전남과학대, 전남도립대, 초당대    2. 교육 개요가. 교육 내용 : 반도체 테스트 특강 및",2023-12-19 13:55:53.0
컴퓨터정보통신공학과과,2024학년도 제1학기 휴학·복학 신청 안내,https://ce.jnu.ac.kr/bbs/ce/2114/865139/artclView.do,1. 신청기간 가. 휴학휴학 종류신청 기간대상자일반휴학(등록)2024. 2. 20.(화) ~ 4. 25.(목)  등록금 납부 후 휴학을 원하는 자일반휴학(미등록)2024. 2. 20.(화) ~ 2. 23.(금)  등록금 납부하지 않고 휴학을 원하는 자※ 등록 기간 내에만 휴학 신청 가능휴학연장2024. 2. 20.(화) ~ 2. 23.(금)  휴학 만료일이 2024. 2. 29.까지인 자군휴학(복무신고)입영일 한 달 전 ~ 입영일  학기 중에 군입대하는 학생 중 미등록으로 군휴학을 원하는 자는 일반휴학(미등록) 신청 승인 후 복무신,2023-12-18 17:46:52.0
컴퓨터정보통신공학과과,2024학년도 1학기 대학직장 예비군 전입 신청 및 개인 정보 수정 안내(2024.1.2.~),https://ce.jnu.ac.kr/bbs/ce/2114/865101/artclView.do,"2024학년도 1학기 재학생 중 대학직장 예비군(전남대학교연대 소속)으로 편성되지 않은 학생은 예비군연대로 전입 신청 및 정확한 훈련 안내를 위하여 개인 정보를 수정바랍니다.가. 대상: 2024학년도 1학기 대학(원) 재학생[신입(재입학), 편입, 복학, 전과생 포함]  1) 신청 기간: 2024. 1. 2.(화) ~  2) 신청 절차: 전남대학교 포털 내 학사행정 예비군 예비군 전입 신청  3) 전입 신청 4~5일 경과 후 예비군 홈페이지에서 소속 부대 변경 여부 확인나. 소속 부대 확인 및 개인 정보 수정 절차구분소속 부대 확인",2023-12-18 15:54:18.0
컴퓨터정보통신공학과과,2023학년도 2학기 응원장학금 선발 안내(12/22~28),https://ce.jnu.ac.kr/bbs/ce/2114/864895/artclView.do,"2023학년도 2학기 응원장학생을 다음과 같이 선발할 예정이오니, 많은 학생들의 지원 바랍니다. 가. 지원대상: 학부 재학생으로 가계곤란 등의 사유로 등록금 지원이 필요한 자 - 소득분위 0~1분위: 국가장학금 지원 자격 미달*로 장학금 지원을 받지 못한 경우   * 성적 조건 미충족, 국가장학금 수혜횟수(8회) 초과자 - 최근 1년 이내 부모의 폐업, 실직 등으로 인한 긴급 가계곤란 사유가 발생한 경우  나. 지원규모: 가계곤란 정도에 따라 예산 범위 내에서 차등 지원가계곤란 정도장학명장학금액비 고상응원장학1등록금 전액(수업료1+",2023-12-15 11:30:54.0
컴퓨터정보통신공학과과,2023학년도 전기(2024년 2월) 학부 졸업(수료)대상자 유보 신청 안내( 23.12.18.~ 24.1.3.),https://ce.jnu.ac.kr/bbs/ce/2114/864603/artclView.do,"2023학년도 전기(2024년 2월) 학부 졸업(수료) 대상자 중 2024학년도 1학기 학적사항을 ""재학""으로 유지하고자 희망하는 학생은, 졸업(수료) 유보를 신청하기 바랍니다. 1. 신청기간 : 2023. 12. 18.(월) ~ 2024. 1. 3.(수) 18:00까지 (추가 신청 기간 없음)2. 신청방법 : 전남대학교 포털사이트(http://arsam.jnu.ac.kr/)   교육지원   내 학사업무   등록   학부 졸업(수료)유보 선택3. 졸업(수료) 유보 고지서 출력(학생 개별 출력) :포털   등록   학부 졸업(수료)유",2023-12-13 10:47:06.0
컴퓨터정보통신공학과과,2023학년도 하반기 도전장학(미래) 추가 선발 안내(~12/22 17:00),https://ce.jnu.ac.kr/bbs/ce/2114/864533/artclView.do,"2023학년도 하반기 도전장학(미래) 추가 선발 계획」을 다음과 같이 공고하오니 우수한 인재들의 신청바랍니다.※ 예산집행 문제로 전기 추가 입학자 대상 추가 선발(2월중)은 시행하지 않을 예정이니 반드시 참고하여 미리 신청하시기 바랍니다.가. 장학생 선발  ○ 자격: 2024년 2월 학사과정 졸업예정자로서 2024학년도 전기 우리 대학교 일반대학원에 진학하려는 일반전형 학생(학 석사연계과정생 포함)    ※ 직전학기 성적 평균평점 2.5이상 (전남대학교 장학규정 제3조(장학생의 자격))  ○ 장학금: 인문사회계열 1,700천원, 자",2023-12-12 16:21:15.0
컴퓨터정보통신공학과과,2024학년도 1학기 학석사학위연계과정 및 학석박사학위통합연계과정자 모집 안내(접수: 2024.1.2.~12.),https://ce.jnu.ac.kr/bbs/ce/2114/864403/artclView.do,"2024학년도 1학기 학석사학위연계과정 및 학석박사학위통합연계과정자 모집을 안내하오니 많은 신청바랍니다.1. 학 석사학위연계과정 및 학 석박사학위통합연계과정  : 전남대학교 학칙 제19조 제5항에 의거 학사학위과정과 대학원 교과과정을 상호 연계하여 졸업(수료)학점을 취득함으로써 학사 및 대학원 수업연한을 단축하여 학사학위와 대학원 학위 취득이 가능한 학사제도 2. 모집학과 : 전 학과(의학과, 수의학과 제외) 3. 지원자격 및 특전사항   구 분 주 요 내 용   지원자격 □ 지원가능학과 : 학부과정의 주(복수)전공에 해당하는 대학",2023-12-11 13:37:22.0
컴퓨터정보통신공학과과,TOEIC SPEAKING 제휴대학 응시료 할인 안내(12/4~31),https://ce.jnu.ac.kr/bbs/ce/2114/864400/artclView.do,언어교육원에서는 우리 대학 재학생들의 취업 역량 강화를 위해 와이비엠 주식회사와의 협약을 통한 토익 스피킹(TOEIC SPEAKING) 응시료 할인 기회를 제공하고자 합니다. 공인영어능력시험인 토익 스피킹(TOEIC SPEAKING)에 응시하고자 하는 재학생들은 확인바랍니다.  가. 기간: 2023. 12. 04.(월) ~ 2024. 12. 31.(화)      나. 신청 방법    (1) 전남대학교 언어교육원 홈페이지(https://lec.jnu.ac.kr/) 상단 메뉴 [공지사항] 클릭    (2) [TOEIC SPEAKING,2023-12-11 13:11:20.0
컴퓨터정보통신공학과과,2023학년도 동계 계절학기 수강취소 안내,https://ce.jnu.ac.kr/bbs/ce/2114/864333/artclView.do,2023학년도 동계 계절학기 수강취소에 관한 사항을 다음과 같이 안내합니다.   1. 취소기간구분수강취소 기간환불금액취소 방법개강 전수강취소2023. 12. 14.(목) 09:00 ～2023. 12. 15.(금) 18:00전액학생포털을 이용하여 학생 본인이 직접 전산 취소개강 후수강취소2023. 12. 26.(화) 09:00 ~ 2024. 1. 4.(목) 18:00수강료의 2/3환불2024. 1. 5.(금) 09:00 ～ 2024. 1. 8.(월) 18:00수강료의 1/2환불2024. 1. 8.(월) 18:00 이후 수강취소 및 환,2023-12-08 15:44:58.0
컴퓨터정보통신공학과과,2024년 Power Engineering School Winter Camp(29기) 참가 학생 신청 안내(~12/19 17:00),https://ce.jnu.ac.kr/bbs/ce/2114/864181/artclView.do,"한국전력기술(주) 인재개발교육원에서 실시하는 Power Engineering School Winter Camp(29기)를 붙임과 같이 알려드리오니 참여가능한 학생은 2023. 12. 19.(화) 17시  까지 서류 제출 바랍니다.    가. 교육일정: 2023. 2. 20.(화) ~ 2. 13.(금), 3박 4일 나. 교육장소: 한국전력기술 김천 본사 다. 교육방법: 대면 집합교육 라. 교육과목: 에너지산업 인재양성 기본역량 프로그램(붙임2 참조) 마. 추천기준 - 학년: 2~4학년 재학생 - 학과: 전공 제한없음 - 학점: 전 학",2023-12-07 10:54:47.0
컴퓨터정보통신공학과과,[3단계 산학연협력 선도대학 육성사업단(LINC3.0)] 2023 청년 Living-Lab Project 참가자 모집 안내(~12/11),https://ce.jnu.ac.kr/bbs/ce/2114/864137/artclView.do,재학생들의 시각에서 지역사회 문제 및 지역민 민원 해결을 위한 다양한 아이디어 발굴을 위하여 「2023 청년 Living-Lab Project」 참가자 모집을 다음과 같이 안내하오니 많은 학생들의 참여 바랍니다.1. 사 업 명: 2023 청년 Living-Lab Project2. 사업기간: 2023. 12. ~ 2024. 1. ※일정은 변결될 수 있음3. 참여대상: LINC3.0 사업단 참여학과 재학생4. 모집기간: 2023. 12. 5.(화) ~ 2023. 12. 11.(월)5. 신청방법: 신청서 작성 후 메일 제출(sbi121@,2023-12-06 18:26:31.0
컴퓨터정보통신공학과과,2023학년도 2학기 공기업·공공기관 채용대비 면접특강모의면접 참여자 모집 안내,https://ce.jnu.ac.kr/bbs/ce/2114/864133/artclView.do,"공기업 면접특강 및 모의면접을 실시하오니 공기업 취업을 희망하는 재학생 및 졸업생들의 많은 참여바랍니다.*일시: 12. 20.(수) ~ 22.(금) -면접특강: 12.20.(수) 13:00~16:00[3H] -모의면접(인성): 12.21.(목) 10:00~18:00 조별 80분 -모의면접(직무): 12.22.(금) 10:00~18:00 조별 80분  ※ 전문 면접위원 초빙하여 1:4 형식의 면접실습 및 코칭, 참여 학생 4인 1조로 편성하여 조별 면접실습 및 피드백*장소: 도서관 별관(백도) 취업강의실2, 취업상담실*대상: 전남대",2023-12-06 18:00:42.0
컴퓨터정보통신공학과과,[차세대통신혁신융합대학사업단] 차세대통신 세미나「사물인공지능 시대를 향하여」안내,https://ce.jnu.ac.kr/bbs/ce/2114/864008/artclView.do,"전남대학교 차세대통신혁신융합대학사업단에서는 차세대통신 세미나 「사물인공지능 시대를 향하여」를 개최하오니, 많은 관심과 참여 부탁드립니다. 세미나 개요- 일시: 2023. 12. 08.(금) 10:00 ~ - 장소: 온라인(ZOOM) https://us02web.zoom.us/j/86597101654?pwd=eUVNWE9wZ0NBc0pQajVSejlEK29SZz09- 주제: 사물인공지능 시대를 향하여- 내용: 딥러닝과 딥러닝 하드웨어 프로세서 산업에 대한 최신 정보와 트렌드에 대하여 소개하고,          최신 모바일 응용을 위한",2023-12-05 17:24:02.0
컴퓨터정보통신공학과과,"학생생활상담센터  만남-치유-성장  [힐링캠프] 실시 안내(신청: ~12/13, 선착순 40명)",https://ce.jnu.ac.kr/bbs/ce/2114/863946/artclView.do,,2023-12-05 10:25:37.0
컴퓨터정보통신공학과과,[광주전남지역혁신플랫폼] 인공지능 반도체 테스트 인재양성 아카데미 교육생 모집 안내(~12/29),https://ce.jnu.ac.kr/bbs/ce/2114/862000/artclView.do,"인공지능 반도체 테스트 특화 전문 인력 양성을 위하여 기업 Cohu의 시스템 반도체 테스트 기술 과정 교육에 참여할 학생을 모집합니다. 1. 교육 대상 반도체 분야 취업을 희망하는 광주 전남권 소재 대학 소속의 전공, 비전공 대학(원) 재학생, 휴학생, 졸업생 (졸업 후 2년 이내)   ※ 광주 전남권 소재 대학(15개교) - 광주권 : 광주대, 광주여대, 남부대, 동강대, 전남대, 조선대, 호남대 - 전남권 : 동신대, 목포대, 목포해양대, 순천대, 순천제일대, 전남과학대, 전남도립대, 초당대    2. 교육 개요 가. 교육 과정",2023-12-01 17:02:35.0
컴퓨터정보통신공학과과,[차세대통신혁신융합대학사업단] 현장실습(인턴십) 프로그램 지원 안내(신청: ~11/29),https://ce.jnu.ac.kr/bbs/ce/2114/861519/artclView.do,"차세대통신혁신융합대학사업단에서는 학생들의 차세대통신 분야에 대한 직무 이해도 향상과 진로탐색을 위하여 다음과 같이 현장실습(인턴십) 프로그램을 지원하고자 하오니 학생들의 신청 바랍니다.- 다 음 -1. 프로그램 개요 가. 프로그램 명: 차세대통신혁신융합대학사업단 현장실습(인턴십) 프로그램 지원 나. 참여대상: 차세대통신혁신융합대학사업 참여학과 교과목을 수강한 재학생   * 참여학과: 전자공학과, 전자통신공학과, 컴퓨터정보통신공학과, 소프트웨어공학과, 인공지능학부 다. 운영기간: 2023. 12. 11.(월) ~ 2024. 01. 2",2023-11-23 14:55:23.0
컴퓨터정보통신공학과과,2024학년도 1학기 1차 국가근로장학금 학생 신청 기간 안내(~12/27),https://ce.jnu.ac.kr/bbs/ce/2114/861518/artclView.do,2024학년도 1학기 1차 국가근로장학금 학생 신청 기간을 다음과 같이 안내하오니 해당 학생들의 신청 바랍니다. 가. 신청기간: '23. 11. 22.(수) 09:00~12. 27.(수) 18:00 나. 신청자격: 대한민국 국적을 소지한 자 중 대학교에 재학 중인 학생으로 다음의 기본 요건을 충족한 학생  - 성적요건: 직전학기 성적 1.75(70점/100점 만점) 이상  - 학자금 지원구간: 8구간 이하 다. 신청방법: 한국장학재단 홈페이지 및 모바일 앱을 이용하여 신청  ※ 상세 신청방법  붙임  참고 라. 근로기간: '24.,2023-11-23 14:51:11.0
컴퓨터정보통신공학과과,2024학년도 1학기 등록금재원 교내 장학금 신청 안내(2023.12.1.~2024.1.18.),https://ce.jnu.ac.kr/bbs/ce/2114/861505/artclView.do,"2024학년도 1학기 등록금재원 교내 장학금 신청 관련 사항을 안내하오니 장학 기본 충족 사항 및 신청 방법을 확인 후, 기간 내 많은 신청 바랍니다.  1. 신청 대상 : 2023학년도 2학기 이수자 ( 전자컴퓨터공학부 컴퓨터정보통신공학전공, 컴퓨터정보통신공학과 ) 2. 신청 기간 : 2023. 12. 1.(금) ~ 2024. 1. 18.(목) 15:00 [7주간] 3. 장학 기본 충족 사항  : 아래 사항을 만족하는 학생들을 마일리지 순으로 장학금 지급  ▸ 직전학기 평균평점 2.5 이상인 자  ▸ 해당학년 전공 9학점 이상 또",2023-11-23 14:20:57.0
컴퓨터정보통신공학과과,[NHN아카데미 광주캠퍼스] 채용연계형 Java백엔드 개발 과정 연수생 모집(신청: 11/29~12/31),https://ce.jnu.ac.kr/bbs/ce/2114/861504/artclView.do,"가. 지원 자격- 종일 연수 가능 자- 본 과정을 마친 뒤, 6개월 내에 입사 가능 자- 만 31세 이하 청년(지역 소재 대학 우선)- IT 계열 졸업 예정자 및 졸업자 우대(1년 이내 우선) 나. 모집 기간 :  2023.11.29.(수) ~ 2024.01.01.(월)- 선발 절차는 홈페이지 참고 다. 프로그램 구성 :  포스터 첨부 사진 참고 라. 교육 장소 : 조선대학교 IT융합대학 1층 [조선대-NHN아카데미 실습실] 마. 설명회 일정- 일시 : 2023.11.29.(수), (1차) 오후 1시 / (2차) 오후 5시- 장소",2023-11-23 14:15:27.0
컴퓨터정보통신공학과과,2023학년도 2학기 도전장학생(비상) 선발 계획 안내(11/24~30),https://ce.jnu.ac.kr/bbs/ce/2114/861323/artclView.do,"2023학년도 2학기 도전장학생(비상) 선발을 다음과 같이 시행하오니 많은 학생들의 지원 바랍니다. 가. 선발인원(예정): 110명(학부재학생 104명, 외국인학생 6명) 나. 장학금액(1인당): 1,800천원 다. 접수기간: 2023. 11. 24.(금) 09:00~11. 30.(목) 18:00 [7일간] 라. 신청방법 전남대학교포털사이트(http://portal.jnu.ac.kr)에 로그인 후   교육지원   내학사행정  장학   도전장학   장학금신청에 접속하여 도전계획서 작성 및 제출 마. 선발계획: 붙임파일 및 홈페이지 공",2023-11-21 17:37:30.0
컴퓨터정보통신공학과과,2024학년도 1학기 국가장학금 1차 신청 안내(~12/27),https://ce.jnu.ac.kr/bbs/ce/2114/861320/artclView.do,"2024학년도 1학기 국가장학금 1차 신청 일정을 다음과 같이 안내하오니 학생들은 국가장학금 신청바랍니다.가. 신청대상: 재학생*, 복학생, 재입학생, 신입생, 편입생 * 재학생은 국가장학금 1차 신청 원칙(2차 신청 시 재학 중 2회에 한해 2차 신청으로 수혜 가능)나. 신청기간: '23. 11. 22.(수) ~ 12. 27.(수) 18:00 (총 36일간) - 서류제출 및 가구원 정보제공 동의 기간:  '23. 11. 22.(수) ~ '24. 1. 3.(수) 18:00  ※ 주말․공휴일 포함 24시간 신청 가능, 마지막 날은 1",2023-11-21 17:30:19.0
컴퓨터정보통신공학과과,2023학년도 전남대학교 대학종합만족도조사 안내(~12/10),https://ce.jnu.ac.kr/bbs/ce/2114/861315/artclView.do,,2023-11-21 17:24:40.0
컴퓨터정보통신공학과과,KT AIVLE(에이블) School 지역인재 추천 안내(신청: ~12/10),https://ce.jnu.ac.kr/bbs/ce/2114/861313/artclView.do,"KT AIVLE스쿨 5기 지역인재 추천 안내드립니다.1. 신청기간 : ~12월10일(일)까지2. 신청방법 : [붙임1] 신청 서식 작성하여 이메일(eb8916@jnu.ac.kr) 제출3. 개요 - 에이블스쿨은?    KT의 인재양성 경험과 노하우를 외부로 확대, 대한민국 청년들을 기업 실무형 디지털 인재로 양성함과 더불어 일자리 창출에 기여하는 교육 프로그램 - 지역 추천제란?    지역을 잘 이해하고 인적 네트워크가 있는 우수한 지역인재를 대학, 지차제가 추천하고 KT가 선발, 육성하여 지역 미래인재 양성 및 일자리 창출에 기여(",2023-11-21 17:23:57.0
컴퓨터정보통신공학과과,국제학생증 ISIC 발급비 지원행사 안내(~11/30),https://ce.jnu.ac.kr/bbs/ce/2114/861026/artclView.do,"국제학생증 ISIC(International Student Identity Card) 무료발급 행사 안내를 다음과 같이 알려드리니 관심있는 학생들의 신청 바랍니다.   1. 발급 대상: 전남대학교 재(휴)학생 (단, 외국인 학생은 불가)2. 온라인 행사 기간: 2023.11.17.(금) ~ 11.30.(목)   방문 행사 기간: 2023.11.21.(화) ~ 11.23.(목), 시간: AM10:30 ~ PM3:00    장소: 후문체육관앞, 공대시계탑앞, 인문대앞, 스토리움카페앞3. 주요 혜택: 항공권 및 숙소 할인, 해외 교통(버",2023-11-17 13:36:35.0
컴퓨터정보통신공학과과,[광주전남지역혁신플랫폼] 광주전남 실무형 혁신인재 취업플랜 교육생 모집 안내,https://ce.jnu.ac.kr/bbs/ce/2114/860562/artclView.do,"□ 교육 참여대상 ○ 전남대학교 재학(졸업)생  - 이공계 관련 학과 전공자  - 기계 자동차 전기 전자 IT 기계설계 메카트로닉스 용접 등 전공자  - 복수/연계 전공자□ 교육생 특전 ○ 교육 참여 시 중식, 다과 제공 ○ 현장맞춤형 실무교육 및 광주 우수 기업탐방 프로그램 참가□ 교육과정 1. 미래차 장비활용 과정   - 미래 모빌리티 개론 / 3D 설계 및 해독 실무 (2023.11.24.금. 09:00~18:00) 2. 미래차 공정 S/W과정   - 미래 모빌리티 개론 / 협동로봇 및 로봇티칭 교육(2023.12.01.금.",2023-11-13 09:27:05.0
컴퓨터정보통신공학과과,[차세대통신혁신융합대학사업] 차세대통신 프로젝트 경진대회 개최 안내(신청: ~11/17),https://ce.jnu.ac.kr/bbs/ce/2114/860558/artclView.do,"차세대통신혁신융합대학사업단에서는 첨단분야 핵심인재 양성을 위해 다음과 같이 차세대통신 프로젝트 경진대회를 개최하고자 합니다.   - 다음 -    1. 대회명: 차세대통신 프로젝트 경진대회2. 일시: 2023. 11. 30.(목) 16:00 ~ 18:30 (장소: 추후 공지/통보 예정)3. 참가대상  - 전남대학교 전체 학부생(재학생)   단, 2023년도에 사업단 참여학과*의 차세대통신 관련 교과목 또는 마이크로디그리 수강한 재학생(2인 이상 팀)   (* 전자공학과, 전자통신공학과, 컴퓨터정보통신공학과, 소프트웨어공학과, 인공지",2023-11-13 09:19:38.0
컴퓨터정보통신공학과과,동절기 난방기기 운영 안내(2023.11.20.~2024.3.8.),https://ce.jnu.ac.kr/bbs/ce/2114/860414/artclView.do,"동절기 난방기기 운영 안내 ▶ 난방기간: 2023. 11. 20. ~ 2024. 03. 08.(75일, 공휴일 제외)▶ 난방온도: 실내평균 18℃ 이하 유지▶ 중앙 난방기기 운영 기준  ○ 난방실시: 외기온도 5℃ 이하  ○ 난방중단: 실내온도 18℃ 이상  ○ 난방시간: 08:30 ~ 17:50(외기온도에 유동적 대응)  ▶ 개별 난방기기 제어: 점심시간(11:50), 퇴근 전 후(17:50, 22:00) 실내기 자동 OFF▶ 사용자 준수사항: 난방 기준에 따른 적정온도 준수, 부재 시 OFF 등 조치",2023-11-09 09:35:45.0
컴퓨터정보통신공학과과,[광주전남지역혁신플랫폼] 삼성전자 반도체 양산 라인 투어 참가자 모집(11/8~10),https://ce.jnu.ac.kr/bbs/ce/2114/860379/artclView.do,"인공지능 반도체 전문 인력 양성을 위하여 삼성전자 1DAY 팹투어를 실시하오니 많은 신청 바랍니다. 1. 모집 대상 광주 전남권 소재 대학 소속의 전공, 비전공 대학(원) 재학생, 휴학생, 졸업생(졸업 후 2년 이내)   ※ 광주 전남권 소재 대학(15개교) - 광주권 : 광주대, 광주여대, 남부대, 동강대, 전남대, 조선대, 호남대 - 전남권 : 동신대, 목포대, 목포해양대, 순천대, 순천제일대, 전남과학대, 전남도립대, 초당대    2. 개요 가. 일시 : 2023. 11. 24.(금) 8:00~20:00 나. 장소 : 삼성전자",2023-11-08 15:41:48.0
컴퓨터정보통신공학과과,2023학년도 동계 계절학기 대체교과목 신청 안내(11/20~22),https://ce.jnu.ac.kr/bbs/ce/2114/860334/artclView.do,"2023학년도 동계 계절학기 대체교과목 지정 처리절차를 다음과 같이 안내하오니 일정에 맞추어 처리하시고, 그 결과를 학사과로 제출하여 주시기 바랍니다.  가. 대체교과목 인정 사유: 교과목을 이수 또는 재수강하고자 할 때 교육과정 개편으로 교과목이 폐지 변경되어 이수할 수 없는 경우와 동일교과목이 지정되지 않은 경우  나. 대체교과목 신청: '23. 11. 20.(월) ~ 22.(수)  다. 대체교과목 신청 방법: 학과사무실 방문 신청  라. (해당시)제출서류: 대체교과목 지정동의서 1부(소속학과 교과목이 아닌 경우)  마. 대체교",2023-11-08 09:32:42.0
컴퓨터정보통신공학과과,[광주전남지역혁신플랫폼]인공지능 반도체 테스트 인재양성 아카데미 교육생 모집 안내(신청(1차): ~11/8),https://ce.jnu.ac.kr/bbs/ce/2114/860193/artclView.do,"반도체 테스트 특화 전문 인력 양성을 위하여 반도체 테스트 특화 기업의 교육과정을 다음과 같이 운영하오니 학생들의 참여 바랍니다. 1. 교육 대상 - 반도체 분야 취업을 희망하는 광주 전남권 소재 대학 소속의 전공, 비전공 대학(원) 재학생, 휴학생, 졸업생 (졸업 후 2년 이내)   ▶ 광주 전남권 소재 대학(15개교) - 광주권 : 광주대, 광주여대, 남부대, 동강대, 전남대, 조선대, 호남대 - 전남권 : 동신대, 목포대, 목포해양대, 순천대, 순천제일대, 전남과학대, 전남도립대, 초당대    ※ 정규교과목 기반 과정은 전남대",2023-11-06 16:44:58.0
컴퓨터정보통신공학과과,[미래형운송기기육성사업단] 미래형모빌리티 공학아이디어  캡스톤디자인 경진대회 안내(신청: ~11/8),https://ce.jnu.ac.kr/bbs/ce/2114/860192/artclView.do,붙임  1. 경진대회 참가안내 1부.       2. 캡스톤디자인 경진대회 참가신청서 1부.       3. 캡스톤디자인 경진대회 제안서 1부.,2023-11-06 16:40:14.0
컴퓨터정보통신공학과과,2023년 외국인 유학생 온라인 성폭력 예방교육 참여 안내(~11/30),https://ce.jnu.ac.kr/bbs/ce/2114/860072/artclView.do,"교육부는 외국인 유학생의 원활한 유학 생활 지원을 위해 「성폭력 방지법」에 따른 성폭력 예방교육(연 1회 1시간 이상 의무)을 포함하여 유학생 대상으로 한국 생활 적응을 위한 관계 법령 교육 추진을 대학에 요청한 바 있으며( 21년 12월), 교육국제화역량 인증제 심사 시 성폭력 예방교육 이수율이 필수 평가지표에 포함됨에 따라, 우리 대학 성폭력 예방교육 이수대상 유학생들은 온라인 성폭력 예방교육을 이수하여 주시기 바랍니다. 가. 교육대상: 정규 학위과정(학부, 대학원) 외국인 유학생( 23. 4. 1. 기준)나. 이수기간:  23",2023-11-03 17:00:37.0
컴퓨터정보통신공학과과,[공학교육혁신센터] 2023 Capstone Design 경진대회 안내(신청: ~11/17),https://ce.jnu.ac.kr/bbs/ce/2114/860043/artclView.do,"공학교육혁신센터에서는 학부 과정을 통해 습득한 이론과 설계 능력을 바탕으로 하나의 시스템을 기획, 설계, 제작할 수 있는창의력과 종합적 설계 능력을 갖춘 실무중심의 엔지니어를 양성하고, 학생들의 기술개발 및 학습의욕을 고취시키기 위해 『2023 Capstone Design 경진대회』 다음과 같이 진행하고자 합니다. 관심있는 학생들이 참여할 수 있도록 적극 홍보하여 주시기 바랍니다.   - 다   음 -   가. 명    칭: 2023 Capstone Design 경진대회나. 일    시: [예선] 2023.11.20.(월)~11.2",2023-11-03 13:27:00.0
컴퓨터정보통신공학과과,[학생생활상담센터] 마음건강 예방교육 실시 안내,https://ce.jnu.ac.kr/bbs/ce/2114/860035/artclView.do,"유관기관과 협력하여 마음건강 예방교육(대면)을 진행합니다. 위기 상황에 대한 문제 인식을 제고하고, 나뿐만 아니라 다른 학우들에게도 도움을 줄 수 있는 구체적인 방법에 대해 알 수 있는 유익한 시간이오니 학생들의 참여바랍니다.* 일시: 11월 10일 금요일* 장소: 제1학생마루2층 학생생활상담센터 집단상담실* 신청: https://cousel.jnu.ac.kr (학생생활상담센터 홈페이지) 로그인   메인화면 하단 [집단상담 신청하기] * 시간 및 주제 - 13:00~14:00 마약문제 예방교육,  14:00~15:00 도박문제 예방",2023-11-03 10:36:20.0
컴퓨터정보통신공학과과,2023학년도 동계 계절학기 제주대학교 교류수학 허가자 안내(수강신청: 11/13~17),https://ce.jnu.ac.kr/bbs/ce/2114/859904/artclView.do,"2023학년도 동계 계절학기 제주대학교 교류수학 허가자 명단을 붙임과 같이 알려드리니, 제주대학교 학사일정에 따라 수학하시기 바랍니다.  ◎ 수업기간 : 2023. 12. 26.(화) ~ 2024. 1. 16.(화)  ◎ 수강신청기간 : 2023. 11. 13.(월) 10:00 ~ 11. 17.(금) 17:00 (선착순마감) ◎ 수강신청방법    제주대학교 수강신청시스템 (http://sugang.jejunu.ac.kr(클릭))   아래 빨강색 비밀번호 초기화클릭   본인 핸드폰 선택   로그인   수강신청   ※ ID : 제주대학",2023-11-01 16:50:28.0
컴퓨터정보통신공학과과,[인공지능혁신융합대학사업단] 독일 THU 해외대학 파견 공고 안내(접수: ~11/1),https://ce.jnu.ac.kr/bbs/ce/2114/859747/artclView.do,"인공지능혁신융합대학사업단에서 추진 중인 글로벌 학생 프로그램 (독일 THU 해외파견) 학생 모집 안내드립니다.1. 주요일정   1) 서류접수 : ~11.01.(수)  2) 서류심사 : 11.02.(목)~11.03.(금)   3) 면접심사 : 11.06.(월) 2. 파견기관 : THU(Ulm University of Applied Sciences), Germany3. 파견기간 : 2024.01.11.(목)~02.10.(토) (교육기간 2024.01.15.(월)~02.09.(금))* 자세한 사항은 우리 사업단 홈페이지 공지사항에서 확인",2023-10-31 13:29:01.0
컴퓨터정보통신공학과과,2023년 동계 현장실습교육과정 모집 안내(신청: 11/13~24),https://ce.jnu.ac.kr/bbs/ce/2114/859739/artclView.do,『전남대학교 학생처 취업지원실』은 우리대학 학생들의 산업현장에 대한 이해증진 및 진로    탐색을 위한 2023년 동계 현장실습교육과정을 다음과 같이 운영하오니 학생들의 참여 바랍니다.    가. 프로그램명: 2023년 동계 현장실습교육과정 나. 운영 교과목구분실습기간과정교과목명과목코드학점비고계절학기제2023. 12. 26.(화) ~ 2024. 1. 23.(화)4주현장실습1UNV40082학점 ※ 동일 교과목 재수강불가현장실습7UNV4011현장실습12UNV4016현장실습13UNV40172023. 12. 26.(화) ~ 2024. 2.,2023-10-31 11:17:21.0
컴퓨터정보통신공학과과,2023학년도 2학기 교양 맛보기 특강 안내(접수: 10/20~특강 개최 하루 전),https://ce.jnu.ac.kr/bbs/ce/2114/859605/artclView.do,교육혁신본부 교양교육센터에서는 우리대학 재학생들의 학생과 교수가 함께 만드는 역량기반 교양 교육과정 운영을 목적으로 2023학년도 2학기 교양 맛보기 특강을 개최하고자 합니다. 관심있는 학생들의 참여 바랍니다.가. 프로그램명: 교양 맛보기 특강나. 대상: 재학 중인 대학생 ※ 회차별 선착순 30명다. 특강 개요 ○ 접수기간: 2023. 10. 20.(금) ~ 특강 개최 하루 전 까지 ○ 접수방법: 성장마루 누리집(https://grow.jnu.ac.kr)에서 사전 신청 ○ 운영내용: 교양 맛보기 특강 4회 개최 ※ [붙임] 포스터,2023-10-30 13:33:43.0
컴퓨터정보통신공학과과,2023 용봉학술제(부제: CNU Tech  Graduate Fair) 개최 안내(11/14~16 16:30),https://ce.jnu.ac.kr/bbs/ce/2114/859466/artclView.do,"대학본부에서는 대학의 최신 연구성과와 연구논문을 공유하고, 지역사회에 돌려드릴 우수한 기술과 창‧취업 아이템을 한지리에서 살펴보고 중개하며, 소통하는 열린 공간을 마련하고자 합니다. 이에 테크페어와 대학원 페어를 하나로 융합해 『2023 용봉학술제』를 다음과 같이 개최하오니, 교원, 학생, 연구원 등의 많은 참가바랍니다. 가. 행사명: 2023 용봉학술제(부제: CNU Tech   Graduate Fair)  - 슬로건: 대학을 단단하게 학생을 든든하게 지역사회를 튼튼하게나. 일시: 2023. 11. 14.(화) 10:30 ~ 20",2023-10-27 11:02:17.0
컴퓨터정보통신공학과과,[반도체개발지능화센터] 반도체EDA설계경진대회 모집 공고(신청: 10/23~27),https://ce.jnu.ac.kr/bbs/ce/2114/859403/artclView.do,반도체개발지능화센터에서 전남대학교 반도체 설계 시뮬레이션 경진대회 인원을 모집합니다. 반도체 미래 인재 학생들에게 반도체 산업에 필요한 실무 역량을 키우는데 도움이 되고자 대학생 대상 반도체 회로 설계 경진 대회를 마련하였으니 관심 있는 학생들의 참여 바랍니다. - 다 음 - 가. 명     칭: 반도체 EDA 설계 경진대회나. 신청기간: 2023.10.23.(월) - 10.27.(금)다. 신청방법: 참가신청서 제출(email: ek0302@jnu.ac.kr)라. 참가자격: 전남대학교 학생 누구나(3인1조)마. 문의 및 제출처: 반,2023-10-26 15:50:42.0
컴퓨터정보통신공학과과,2023년 하반기 대학원 총장 명예장학(CNU GS-PHF) 선발 안내(~11/16),https://ce.jnu.ac.kr/bbs/ce/2114/859376/artclView.do,"2023학년도 하반기 대학원 총장명예장학(CNU GS-PHF) 선발 계획을 다음과 같이 안내하오니 많은 신청 바랍니다.   1. 지원자격    가. 선정기준 : 본부 및 학과 선정기준에 모두 충족하는 2024학년도 전기 일반대학원 석 박사통합과정 신입생(합격자)과정본부 선정기준(기준1, 2 모두 충족 필요)학과 선정기준석 박사통합[기준1] 동일 계열 학과 졸업생 + 전일제 학생[기준2] 학부 졸업평점 3.75(4.5만점) 이상인 학생▶전자컴퓨터공학과 : 학과장 추천서 제출▶지능전자컴퓨터공학과 : 학과장 추천서 제출※ 학과 심사 후",2023-10-26 14:25:26.0
컴퓨터정보통신공학과과,[공학교육혁신센터] 2023학년도 2학기 기초창의설계경진대회 개최 안내(신청: 11/13~21),https://ce.jnu.ac.kr/bbs/ce/2114/859347/artclView.do,"공학교육혁신센터에서는 창의적 설계교육을 통하여 학습 동기(motivation) 부여 및 팀워크 활동의 중요성을 인식시키고, 발표회를 통한 자신감과 성취감 향상의 기회를 제공하여 향후 설계활동의 동기를 부여하기 위한 목적으로 다음과 같이 『2023 기초창의설계경진대회(2학기)』을 개최하고자 합니다.관심있는 학생들의 참여 바랍니다.      - 다    음 -    가. 명    칭: 2023 기초창의설계 경진대회(2학기)나. 일    시: 2023. 12. 1.(금) 14:00~다. 장    소: 공과대학 2호관 영명홀라. 신청기간:",2023-10-26 09:44:39.0
컴퓨터정보통신공학과과,"2023학년도 전기(2024년 2월 졸업예정) 외국어영역 점수 및 논문 제출 안내(1차: 11/1~8, 2차: 12/21~1/17)",https://ce.jnu.ac.kr/bbs/ce/2114/859067/artclView.do,○  제출 안내   졸업자격 영역 전공영역(논문) 외국어영역(공인어학시험 성적표)   제출대상 2024년  2월 졸업예정자 2019학년도 이후 입학한 24년 2월 졸업예정자 중 생활영어1 또는 생활영어2 미이수자   제출기간 '23. 12. 21.(목) ~ '24. 1. 17.(수) 1차(졸업예비사정) : '23. 11. 1.(수) ~ '23. 11. 8.(수)  2차(졸업사정) : '23. 12. 21.(목) ~ '24. 1. 17.(수)   제출서류 1. 논문 1부.(제본 필수)  ▸ 교수님께 최종 확인 받은 후 제본 진행,2023-10-23 15:39:50.0
컴퓨터정보통신공학과과,포스코 스틸브릿지 2023년 동계 현장실습교육과정 모집 안내(~10/30 15:00),https://ce.jnu.ac.kr/bbs/ce/2114/859059/artclView.do,"우리대학 학생들의 산업현장에 대한 이해증진 및 진로탐색을 위해 포스코 스틸브릿지 「2023년 동계 현장실습교육과정」 모집을 다음과 같이 안내하오니 많은 학생들의 참여 바랍니다. 가. 기업(기관)명: 포스코 스틸브릿지나. 모집인원: 총 40명(이공계 30명, 인문계 10명)다. 추천기간: 2023. 10. 23.(월)   10. 30.(월)라. 실습기간: 2024. 1. 8.(월)   2024. 2. 2.(금) [4주/20일]마. 모집안내분 야직 무전 공이공생산기술금속/재료/신소재, 화학/화공설비기술기계, 전기/전자, 컴퓨터공학, 통",2023-10-23 15:17:12.0
컴퓨터정보통신공학과과,[LINC 3.0사업단]카네기 글로벌리더십 캠프 참가자 모집 안내(신청: ~10/31),https://ce.jnu.ac.kr/bbs/ce/2114/859038/artclView.do,재학생들의 자기 주도적인 미래 설계 및 취업 준비에 대한 동기부여와 기업이 원하는 인재상 확립을 위하여 「카네기 글로벌리더십 캠프」 참가자 모집을 다음과 같이 안내하오니 많은 학생들의 참여 바랍니다. 1. 교육명: 카네기 글로벌리더십 캠프2. 교육일정: 2023. 11. 30.(목) ~ 2023. 12. 1.(금) 3. 교육대상: LINC3.0 사업단 참여학과 재학생 15명 4. 교육장소: 여수 디오션리조트 5. 모집기간: 2023. 10. 19.(목) ~ 2023. 10. 31.(화) 6. 신청방법: 선착순 모집(온라인QR신청),2023-10-23 13:52:09.0
컴퓨터정보통신공학과과,2023학년도 언어교육원 재학생 참여 프로모션 개최 안내(11/2 11:00~17:00),https://ce.jnu.ac.kr/bbs/ce/2114/859033/artclView.do,우리 대학 재학생들의 영어학습 의욕을 고취시키고 2023학년도 겨울방학 외국어강좌를 홍보하기 위하여 재학생 참여 프로모션 행사를 진행하고자 합니다. 관심 있는 학생들의 참여 바랍니다.    가. 시간: 2023. 11. 2.(목) 11:00 ~ 17:00 나. 대상: 전남대학교 학생 전체 다. 장소: 백도 앞 잔디밭 라. 주요 프로그램 - 포토부스  인생 네 컷  운영 - 팝콘 이벤트 - (무료) 원어민 강사 영어회화 레벨테스트 실시,2023-10-23 13:49:23.0
컴퓨터정보통신공학과과,2024학년도 전기 일반대학원 입학 설명회 안내(지능전자컴퓨터공학과: 4단계 BK21 사업 선정 학과),https://ce.jnu.ac.kr/bbs/ce/2114/858921/artclView.do,2024학년도 전기 일반대학원 입학 설명회 안내- 지능전자컴퓨터공학과 - 2024학년도 전기 일반대학원 신입생 모집과 관련하여 입학설명회 자료를 붙임과 같이 첨부하오니 일반대학원 지능전자컴퓨터공학과 입학에 관심 있는 학생들의 확인 바랍니다. ▷ 대학원 소개 : 지능전자컴퓨터공학과 소개 및 대학원 과정 안내▷ 연구실 소개 : 지능전자컴퓨터공학과 17개 연구실 소개▷ 지원 및 혜택 : 전남대학교 재원 지원 및 혜택 안내▷ 대학원 입학 안내 : 2024학년도 전기 일반대학원 일반전형 입학 안내          지능전자컴퓨터공학과는 4단계,2023-10-20 15:44:07.0
컴퓨터정보통신공학과과,2024학년도 전기 일반대학원 입학 설명회 안내(전자컴퓨터공학과 컴퓨터정보통신전공),https://ce.jnu.ac.kr/bbs/ce/2114/858920/artclView.do,2024학년도 전기 일반대학원 입학 설명회 안내- 전자컴퓨터공학과 컴퓨터정보통신전공 -  2024학년도 전기 일반대학원 신입생 모집과 관련하여 입학설명회 자료를 붙임과 같이 첨부하오니 일반대학원 전자컴퓨터공학과 컴퓨터정보통신전공 입학에 관심 있는 학생들의 참고 바랍니다. ▷ 대학원 소개 : 전자컴퓨터공학과 컴퓨터정보통신전공 소개 및 대학원 과정 안내▷ 연구실 소개 : 전자컴퓨터공학과 컴퓨터정보통신전공 9개 연구실 소개▷ 지원 및 혜택 : 전남대학교 재원 지원 및 혜택 안내▷ 대학원 입학 안내 : 2024학년도 전기 일반대학원 일반전,2023-10-20 15:40:16.0
컴퓨터정보통신공학과과,마이크로디그리 명칭 변경 안내(컴퓨터정보통신공학과 주관),https://ce.jnu.ac.kr/bbs/ce/2114/858893/artclView.do,마이크로디그리 명칭 변경 안내▶  변경 내역   연번  변경전 변경후   1 AI융합차세대통신초급 마이크로디그리 AI융합차세대통신 마이크로디그리1   2 차세대통신망SW중급 마이크로디그리 차세대통신망SW 마이크로디그리   3 차세대통신시스템설계중급 마이크로디그리 차세대통신시스템설계 마이크로디그리2     ※ 일부 마이크로디그리에 교과목 추가/변경이 있습니다. 자세한 내용은 추후 학사과의 마이크로디그리 안내글을 참조하세요. ※ 교과목 변경이 있더라도 변경 전 수강한 과목은 마이크로디그리 이수에 인정될 예정입니다.,2023-10-20 11:41:56.0
컴퓨터정보통신공학과과,2023학년도 2학기 광주전남권역 대학원격교육지원센터 스마트 학습기기 대여 서비스 안내(신청: ~10/29),https://ce.jnu.ac.kr/bbs/ce/2114/858830/artclView.do,광주전남권역 대학원격교육지원센터에서는 2023학년도 2학기를 맞아 권역 내 학습자의 원격수업 참여 독려 및 취약계층 학습자의 원격강좌 학습 지원을 위하여 스마트 학습기기 대여 서비스를 아래와 같이 운영합니다. 가. 사업내용: 원격강의 수강을 위한 노트북 컴퓨터 대여 나. 대여수량: 50대(1인 1대로 제한) 다. 참여대상: 광주전남권역 내 대학 재학생 라. 신청기간: 2023. 10. 16.(월) ~ 10. 29.(일) 마. 결과발표: 2023. 10. 30.(월) 14:00 (통합 누리집 공지사항 참고) 바. 대여기간: 2023.,2023-10-19 16:56:40.0
컴퓨터정보통신공학과과,2023학년도 2학기 「감성공감」공모 안내,https://ce.jnu.ac.kr/bbs/ce/2114/858799/artclView.do,"교육혁신본부 교수학습센터에서는 대학생의 핵심역량을 향상시키기 위하여, 2023학년도 2학기 「감성공감」 프로그램을 운영하고자 합니다. ■ 「감성공감」 공모 개요 ■ 구분 내용공모 대상  교수와 대학생으로 구성된 모둠공모 기간 2023. 10. 16.(월) ~ 2023. 10. 31.(화)까지운영 내용   활동 기간: 2023. 11. 6.(월) ~ 2023. 12. 6.(수)    활동 방법: 2회 이상 모임 실시, 최종보고서 및 정산서 제출    모둠구성 전임교수(1명) + 대학생(3~4명) - 대표 학생 선정: 1모둠 당 대표",2023-10-19 11:47:14.0
컴퓨터정보통신공학과과,2023학년도 2학기 「표현과 소통 상담실」운영 안내,https://ce.jnu.ac.kr/bbs/ce/2114/858797/artclView.do,"교육혁신본부 교수학습센터에서는 대학생의 의사소통 능력 향상을 위하여, 2023학년도 2학기 「표현과 소통 상담실」을 운영하고자 합니다.   ■ 「표현과 소통 상담실」 프로그램 모집 개요■   구분 내용   신청 자격 대학생   운영 기간 2023. 10. 16.(월) ~ 2023. 12. 13.(수)까지 ※주말 및 공휴일, 중간 기말고사 기간 제외   상담 내용 국문으로 작성된 A4 5장 이내의 학술적 글쓰기   신청 방법 비교과 통합 플랫폼 성장마루: http://grow.jnu.ac.kr    ※문의: 교육혁신본부 김효진(530",2023-10-19 11:41:50.0
컴퓨터정보통신공학과과,「삼성 청년 SW 아카데미」11기 교육생 모집 안내(10/23~11/6),https://ce.jnu.ac.kr/bbs/ce/2114/858369/artclView.do,,2023-10-12 16:52:36.0
컴퓨터정보통신공학과과,[LINC3.0사업단] 2023학년 2학기 캡스톤디자인 교과목 지원(기간연장)(~10/27 16:00),https://ce.jnu.ac.kr/bbs/ce/2114/858234/artclView.do,"『3단계 산학연협력 선도대학 육성사업단(LINC3.0)』에서는 취 창업 역량강화 및 산업체 수요에 적합한 창의적 인재양성을 위하여 2023년 2학기 캡스톤디자인 교과목을 지원하고자 합니다. 1. 지원 대상: 캡스톤디자인 교과목 수강생 중 사업단 참여학과(부) 3, 4학년 학부생2. 지원 기간: 2023. 9. ~ 2023. 12.3. 지원 항목: 재료비, 실험비, 회의비, 인쇄비4. 지원 유형   연번 유형 참여주체   1 일반형 담당교원, 팀(학생)   2 기업연계형 담당교원, 기업(기관)담당자, 팀(학생)   3 기업연계기반 학",2023-10-11 14:56:04.0
컴퓨터정보통신공학과과,용봉캠퍼스 전체 정전(2차) 일정 및 시간 안내(10/22 8:00~10:00),https://ce.jnu.ac.kr/bbs/ce/2114/858222/artclView.do,"우리 대학 「용봉캠퍼스 전기설비 용량증설 전기공사」 관련하여 아래와 같이 2차 정전 일정 및 시간을 안내합니다.가. 정전일시 및 대상정 전 일 시정전 대상 건물정 전 사 유비 고 23.10.22.(일)08:00 ~ 10:002차 정전: 2시간용봉캠퍼스전체 정전- 주 변전실 특고압 차단기(VCB) 교체 작업- 용봉캠퍼스 14,000kW 변압기 1대  20,000KW 변압기 1대 교체2호관, 6호관, 바이오하우징 08:00~12:00까지※ 정전시간은 현장여건에 따라 단축 또는 연장될 수 있음.",2023-10-11 14:34:55.0
컴퓨터정보통신공학과과,2023학년도 2학기 글로벌커뮤니케이션잉글리쉬 학점 미취득자 교과목 이수 안내(~12/18),https://ce.jnu.ac.kr/bbs/ce/2114/858019/artclView.do,"2014~2018학년도 신입학자, 2016~2020학년도 편입학자 중 글로벌커뮤니케이션잉글리쉬(이하 글커잉) 교과목 학점 미취득 학생은 아래 글로벌커뮤니케이션잉글리쉬 대체 방안 중 택1하여 이수바랍니다. 글로벌커뮤니케이션잉글리쉬 학점 미취득시 졸업이 불가하오니 이 점 유의바랍니다. 1. 대상자 : 글커잉 학점 미취득자 중 2023학년도 2학기 글커잉 성적 인정 희망자 2. 대체 방안 (택 1)  1) 대체교과목 이수 : 해당 교과목 중 1과목 이수   교과목명 학점 비고   기초영어 3 #9312;대체교과목 중 기 이수교과목이 있는",2023-10-10 09:42:19.0
컴퓨터정보통신공학과과,2023년 하반기 도전장학(미래) 선발 안내(~10/24 13:00),https://ce.jnu.ac.kr/bbs/ce/2114/857967/artclView.do,"「2023년 하반기 도전장학(미래) 선발 계획」을 다음과 같이 공고하오니 우수한 인재들의 많은 신청 바랍니다.가. 장학생 선발 1). 자격: 2024년 2월 학사과정 졸업예정자로서 2024학년도 전기 우리 대학교 일반대학원에 진학하려는 자 (학.석사연계과정생도 지원 가능)   ※ 직전학기 성적 평균평점 2.5이상 (전남대학교 장학규정 제3조(장학생의 자격)) 2). 장학금: 인문사회계열 1,700천원, 자연예체능계열 2,300천원   ※ 단, 지원액은 가용예산 범위에 따라 다소 변동 가능함나. 제출서류   대상 제출 서류 제출 기한",2023-10-06 17:10:37.0
컴퓨터정보통신공학과과,[대학교육혁신본부] 메모리 반도체 테스트 2차 교육생 모집 공고(신청: 10/5~11/13),https://ce.jnu.ac.kr/bbs/ce/2114/857848/artclView.do,"인공지능 반도체 테스트 특화 전문 인력 양성을 위하여 메모리 반도체 테스트 분야 국내 1위 기업인 YIKC의 메모리 반도체 테스트 기술 과정 교육에 참여할 학생을 모집합니다. 1. 교육 대상반도체 분야 취업을 희망하는 광주 전남권 소재 대학 소속의 전공, 비전공 대학(원) 재학생, 휴학생, 졸업생 (졸업 후 2년 이내)   ※ 광주 전남권 소재 대학(15개교) - 광주권 : 광주대, 광주여대, 남부대, 동강대, 전남대, 조선대, 호남대 - 전남권 : 동신대, 목포대, 목포해양대, 순천대, 순천제일대, 전남과학대, 전남도립대, 초당대",2023-10-05 16:32:20.0
컴퓨터정보통신공학과과,전남대와 함께 하는 AICL 청년 토크콘서트(10/12 14:00),https://ce.jnu.ac.kr/bbs/ce/2114/857826/artclView.do,"광주정보문화산업진흥원과 전남대학교 지능화혁신 G5-AICT 연구센터에서 주관하여, AICL 청년 토크콘서트를 다음과 같이 개최하오니, 많은 관심과 참여 바랍니다.○ 행사명: 전남대와 함께 하는 AICL 청년 토크 콘서트○ 행사개요  - 일시: 2023년 10월 12일 목요일 오후 2시~6시까지  - 장소: 공과대학 코스모스홀  - 연사: 1부 -김선태 주무관 (충주시 SNS이야기)           2부-김경필 머니 트레이너 (자본주의 경제와 2030 돈 관리)○ 참가대상: 참가를 희망하는 지역민‧학생 누구나  ※ 무료강연*취업성공",2023-10-05 15:10:31.0
컴퓨터정보통신공학과과,2023 ICT콤플렉스 제2회 SW개발 공모전 안내(신청: ~10/3),https://ce.jnu.ac.kr/bbs/ce/2114/857652/artclView.do,,2023-09-27 17:45:42.0
컴퓨터정보통신공학과과,제23회 대학생 프로그래밍 경시대회 개최 안내(신청: ~10/13),https://ce.jnu.ac.kr/bbs/ce/2114/857644/artclView.do,,2023-09-27 17:25:55.0
컴퓨터정보통신공학과과,한국전력 데이터안심구역 활용 경진대회 참가신청 안내(~10/6),https://ce.jnu.ac.kr/bbs/ce/2114/857643/artclView.do,,2023-09-27 17:22:40.0
컴퓨터정보통신공학과과,2023학년도 2학기 면담지도교수 배정 내역,https://ce.jnu.ac.kr/bbs/ce/2114/857619/artclView.do,2023학년도 2학기 면담지도교수 배정 내역 아래와 같습니다. ◎ 면담 방법 : 교수님과 사전 연락 후 방문  (연락처 안내 : 학과소개   교수진   교수 / 교수진 소개(클릭)) ※ 교수님과의 상담 내역이 자계부에 등록되면 장학사정시 점수(진로상담) 반영됨(장학안내(클릭)) ◎ 지도교수 찾기 : Ctrl + F   본인 학번 검색  교수명학번교수명학번교수명학번교수명학번교수명학번김명진192051김진술234675박수형214694박재형191416박호성195985김명진203190김진술204266박수형234776박재형170796박호성23,2023-09-27 14:35:56.0
컴퓨터정보통신공학과과,제23회 대학생 프로그래밍 경시대회 개최 안내(등록: 9/26~10/13),https://ce.jnu.ac.kr/bbs/ce/2114/857578/artclView.do,"과학기술정보통신부가 주최하고 한국지능정보사회진흥원이 주관하는 「제23회 대학생프로그래밍경시대회」를 개최합니다.가. 대회목적  o 대학생 대상으로 문해결, 알고리즘 설계 능력을 발휘 할 수 있는 기회제공 및 디지털 인재 양성 발굴을 위한 대회 개최나. 대회개요  o 참가 자격    - 대학교(원) 재학생 3인 및 지도교수 1명으로 구성된 1팀(전공무관)      ※ 자세한 내용은 붙임 참조  o 예선 대회    - 등록기간 : 2023.09.26.(화) ~ 10.13.(금)    - 일정/장소 : 2023.10.20.(금) ~ 202",2023-09-27 09:48:31.0
컴퓨터정보통신공학과과,「2023년 국립대학 육성사업」2023학년도 동계 5만기행 단기 탐방 프로그램 참가자 모집 안내(10/4~18),https://ce.jnu.ac.kr/bbs/ce/2114/857539/artclView.do,"UN의 지속가능한발전목표(SDGs) 17개를 중심으로 본교생이 자발적으로 기획한 주제에 따라 체험, 탐방 학습의 기회를 제공하고 글로컬 우수 인재로 양성하고자 2023학년도  동계 「5만기행(五萬起行)」 프로그램 참가자를 모집합니다.   1. 참가대상: 지난 10년간 해외 방문 경험이 없는 본교 학부 및 대학원 재학생2. 내    용: 학생이 직접 기획하여 2023 동계 기간 아시아 내 국가 탐방3. 접수방법: 온라인 지원 (https://forms.gle/DQt5QXqK6Hxubqzs6)4. 선발인원: 총 160명 내외 (개인 또",2023-09-26 17:53:35.0
컴퓨터정보통신공학과과,[차세대통신혁신융합대학사업] 2023학년도 2학기 캡스톤디자인 산업체연계형 온라인 신청 방법 안내(신청: ~10/6),https://ce.jnu.ac.kr/bbs/ce/2114/857468/artclView.do,"차세대통신혁신융합대학사업단에서 지원하는 2023학년 2학기 캡스톤디자인 산업체 연계형(We-meet) 온라인 신청방법에 대해 다음과 같이 안내하고자 합니다.- 다음 - 가. 과 제 명: 캡스톤디자인 산업체연계형(We-meet)  나. 대    상: 차세대통신혁신융합대학사업단 참여학과의 캡스톤디자인 교과목 수강생 다. 신청방법 1) https://wemeet.korcham.net/에 접속하여 회원 가입 2) 홈페이지 상단  프로젝트  버튼 클릭 3) 프로젝트 검색 후 프로젝트명 클릭 4) 신청하기 버튼 클릭하여 참여신청서 작성, 제출",2023-09-26 09:26:49.0
컴퓨터정보통신공학과과,[광주정보문화산업진흥원] 4학년 대상 콘텐츠 분야 기업 매칭 신청 안내(~10/15),https://ce.jnu.ac.kr/bbs/ce/2114/857458/artclView.do,"광주정보문화산업진흥원은 광주/전남 지역의 50여개 기업과 지속적으로 컨택하며 인력수요에 맞춰 인재 pool을 공유하고 있으며, 금일 기준으로 12명의 인재를 매칭되었습니다.지속적인 기업들의 수요를 확인하여 취업연계에 도움이 되고자 현재 4학년생 중 콘텐츠 분야로의 취업을 준비하고 있는 학생들의 신청을 받아 기업과의 매칭을 통해 면접 기회를 제공하오니 많은 신청 바랍니다. * 신청 방법 : 신청서 작성 후 메일로 이력서/자기소개서/포트폴리오 제출* 신청서 양식 : https://forms.gle/ZMvY97DpiJA9uUbo7* 제출",2023-09-25 17:45:55.0
컴퓨터정보통신공학과과,2023학년도 2학기 수강취소 안내(9/25~26 17:00),https://ce.jnu.ac.kr/bbs/ce/2114/857225/artclView.do,❍ 신청기간 : 2023. 9. 25.(월) 09:00 ~ 9. 26.(화) 17:00❍ 취소절차 : 학생이 인터넷으로 포털에서 직접 수강취소 신청 교과목 개설학과에서 취소 승인❍ 취소방법 : 전남대학교 포털사이트(http://portal.jnu.ac.kr)에 접속한 후                    교육지원 내학사행정 수업 수강신청 수강취소 신청  선택❍ 수강취소 과목범위  - 수강취소 신청과목은 2과목 이내로 하되 취소 후 수강학점은 1학점 이상을 유지해야 함(수업관리지침 제19조)❍ 수강취소 내역확인  - 수강취소 후 최종,2023-09-21 17:55:39.0
컴퓨터정보통신공학과과,[인공지능혁신융합대학사업단] 2023 ChatGPT 활용 경진대회 안내(신청: ~10/20),https://ce.jnu.ac.kr/bbs/ce/2114/857191/artclView.do,"인공지능혁신융합대학사업단에서는 2023 ChatGPT 활용 경진대회를 아래와 같이 개최하오니 많은 관심 부탁드립니다.   1. ChatGPT 활용 경진대회 개요 가. 목적 : 일상생활속에서 ChatGPT을 활용하여 아이디어 기획, 제작, 개발 및 창업할 수 있는 역량 개발 대회 개최 나. 대상 : 전남대학교 교내 학부생 다. 팀 구성 : 개인 참여 가능, 팀 구성 인원 제한 없음 라. 장소 : 전남대학교 용지관 마. 추진 일정  1) 참가 신청 : 2023.09.11.(월) ~ 2023.10.20.(금)  2) 서면평가 및 결과 발",2023-09-21 15:34:53.0
컴퓨터정보통신공학과과,2023년 하반기 학·석사학위연계과정 학부연구생 장학사업 신청 안내(~9/20 16:00),https://ce.jnu.ac.kr/bbs/ce/2114/856946/artclView.do,구분  2023년 하반기  학 석사학위연계과정 학부연구생 장학사업 비고   신청자격 1. 학 석사학위연계과정생으로 선발되어 재학 중인 자 - 4학기 이상 재학자로서 수업연한 이내 자 2. 지원연구실 지도예정교수 추천을 받은 자 선발가능 인원 기존: 98명 신규: 126명   신청기간 '23. 9. 20.(수) 16시 까지     선발절차 1. 지원신청서 작성(신청자) 2. 추천서 작성(지도예정교수) 3. 추천자명단 제출(학장) 4. 선발 확정 및 공고(대학원혁신본부)     활동기간 '23. 9. 26.(월) ~  24. 1.,2023-09-19 13:22:23.0
컴퓨터정보통신공학과과,2023 공과대학 재학생 특강 『공스타그램』안내(9/25),https://ce.jnu.ac.kr/bbs/ce/2114/856897/artclView.do,"공과대학 스타들에게 유익한 정보를 공유받을 수 있는 ⭐공스타그램⭐으로 초대합니다!📍when : 2023.9.25(월) 16:00 ~ 18:00📍where : 공대 4호관 코스모스홀📍what :    #9312; 장학금 준비 방법   #9313; 공모전 정보탐색 및 준비 방법   #9314; 교내외 활동 추천과 후기   #9315; 포트폴리오 작성 방법과 노하우 ✨ 공과대학 스타: 신소재공학부 김세현, 전자공학과 이예찬  ✨📍how to apply : 성장마루 https://grow.jnu.ac.kr/ko/program/int",2023-09-19 10:04:59.0
컴퓨터정보통신공학과과,마감 2023년도 전공 관련 기사 자격증 응시료 지원 신청(상시) 안내(예산 소진시 까지),https://ce.jnu.ac.kr/bbs/ce/2114/856895/artclView.do,"2023년도 전공 관련 기사 자격증 응시료 지원(상시)을 아래와 같이 시행하오니 많은 신청바랍니다.          2023년도 전공 관련 기사 자격증 응시료 지원(상시) 신청 안내   신청 기한 상시 접수(예산 소진 시까지)   신청 방법 학과사무실(공7-226) 접수   제출 서류 #9312; (붙임 1) 신청서 1부. #9313; 국가기술자격증 사본 1부. #9314; 응시료 결제 영수증 또는 검정 수수료 납부 확인서 각 1부(필기, 실기 모두). #9315; 본인 명의 통장 사본 1부.     (붙임 1) 신청서 내 본인 서",2023-09-19 09:55:31.0
컴퓨터정보통신공학과과,마감 2023년도 외국어 시험 응시료 지원 신청(상시) 안내(예산 소진 시까지),https://ce.jnu.ac.kr/bbs/ce/2114/856893/artclView.do,2023년도 외국어 시험 응시료 지원(상시)을 아래와 같이 시행하오니 많은 신청바랍니다.    2023년도 외국어 시험 응시료 지원(상시) 신청 안내   신청 기간 상시 접수(예산 소진 시까지)   신청 방법 학과사무실(공7-226) 방문 제출   제출 서류 #9312; (붙임 1) 신청서 1부. #9313; 응시료 결제 영수증 1부. #9314; 외국어 시험 성적증명서 1부. #9315; 본인 명의 통장 사본 1부.     (붙임 1) 신청서 내 본인 서명 필수   결제 영수증 출력은 각 시험 관련 홈페이지에서  영수증 출력  또,2023-09-19 09:51:37.0
컴퓨터정보통신공학과과,"K-PaaS 활용 디지털 사회혁신 서비스 개발, 아이디어 공모전(~12/13)",https://ce.jnu.ac.kr/bbs/ce/2114/856892/artclView.do,,2023-09-19 09:46:43.0
컴퓨터정보통신공학과과,[로레알코리아] 로레알 커리어톡 in 광주 안내 (9/21(목) 14:00),https://ce.jnu.ac.kr/bbs/ce/2114/856891/artclView.do,"2023 로레알코리아 커리어톡 in 광주  로레알 그룹에 대한 모든 것을 알려줄게! 끊임 없는 혁신으로 전세계 FMCG 마켓을 선도하는 뷰티테크 기업 로레알! 애플, 구글, 마이크로소프트, 아마존을 이어""2022 세계에서 가장 매력적인 고용주"" Top 5✨에유일한 비 IT기업/유럽 기업으로 선정된 로레알 그룹! 이런 로레알이 부산을 거쳐 이번엔 광주로 갑니다🚊커리어톡에 참석하셔서 로레알코리아에 대한 궁금증을 해결해보세요! 글로벌 기업 전문가 러닝팀 매니저의 커리어 개발 꿀팁과국내 대기업 개발자 출신 IT 현직자의 리얼 커리어 스토",2023-09-19 09:44:59.0
컴퓨터정보통신공학과과,2023학년도 동계 미국대학 파견학생 선발 안내(~10/6 15:00),https://ce.jnu.ac.kr/bbs/ce/2114/856855/artclView.do,"우리 대학 소속 학생들의 외국어 능력을 향상시키고, 글로벌 인재로 양성하기위한 학생 단기파견 프로그램을 다음과 같이 진행하고자 하오니 학생들의 많은 신청 바랍니다. 1. 파견대학: 미국 Univ. of Nevada, Las Vegas2. 파견규모: 공과대학 학부 재학생 중 14명 내외3. 파견기간: 2023. 12. 31.(일) ~ 1. 20.(토) 3주간4. 지원금액: 1인당 500만원 장학금 지급(총 경비 중 장학금을 제외한 나머지 금액 본인부담)  ※ 프로그램 미 이수 시 전액 반환조치5. 지급방법: 장학금으로 개별지급(지급",2023-09-18 17:17:47.0
컴퓨터정보통신공학과과,"[대학교육혁신본부] 2023 테스트기술워크샵 참가자 모집 안내(~10/11, 선착순 모집)",https://ce.jnu.ac.kr/bbs/ce/2114/856853/artclView.do,"여러 반도체 기업 임직원들의 기술 강연을 통해 반도체 분야의 최신 연구 동향을 파악할 수 있는 2023 테스트 기술 워크샵이 2023년 10월 17일 화요일 수원컨벤션센터에서 개최되오니 많은 신청 바랍니다. 1. 모집 대상광주 전남권 소재 대학 소속의 전공, 비전공 대학(원) 재학생, 휴학생, 졸업생(졸업 후 2년 이내)   ※ 광주 전남권 소재 대학(15개교) - 광주권 : 광주대, 광주여대, 남부대, 동강대, 전남대, 조선대, 호남대 - 전남권 : 동신대, 목포대, 목포해양대, 순천대, 순천제일대, 전남과학대, 전남도립대, 초당",2023-09-18 17:11:41.0
컴퓨터정보통신공학과과,2023학년도 제2학기 최종 등록 및 휴학 신청 기간 안내,https://ce.jnu.ac.kr/bbs/ce/2114/856584/artclView.do,"우리 대학교에서는 2023학년도 제2학기 최종 등록기간을 다음과 같이 공고하오니 등록금을 납부하지 못한 학생은 기한 내에 등록금을 납부하시기 바랍니다.   ■ 다      음 ■1. 기    간 : 2023. 10. 5.(목) ~ 10. 6.(금) 16:00 [2일간] ➣ 2023. 2학기 수업연한 초과자도 위 기간 내에 등록금 납부2. 납입금 납부장소 : 광주, 농협, 국민, 신한은행 전국지점 ➣ 고지서 상의 가상계좌 입금, 광주은행 신용카드 납부 가능3. 휴학 신청 : 전남대포털➝로그인➝교육지원➝내학사행정➝학적➝휴학신청◇ 휴학",2023-09-14 18:00:06.0
컴퓨터정보통신공학과과,[언어교육원] 영어 말하기/글쓰기/학습전략 1:1 무료 코칭 안내,https://ce.jnu.ac.kr/bbs/ce/2114/856443/artclView.do,"언어교육원에서는 우리 대학 학부 재학생의 자기주도학습 역량 강화를 통한 외국어 능력  함양을 위해 영어학습센터(English Learning Center)를 개설하여 영어학습지원 서비스를 제공하고 있습니다.   『원어민 강사 영어 말하기 및 글쓰기 1:1 무료 코칭』 및 『내국인 강사 영어 학습전략 1:1 무료 코칭』 서비스를 실시하오니, 재학생들의 많은 참여 바랍니다. 가. 기간: 2023. 09. 12.(화) ~ 2024. 02. 23.(금)    ※ 언어교육원 외국어 강좌 일정과 동일하게 운영 나. 코칭 영역: 원어민 영어 말",2023-09-13 17:17:21.0
컴퓨터정보통신공학과과,2023학년도 2학기 교과구분 정정 신청 안내(9/18~27),https://ce.jnu.ac.kr/bbs/ce/2114/856219/artclView.do,"1. 신청 대상  : 휴 복학에 따른 교과과정 적용년도 변경, 부 복수전공 선발, 모집단위간이동(전과) 및 국내 타대학 교류로 인한 교과구분 상이 학생 ▶ 교육과정 적용 기준 : 당초 입학년도 교육과정 적용, 단, 학적변동(복학, 재입학)으로 입학년도 교육과정 적용이 어려울 경우 복학하는 학년도의 소속학년 학생이 입학했던 당시의 교육과정으로 변경 할 수 있음. 2. 신청 유의사항  1) 휴 복학 및 전과에 따른 교과과정 적용년도 변경자의 경우 적용받는 교과과정에 따라 필수 과목이 달라질 수 있으므로 교과과정 적용년도 반드시 확인",2023-09-12 09:44:03.0
컴퓨터정보통신공학과과,2023학년도 2학기 미래성장·취업더하기 장학생 선발 안내(9/18~22),https://ce.jnu.ac.kr/bbs/ce/2114/856148/artclView.do,"2023학년도 2학기 미래성장 취업더하기 장학생 선발을 다음과 같이 시행하오니 많은 학생들의 지원 바랍니다.가. 목적: 학생의 잠재 능력개발과 취업역량 함양 지원을 통해 꿈과 이상을 실현하는 창의인재 양성나. 주요 내용 구분 미래성장 장학 취업더하기 장학  지원대상 본교 학부 2~3학년 재학생 본교 학부 3~4학년 재학생  ※ 제외 대상: `23학년도 신 편입생(성적미인정), 의 치 수의 약학계열은 신청 제외  지원자격직전 학기 평균평점이 1.75 이상이고 12학점 이상 이수한 자로 장학금 활용 계획서/실행 보고서 제출자 ※ 실행보",2023-09-11 16:12:49.0
컴퓨터정보통신공학과과,2023년도 예비군훈련 기본훈련(3차) 안내(10/10~11),https://ce.jnu.ac.kr/bbs/ce/2114/856032/artclView.do,"2023년도 예비군훈련 기본훈련(3차) 일정을 알려드리니 해당자는 확인바랍니다.가. 훈련기간 :  23.10.10. ~ 10.11.(2일)나. 훈련장소 : 제31보병사단 503보병여단 3대대(삼각산 예비군훈련장)(개별 이동)다. 훈련대상 : 238명(23년 예비군훈련 미이수 자원)구 분10.10.(화)10.11.(수)인 원163명75명  1) 일자별 세부대상  2) 졸업, 휴학, 수업연한 초과(졸업/수료 유보), 수료자는 참석 불가라. 협조사항  1) 개인별 훈련일자는 예비군홈페이지( https://www.yebigun1.mil.k",2023-09-11 10:07:57.0
컴퓨터정보통신공학과과,[차세대통신혁신융합대학사업] 2023학년도 2학기 캡스톤디자인 교과목 지원 안내(~10/12),https://ce.jnu.ac.kr/bbs/ce/2114/855892/artclView.do,"차세대통신혁신융합대학사업단에서 통신분야 산업체가 필요로 하는 창의적 종합설계 능력을 가진 인재양성을 위해  23년 2학기 캡스톤디자인 교과목을 지원하고자 합니다.   1. 지원대상: 차세대통신혁신융합대학사업단 참여학과의 캡스톤디자인 교과목 수강생2. 지원기간: 2023. 09. ~ 2023. 12.3. 지원항목: 재료비, 회의비, 멘토링비, 기타4. 과제유형연번유형내용1일반형(전공심화형)전공 관련 자율 주제를 선정하여 해결하는 과제2산업체연계형(We-meet)학생과 기업이 연계하여 기업의 문제점/요구사항을 전공 관련 기술로 해결하는",2023-09-08 13:23:31.0
컴퓨터정보통신공학과과,[인공지능혁신융합대학사업단] 2023년 2학기 캡스톤디자인 과제 모집 안내(~9/22),https://ce.jnu.ac.kr/bbs/ce/2114/855784/artclView.do,"인공지능혁신융합대학사업단에서는 2023년 2학기 캡스톤디자인 과제 모집을 아래와 같이 안내하오니 많은 관심 부탁드립니다. 1. 사업목적  1) 학생들 스스로 기획 및 설계, 제작을 통하여 창의성과 실무능력을 함양함과 동시에 협업을 통한 상호 복합적인 팀워크 능력을 보유한 창의인재 육성 및 취업활성화에 기여  2) 인공지능혁신공유대학사업단 참여학과의 학생들이 융합과정에서 습득한 학문 지식을 바탕으로 한 실무형 인재양성  3) 산업체 현장 전문가 멘토링을 통한 직무역량 증진2. 신청 대상: 『인공지능혁신융합대학사업』 6개 참여학과의 캡",2023-09-07 16:55:55.0
컴퓨터정보통신공학과과,[LINC 3.0사업단] 2023년 2학기 캡스톤디자안 교과목 지원 안내(~10/4),https://ce.jnu.ac.kr/bbs/ce/2114/855782/artclView.do,"『3단계 산학연협력 선도대학 육성사업단(LINC3.0)』에서는 취 창업 역량강화 및 산업체 수요에 적합한 창의적 인재양성을 위하여 2023년 2학기 캡스톤디자인 교과목을 지원하고자 합니다.    1. 지원 대상: 캡스톤디자인 교과목 수강생 중 사업단 참여학과(부) 3, 4학년 학부생 2. 지원 기간: 2023. 9. ~ 2023. 12. 3. 지원 항목: 재료비, 실험비, 회의비, 인쇄비 4. 지원 유형연번유형참여주체1일반형담당교원, 팀(학생)2기업연계형담당교원, 기업(기관)담당자, 팀(학생)3기업연계기반 학제간 융합형4글로벌형",2023-09-07 16:52:49.0
컴퓨터정보통신공학과과,제30기(2024년 봄학기 파견) 미래에셋 해외교환 장학생 선발 안내(접수: 10/10~16),https://ce.jnu.ac.kr/bbs/ce/2114/855667/artclView.do,"미래에셋박현주재단에서 해외 교환학생 중 일정 요건을 갖춘 학생에게 장학금을 지원하고자  제30기 미래에셋 해외교환 장학생 을 다음과 같이 선발하오니, 학생들은 기간 내에 지원 바랍니다. 가. 온라인 접수기간(학부생): 2023. 10. 10.(화) 10:00 ~ 10. 16.(월) 15:00 ※ 재단 홈페이지(http://foundation.miraeasset.com) 내 지원서 작성 및 제출서류 업로드 나. 온라인 면접: 2023. 11. 7.(화) 10:00 ~ 21:00 ※ 1차 서류 합격자에 한하여 별도 응시 다. 선발인원:",2023-09-07 10:40:58.0
컴퓨터정보통신공학과과,2023학년도 2학기 「학습꿈터」모집 안내(~9/12),https://ce.jnu.ac.kr/bbs/ce/2114/855498/artclView.do,"교육혁신본부 교수학습센터에서는 학사경고자를 포함한 학업저성취자의 기초 학습역량을 향상하고자 「학습꿈터」를 운영하고자 하오니, 각 해당 기관 및 부서에서는 학업 수행에 어려움을 겪고 있는 대학생의 참여 바랍니다.    가. 학습꿈터 모집 개요 구  분내  용모둠 신청 기간ㆍ2023. 9. 15.(금)까지모둠 형성 요청 기간ㆍ2023. 9. 12.(화) 11시 45분까지ㆍ이끄미 및 따르미 추천을 받고 싶은 경우  모둠 형성 요청  게시판에 신청※ 이끄미: 교과목 학습에 도움을 주는 대학 재학생※ 따르미: 교과목 학습에 도움을 받는 대학",2023-09-06 11:01:34.0
컴퓨터정보통신공학과과,2023학년도 2학기 배움공동체 신청 안내(~9/14),https://ce.jnu.ac.kr/bbs/ce/2114/855486/artclView.do,"교육혁신본부 교수학습센터에서는 핵심역량인 창의‧감성‧공동체역량 강화를 위해 2023학년도 2학기에 배움공동체를 새롭게 운영합니다. 학생들의 참여 바랍니다.    1. 신청 기간: 2023년 9월 4일(월)~9월 14일(목) 2. 신청 대상: 본교 대학생(나눔이 대학 재학생, 배움이 대학생) 3. 모둠 구성: 나눔이 1명 및 배움이 4~5명 4. 신청 방법: 비교과 통합 플랫폼  성장마루 (https://grow.ac.kr) ※ 프로그램 소개: 교육혁신본부 누리집(https://ile.jnu.ac.kr) 5. 활동 내용: 교과목 이외",2023-09-06 10:50:15.0
컴퓨터정보통신공학과과,[차세대통신혁신융합대학사업단] 차세대통신 오픈강좌4 개최 안내(9/15 10:00~14:30),https://ce.jnu.ac.kr/bbs/ce/2114/855122/artclView.do,"* 차세대통신 오픈강좌4- 일시: 2023년 9월 15일(금) 10:00~14:30- 장소: 온라인 진행- 주제: 5G/6G 요소기술- 연사: 김선우 교수(한양대), 박해욱 책임(LG전자), 곽정호 교수(DGIST)- 접속: (1) Zoom:  https://jnu-ac-kr.zoom.us/j/87397738575?pwd=KzBGRjBLaGk2UHJDcEZSYllBZ25Edz09            (2) Youtube: https://youtube.com/live/DUF2EwZd9WM?feature=share  - 비고: (1)",2023-09-05 08:41:55.0
컴퓨터정보통신공학과과,2023학년도 2학기 건강밥상(천원의 아침밥) 제공 안내(9/1~12/19),https://ce.jnu.ac.kr/bbs/ce/2114/855025/artclView.do,"우리 대학에서는 아침밥 먹기 운동을 통해 학생들의 건강을 증진시키고, 학교생활에 활력을 불어넣기 위하여 건강밥상(천원의 아침밥) 사업을 운영하고 있습니다. 학생들의 건강밥상 이용 바랍니다. 가. 제공기간 ※ 공휴일, 토 일요일 제외   - 제1학생마루 식당: 2023. 9. 1.(금) ~ 12. 19.(화)   - 화순 여미샘 식당: 2023. 8. 14.(월) ~ 12. 18.(월) 나. 이용시간 : 8:00 ~ 8:50(월~금요일) 다. 이용장소 : 제1학생마루 식당(광주캠퍼스), 여미샘 식당(화순캠퍼스) 라. 식 단 가 : 4",2023-09-04 12:00:54.0
컴퓨터정보통신공학과과,[반도체특성화대학사업단] 2023학년도 2학기 반도체융합전공(복수전공과정) 신청 안내(~9/10)체,https://ce.jnu.ac.kr/bbs/ce/2114/854960/artclView.do,2023년 2학기 반도체특성화대학 반도체융합전공 개설에 따라 아래와 같이 반도체융합전공 신청을 안내합니다.가. 신청기간 : 2023.09.01. ~ 2023.09.10.나. 신청방식 : 네이버 폼 접속 후 신청 혹은 신청서 및 구비서류 직접 제출  ※ 네이버 폼 : https://naver.me/G4xs2Gcv  ※ 제출처 : 공과대학 7호관 426호(온라인 네이버 폼으로 신청한 경우 직접 제출할 필요 없음)다. 선정결과 : 2023. 09. 15. (금) 15시 이후라. 신청대상 : 반도체 융합전공 참여 및 참여희망자마. 문 의,2023-09-01 18:04:52.0
컴퓨터정보통신공학과과,[3단계 산학연협력 선도대학 육성사업단(LINC3.0)]2023학년도 2학기 캡스톤디자인 교과목 지원 안내(~10/4),https://ce.jnu.ac.kr/bbs/ce/2114/854930/artclView.do,"『3단계 산학연협력 선도대학 육성사업단(LINC3.0)』에서는 취 창업 역량강화 및 산업체 수요에 적합한 창의적 인재양성을 위하여 2023년 2학기 캡스톤디자인 교과목을 지원하고자 합니다.    1. 지원 대상: 캡스톤디자인 교과목 수강생 중 사업단 참여학과(부) 3, 4학년 학부생 2. 지원 기간: 2023. 9. ~ 2023. 12. 3. 지원 항목: 재료비, 실험비, 회의비, 인쇄비 4. 지원 유형연번유형참여주체1일반형담당교원, 팀(학생)2기업연계형담당교원, 기업(기관)담당자, 팀(학생)3기업연계기반 학제간 융합형4글로벌형",2023-09-01 14:24:19.0
컴퓨터정보통신공학과과,2023학년도 Capstone Design 지원사업 (2차) 추가모집 안내(~9/15),https://ce.jnu.ac.kr/bbs/ce/2114/854920/artclView.do,"공학교육혁신센터에서는 전공 이론 및 실습과정을 바탕으로 축적한 문제해결능력을 토대로 산업체 또는 지역사회가 필요로 하는 Capstone Design 프로젝트 주제를 발굴하여 창의성, 실무능력, 팀 워크 등 실무능력 향상에 도움을 주고자 다음과 같이 『2023 Capstone Design 지원사업 2차 추가모집』을 실시하고자 합니다.관심있는 학생들의 참여 바랍니다.   - 다    음 - 가. 지원 분야지원 분야내  용모집인원(팀)비고Capstone Design 지원사업다학제형다양한 전공으로 구성된 팀 간 융합 프로젝트 수행4팀2개",2023-09-01 13:59:23.0
컴퓨터정보통신공학과과,2023학년도 전공연계 봉사활동 참여팀 모집 안내(~9/11)계,https://ce.jnu.ac.kr/bbs/ce/2114/854915/artclView.do,"전문적 지식을 습득하는 대학생들이 지역사회 발전에 필요한 조직적인 봉사활동 참여 활성화로 리더십을 배양하고 공동체 의식을 함양하는 2023학년도 전공연계 봉사활동 프로그램을 아래와 같이 공모하오니 많은 학생들의 참여 바랍니다.가. 사 업 명: 2023학년도 전공연계 봉사활동나. 사업기간: '23. 9월 '23. 12월다. 참여대상: 학과(부) 재학생라. 선발팀수: 11팀 내외마. 지원금(1팀당): 1,000천원~1,500천원바. 접수기간: '23. 8. 28.(월) ~ 9. 11.(월) 16일간사. 접수방법: 붙임의 별첨1 사업계획",2023-09-01 13:36:55.0
컴퓨터정보통신공학과과,2024-2025년도 풀브라이트 이공계 미국 대학원 유학 장학 프로그램 안내(신청: 9/18~10/19),https://ce.jnu.ac.kr/bbs/ce/2114/854845/artclView.do,"한미교육위원단에서 아래와 같이 2024-2025년도 풀브라이트 이공계 미국 대학원 유학 장학 프로그램 안내를 요청해왔기에 알려드리니, 관심 있는 학생들의 많은 참여바랍니다.  가. 선발 대상: 2024년도 가을학기 미국 석박사 과정 유학을 희망하는 이공계 지원자  나. 자격 요건    1) 대한민국 국민으로 미국 이중 국적자나 미국 영주권자가 아닌 지원자    2) 4년제 대학 기졸업자 또는 2024년 2월 졸업 예정자    3) 2024년 4월부터 한국에 거주할 수 있는 지원자    4) 이공계(STEM) 전분야 진학 예정자  다",2023-08-31 17:18:38.0
컴퓨터정보통신공학과과,2023학년도 제2학기 추가 등록 및 휴·복학 신청 기간 안내,https://ce.jnu.ac.kr/bbs/ce/2114/854456/artclView.do,"우리 대학교에서는 2023. 8. 22.(화) ~ 8. 25.(금) 등록을 실시하였으나 아직까지 등록금을 납부하지 못한 학생이 있어 다음과 같이 추가 등록기간과 휴 복학 기간을 설정 시행하오니 기간내에 등록금 납부와 휴 복학하시기 바랍니다. ■ 다 음 ■1. 등록금 납부 기간 : 2023. 9. 12.(화) ~ 9. 14.(목) 16:00까지 [3일간]➣ 2023. 2학기 수업연한 초과자도 위 기간 내에 등록금 납부2. 납입금 납부장소 : 광주, 농협, 국민, 신한은행 전국지점➣ 고지서 상의 가상계좌 입금, 광주은행 신용카드 납부",2023-08-28 18:40:59.0
컴퓨터정보통신공학과과,광주전남지역혁신플랫폼 「AI·Cloud 인재양성 아카데미」프로그램 참여자 모집 안내(8/21~30),https://ce.jnu.ac.kr/bbs/ce/2114/854215/artclView.do,광주전남지역혁신플랫폼에서는 AI 클라우드 전문인력 양성을 위한 「AI‧Cloud 인재양성 아카데미」 AIaaS 서비스 활용 중급과정을 아래와 같이 운영하오니 관심 있는 학생들의 많은 참여바랍니다.    가. 주요일정구분과정일정비고모집기간AIaaS 서비스 활용 중급2023.08.21.(월) ~ 2023.08.30.(수)모집인원 내 선발교육기간AIaaS 서비스 활용 중급2023.09.04.(월) ~ 2023.09.09.(토)온 오프라인 혼합 운영    나. 모집내용프로그램명교육대상모집인원교육장소교육생 혜택AI‧Cloud 인재양성 아카데,2023-08-25 16:36:57.0
컴퓨터정보통신공학과과,2023학년도 2학기 셔틀버스(광주↔여수캠퍼스) 운행 안내(2023.9.1.~12.21.),https://ce.jnu.ac.kr/bbs/ce/2114/853928/artclView.do,"2023학년도 2학기 행정업무 지원을 위한 셔틀버스 운행을 아래와 같이 안내 합니다.가. 운행 목적: 광주 여수캠퍼스 간 행정업무 지원나. 운행 기간: 2023. 9. 1.(금) ~ 2023. 12. 21.(목) [토, 일, 공휴일 제외]  1) 운행 방식: 학사 운영에 따른 버스 운행  2) 운행 계획학기셔틀버스 운행현황탑승정원비 고2학기학기 중 운행시간 적용 운행41, 44명 다. 운행 차량: 월~금요일 광주캠퍼스(41인승), 여수캠퍼스(44인승) 대형버스 각 1대  ※ 매주 금요일 대형버스 44인승 1대를 여수- 광주 13시3",2023-08-22 18:02:25.0
컴퓨터정보통신공학과과,2023학년도 2학기 중 광주시내 통학버스 운행 안내(2023.9.1.~12.21.),https://ce.jnu.ac.kr/bbs/ce/2114/853924/artclView.do,"2023학년도 2학기 중 광주시내 통학버스를 다음과 같이 운행하오니, 각 학과(부)에서는 학생들에게 안내하여 주시기 바랍니다.가. 운행목적: 재학생 등교 지원나. 운행기간: 2023. 9. 1.(금) ~ 2023. 12. 21.(목) [토, 일, 공휴일 제외]다. 운행노선 및 운행시간1) 농성동/광천동 방면(통학버스)   횟수 양동 주공A (그린파크 승강장옆) 농성영무 메트로A (뚜레쥬르앞) 교원공제회관 (정문앞) 광천동다이소옆 (동아한의원앞) 챔피언스 필드삼거리 (팔각정앞) 경신여고사거리 (무등맨션입구앞) 학교 (용봉탑)   1회",2023-08-22 17:58:47.0
컴퓨터정보통신공학과과,[차세대통신혁신융합대학사업단] 차세대통신 오픈강좌3 개최 안내(8/29 14:00~17:00),https://ce.jnu.ac.kr/bbs/ce/2114/853802/artclView.do,"차세대통신 오픈강좌3  ○ 일시: 2023년 8월 29일(화) 14:00~17:10○ 장소: 온라인 진행○ 주제: 5G/6G 기술동향○ 연사: 이현중 책임(삼성전자), 노민석 연구위원(윌러스연구소), 조제훈 팀장(LGU+)○ 접속: (1) Zoom:  https://jnu-ac-kr.zoom.us/j/88126622470?pwd=MXBwbFdzbG5XRjdCMlp5NUF3VWEwQT09            (2) Youtube: https://youtube.com/live/8_ReMLOZDG0?feature=share ○ 비고:",2023-08-21 15:32:59.0
컴퓨터정보통신공학과과,AI+콘텐츠 창작자 양성 프로그램 교육 모집 안내(상시 모집),https://ce.jnu.ac.kr/bbs/ce/2114/853735/artclView.do,,2023-08-21 09:44:51.0
컴퓨터정보통신공학과과,2023학년도 2학기 국가장학금 2차 신청 안내(~9/14 18:00),https://ce.jnu.ac.kr/bbs/ce/2114/853646/artclView.do,"2023학년도 2학기 국가장학금 2차 신청 일정을 다음과 같이 안내하오니 국가장학금 신청 바랍니다.  가. 신청대상: 재학생*, 복학생, 재입학생, 신입생, 편입생  * 재학생은 국가장학금 1차 신청 원칙(2차 신청 시 재학 중 2회에 한하여 지원 가능) 나. 신청기간: '23. 8. 17.(목) ~ 9. 14.(목) 18:00 (총 29일간) - 서류제출 및 가구원 정보제공 동의 기간: '23. 8. 17.(목) ~ 9. 21.(목) 18:00  ※ 주말․공휴일 포함 24시간 신청 가능, 마지막 날은 18시 마감  ※ 여수캠퍼스",2023-08-18 14:21:32.0
컴퓨터정보통신공학과과,2022학년도 후기(2023년 8월) 학위수여식 안내(학위복 대여: 8/25 9:00~11:50),https://ce.jnu.ac.kr/bbs/ce/2114/853465/artclView.do,"□ 학위수여식가. 일시: 2022. 8. 25.(금) 10:00나. 장소: 민주마루다. 행사방법: 대면행사 및 메타버스 병행라. 학위수여식 포토존 설치 및 운영 - 광주캠퍼스(4곳): 민주마루, 5.18광장, 공과대학(시계탑), 인문대학(인벤) - 여수캠퍼스(2곳): 정문, 청경마루라. 졸업증서, 학위기 및 상장 배부 : 학과 배부(공7-226)마. 학위복(학사,석사,박사) 대여  - 대여기간 : '22. 8. 25.(금) 9시~11시 50분  - 대여장소 : 공7-226",2023-08-16 17:48:11.0
컴퓨터정보통신공학과과,2022학년도 후기 학위수여식 축하 메시지·영상 제작 참여 안내(~8/23),https://ce.jnu.ac.kr/bbs/ce/2114/853457/artclView.do,"대학본부에서 CNU 메타버시티 가상공간 내에 졸업 축하 메시지와 영상을 게시하기 위하여 아래와 같은 방법으로 공모하오니, 많은  참여 바랍니다.구분내 용개요CNU 메타버시티 가상공간 내에 학부   대학원 졸업생 대상의 축하 메시지와 영상을 게시하여 본행사와 동일한 현실감과 시 공간적 제약이 없는 서비스 제공게시 장소CNU 메타버시티 내 가상공간 3곳 (민주마루, 대운동장, 정문   메타세콰이어길)참여 방법축하 메시지 - 대학(원)생 및 교직원이 제작한 축하 메시지(현수막 형식 등) 이미지 파일 원본(JPG 등) 제출축하 영상 - 가",2023-08-16 17:40:50.0
컴퓨터정보통신공학과과,2023학년도 2학기 2차 국가근로장학금 학생 신청 안내(~9/14),https://ce.jnu.ac.kr/bbs/ce/2114/853414/artclView.do,2023학년도 2학기 2차 국가근로장학금 학생 신청 기간을 다음과 같이 안내하오니 학생들의 신청 바랍니다. 가. 신청기간: '23. 8. 17.(목) 09:00 ~ 9. 14.(목) 18:00나. 신청자격: 대한민국 국적을 소지한 자 중 대학교에 재학 중인 학생으로 다음의 기본 요건을 충족한 학생 - 성적요건: 직전학기 성적 1.75(70점/100점 만점) 이상 - 학자금 지원구간: 8구간 이하다. 신청방법: 한국장학재단 홈페이지 및 모바일 앱을 이용하여 신청 ※ 상세 신청방법  붙임  참고라. 근로기간: 2023. 9. ~ 202,2023-08-16 14:57:49.0
컴퓨터정보통신공학과과,2023년 을지연습 연계 공습 대비 전남대학교 민방위 훈련 안내(8/23 14:00~14:20),https://ce.jnu.ac.kr/bbs/ce/2114/853328/artclView.do,"2023년 을지연습 연계 공습 대비 전남대학교 민방위 훈련을 다음과 같이 안내합니다.  훈련 개요     - 일시 : 2023. 8. 23.(수) 14:00 14:20(20분간)   - 참여대상 : 교내 학생 및 교직원   - 참여부서 : 대학본부, 각 대학(원), 부속시설 등 전기관      ※ 같은 건물 사용 및 인접한 부서는 연계 훈련 가능(도서관 건물은 훈련 제외)      ※ 임시 공간 사용 중인 대학본부 소속 부서는 해당 건물에서 시행 또는 해당 건물 관리부서 등과 연계하여 시행    - 훈련내용 : 학생 및 교직원 대피",2023-08-14 16:38:47.0
컴퓨터정보통신공학과과,2024학년도 1학기 CAMPUS Asia-AIMS 국가장학 해외 파견 교환학생 모집 안내(~8/28),https://ce.jnu.ac.kr/bbs/ce/2114/853084/artclView.do,"2024학년도 1학기 CAMPUS Asia-AIMS 국가장학 해외 파견 교환학생 선발을 다음과 같이 진행하고자 합니다.    가. 파견대학: 3개국 4개교 (말레이시아, 인도네시아, 필리핀)  나. 선발일정 1) 모집공고 및 신청서 접수:  23. 8. 9.(수) ~ 8. 28.(월)18:00 2) 선발시험(외국어 구술 및 면접):  23. 8. 30.(수)  3) 합격자 발표:  23. 8. 31.(목) 18:00 다. 모집방법: 국제협력과 홈페이지 온라인지원   붙임  CAMPUS Asia-AIMS 국가장학 해외 파견 교환학생",2023-08-09 11:22:25.0
컴퓨터정보통신공학과과,KEET 2023 대한민국 기후환경 에너지대전 개최 안내(9/6~8),https://ce.jnu.ac.kr/bbs/ce/2114/852915/artclView.do,,2023-08-04 13:10:08.0
컴퓨터정보통신공학과과,"[공과대학] 두근두근 엔지니어링 프로젝트(선후배 멘토링) 멘토, 멘티 모집(~8/20)",https://ce.jnu.ac.kr/bbs/ce/2114/852891/artclView.do,"1. 참여 신청(팀/개인 신청 가능)가. 멘토(고학년)  http://naver.me/xPIABkLc나. 멘티(저학년)  http://naver.me/5RcfQBsY※ 팀 신청은 온라인 신청서 작성 시 '전달 사항' 문항에 팀원 인적 사항(학과, 학번, 성명)을 기재해주세요.   (멘토 온라인 신청 시 전달 사항 기재/ 멘티는 개인 신청만 해 주세요.(개인정보동의 필요))※ 개인 신청 시 선택한 주제에 따라 같은 학과(부) 선후배 매칭2. 문의처: 공과대학 취업진로상담실 062-530-1922",2023-08-03 16:18:25.0
컴퓨터정보통신공학과과,2023학년도 2학기 등록금재원 교내 장학금 관련 마일리지 점수 확인(~8/3 17:00),https://ce.jnu.ac.kr/bbs/ce/2114/852767/artclView.do,"1. 확인 기간 : 2023년 8월 1일(화) ~ 3일(목) 17:00 2. 확인 방법 : 학과학생마일리지사이트(http://ecescholarship.kr) ▶ 로그인(ID: 학번, 초기PW: 학번) ▶ 본인 마일리지 점수 확인 3. 문의사항 : 062)530-1751 (컴퓨터정보통신공학과, 전자컴퓨터공학부 컴퓨터정보통신공학전공)4. 학과학생 마일리지     장학 사이트 내 학과학생 마일리지 실제 반영 학생 마일리지   학부학생 마일리지 점수(1000점)   총점(1000점) : 0 점   자기계발활동 기록부 점수(500점) :",2023-08-01 17:03:33.0
컴퓨터정보통신공학과과,2023학년도 2학기 외국인 버디 프로그램 참가자 선발 안내(접수: ~8/6),https://ce.jnu.ac.kr/bbs/ce/2114/852640/artclView.do,"외국인 유학생(신/편입, 교환학생)의 대학생활 적응력을 높이고, 재학생의 글로벌 역량을 강화하기 위하여 다음과 같이 2023학년도 2학기 외국인 버디 프로그램을 운영하고자 하오니 관심있는 학생들의 많은 참여 바랍니다.가. 지원 자격: 학부 재학생나. 주요 일정   구 분 일 정 내 용   모집 공고 및 신청서 접수 2023. 7. 25.(화) ~ 8. 6.(일) - 국제협력과 홈페이지 온라인접수   면접대상자 발표 2023. 8. 9.(수) 국제협력과 홈페이지 게시   선발면접 (외국어구술 및 면접) 2023. 8. 11.(금) -",2023-07-31 10:05:01.0
컴퓨터정보통신공학과과,제2회 통신망 안정성 확보를 위한 인공지능 해커톤 안내(접수: 7/19~8/18),https://ce.jnu.ac.kr/bbs/ce/2114/852362/artclView.do,,2023-07-25 15:28:16.0
컴퓨터정보통신공학과과,[한국인터넷진흥원] 실전형 사이버훈련장 대학생 특별과정 안내(신청: ~7/26 15:00),https://ce.jnu.ac.kr/bbs/ce/2114/852339/artclView.do,▶ 제출 기한: 7월26일(수) 15:00▶ 신청 방법: (붙임2)신청서 작성하여 메일(eb8916@jnu.ac.kr) 제출,2023-07-25 10:17:52.0
컴퓨터정보통신공학과과,[2~4학년] 2023학년도 2학기 수강신청 안내(대체 신청: 9/4~6),https://ce.jnu.ac.kr/bbs/ce/2114/852258/artclView.do,2023학년도 2학기 2~4학년 수강신청 안내❏ 수강신청 방법   수강신청 방법 전남대학교 포털(http://portal.jnu.ac.kr) ➔ 로그인 ➔ 교육지원 ➔ 내학사행정 ➔ 수업 ➔ 수강신청 ➔ 수강신청(학부) 또는 수강신청(간편)    ❏ 수강신청 일정   구 분 기 간 시 간 비 고   수강신청 테스트 7월 25일(화) 9:00~18:00 - 수강희망과목 테스트   7월 26일(수) ~ 7월 27일(목) 9:00~18:00 - 수강신청 테스트 ※ 테스트 종료후 신청내역 일괄 삭제   수강희망과목 예약 8월 1일(화) ~,2023-07-24 10:42:14.0
컴퓨터정보통신공학과과,[1학년] 2023학년도 2학기 수강신청 안내,https://ce.jnu.ac.kr/bbs/ce/2114/852246/artclView.do,2023학년도 1학기 1학년 수강신청 안내    ※ 타과 개설 교과목 여석 문의 시 전화예절을 지켜주시기 바랍니다.    ❏ 수강신청 방법   수강신청 방법 전남대학교 포털(http://portal.jnu.ac.kr) ➔ 로그인 ➔ 내학사행정 ➔ 수업 ➔ 수강신청 ➔ 수강신청(학부) 또는 수강신청(간편)   ❏ 수강신청 일정 구 분 기 간 시 간 비 고  수강신청 테스트 7월 25일(화) 9:00~18:00- 수강희망과목 테스트 7월 26일(수) ~ 7월 27일(목) 9:00~18:00- 수강신청 테스트※ 테스트 종료후 신청내역 일,2023-07-24 09:57:34.0
컴퓨터정보통신공학과과,2023학년도 2학기 수강신청 시행 계획 안내,https://ce.jnu.ac.kr/bbs/ce/2114/852210/artclView.do,1. 주요일정  업무내용 기간 시간 대상 내용  수강인원 조정  23.7.21.(금) 7.25.(화) 09:00～ 18:00 전공: 강좌 주관학과 교양: 강좌 협력학과 학년별 수강인원 관리 자과/타과/부전공 수강인원 조정 분반정보의 사무실 번호 입력 수강신청 테스트  23.7.25.(화) 09:00～ 18:00 학부 전 학년 공통 수강희망과목 예약 테스트  23.7.26.(수) 7.27.(목) 09:00～ 18:00 수강신청 테스트※ 테스트 종료 후 신청내역 일괄 삭제 수강희망과목 예약 신청 '23.8.1.(화) ~8,2023-07-21 17:29:21.0
컴퓨터정보통신공학과과,2023 제1회 철도 인공지능 경진대회 안내(신청: ~8/18 17:00),https://ce.jnu.ac.kr/bbs/ce/2114/852090/artclView.do,,2023-07-20 14:46:32.0
컴퓨터정보통신공학과과,2023년 2학기 삼성드림클래스 대학생멘토 추가 선발 안내(접수: ~7/26),https://ce.jnu.ac.kr/bbs/ce/2114/852088/artclView.do,2023,2023-07-20 14:44:55.0
컴퓨터정보통신공학과과,[광주전남지역혁신플랫폼] AI·Cloud 인재양성 아카데미 프로그램 모집 안내,https://ce.jnu.ac.kr/bbs/ce/2114/851974/artclView.do,"[AI Cloud 인재양성 아카데미 데이터 분석 중급 AIaaS 서비스 활용 초급 과정 참여자 모집 안내]광주전남지역혁신플랫폼 대학교육혁신본부에서는 전남대학교와 네이버 클라우드, 으뜸정보기술과 함께 AI 클라우드 인력 양성 교육 프로그램을 운영하오니, 많은 참여 바랍니다.○ 참여대상- 광주∙전남권 소재 15개 대학 소속 대학(원) 재학생, 휴학생, 졸업생 (졸업 후 2년 이내)​---------------------------------------------------------------------------------------",2023-07-19 09:36:36.0
컴퓨터정보통신공학과과,삼성전자 대학생 프로그래밍 경진대회 SCPC 2023 안내(~7/26),https://ce.jnu.ac.kr/bbs/ce/2114/851954/artclView.do,,2023-07-18 18:04:17.0
컴퓨터정보통신공학과과,2023학년도 2학기 학·석사연계 주니어 BK 장학 지원 안내(~8/14),https://ce.jnu.ac.kr/bbs/ce/2114/851828/artclView.do,"학‧석사 연계과정생 BK21 교육 및 연구 프로그램 참여 독려를 위한 「2023학년도 2학기 학‧석사연계 주니어 BK 장학」을 다음과 같이 선발하고자 하오니 관심있는 4단계 BK21 교육연구단(팀) 학‧석사연계과정생의 많은 신청바랍니다.▶ 2023년 하반기 학석사학위연계과정 학부연구생 장학사업(학기당 1,000천원 지급)과 중복지원 불가 가. 장학생 자격: 2024년 2월 학사과정 졸업예정자(학부 마지막 학기)로서 2024학년도 전기 우리대학교 일반대학원에 진학하려는 전남대학교 BK 소속학과 교육연구단(팀) 소속 학‧석사연계과정생",2023-07-17 13:59:31.0
컴퓨터정보통신공학과과,[공학교육혁신센터] 2023 학생포트폴리오 경진대회 개최안내(신청: 8/7~16),https://ce.jnu.ac.kr/bbs/ce/2114/851798/artclView.do,공학교육혁신센터에서는 학생들에게 향후 취업 및 진학 인터뷰 시 유용하게 활용될 수 있는 개인별 포트폴리오 작성의 기회를 제공하여 적극적인 자기 계발 및 커리어 관리를 유도하고자 『2023 학생포트폴리오 경진대회』를 개최하고자 합니다. 관심있는 학생들의 참여 바랍니다. - 다 음 - 1. 명 칭: 2023 학생포트폴리오 경진대회2. 신청기간: 2023.08.07.(월)~2023.08.16.(수)3. 심사일자: 2023.09.01.(금)(예정)4. 시 상 식: 2023.09.04.(월)(예정)5. 대회방식: 서면심사6. 참가자격: 공고,2023-07-17 10:03:08.0
컴퓨터정보통신공학과과,2023학년도 상반기 대학원 총장명예장학(CNU GS-PHF) 추가 선발 안내(~7/26),https://ce.jnu.ac.kr/bbs/ce/2114/851617/artclView.do,"2023학년도 상반기 대학원 총장명예장학(CNU GS-PHF) 추가 선발 계획을 다음과 같이 안내하오니 많은 신청 바랍니다.   1. 지원자격    가. 선정기준 : 본부 및 학과 선정기준에 모두 충족하는 2023학년도 후기 일반대학원 석 박사통합과정 신입생(합격자)과정본부 선정기준(기준1, 2 모두 충족 필요)학과 선정기준석 박사통합[기준1] 동일 계열 학과 졸업생 + 전일제 학생[기준2] 학부 졸업평점 3.75(4.5만점) 이상인 학생※ 외국인 학생은 위 기준을 준용하여 적용▶전자컴퓨터공학과 : 학과장 추천서 제출▶ICT융합시스",2023-07-13 10:34:42.0
컴퓨터정보통신공학과과,[ Energy+AI 핵심인재양성 교육연구단] 2023 하계 마이크로캡스톤디자인 멘토링 멘토 모집 안내(7/12~21),https://ce.jnu.ac.kr/bbs/ce/2114/851435/artclView.do,전남대학교 Energy+AI 핵심인재양성 교육연구단은 마이크로캡스톤디자인에 참여하는 학생들을 대상으로 AI 관련 학과 대학원생과 산업체가 참여하는 전문 멘토단을 구성하여 참여 학생들과 매칭하여 멘토단의 전문적 지식을 활용한 멘토링을 통해 참여 학생들의 문제해결 과정 Energy+Al 융합 교육의 애로사항 해결 및 실무 경험 향상을 위해 2023 하계 마이크로캡스톤디자인 멘토링 멘토를 다음과 같이 모집합니다.   - 다    음 -   1. 사업개요  가. 사 업 명 : Energy+AI 경진대회  나. 기    간 : 2023.07,2023-07-11 13:13:35.0
컴퓨터정보통신공학과과,2023학년도 2학기 한국장학재단 농촌출신대학생 학자금 융자사업 시행 안내(신청: ~7/26),https://ce.jnu.ac.kr/bbs/ce/2114/851363/artclView.do,"한국장학재단에서 농어업인 교육비 부담 경감 및 농어촌출신 대학생에 대한 균등한 교육기회 제공을 위하여 「2023학년도 2학기 농촌출신대학생 학자금지원사업」을 아래와 같이 시행합니다. 가. 주요 일정구 분기 간비 고신청(사전) 및 서류제출2023. 5. 23.(화) ~ 7. 4.(화)   신청 및 서류제출 2023. 7. 5.(수) ~ 7. 26.(수)    융자 심사2023. 7. 27.(목) ~ 8. 14.(월)    융자 실행 2023. 8. 16.(수) ~ 10. 6.(금) 학생 개인별 융자 약정 후, 대학 지정 가상계좌로 대",2023-07-10 16:56:51.0
컴퓨터정보통신공학과과,[차세대통신혁신융합대학사업] 차세대통신 오픈강좌2 (5G 표준의 이해) 안내(7/12 10:30~15:30),https://ce.jnu.ac.kr/bbs/ce/2114/851318/artclView.do,"○ 일시 : 2023년 7월 12일(수) 10시30분 ~ 15시30분○ 장소 : 전남대학교 공과대학7호관 118호 (온라인으로도 동시 진행)○ 주제 : 5G 표준의 이해○ 강사 : 단국대 최수한 교수○ 온라인 참여 링크 - Youtube: https://youtube.com/live/Awc2zbXUDxE - Zoom:  https://jnu-ac-kr.zoom.us/j/87888439706?pwd=SGEwRXlwRlhIdVJsV2ZKdC8rWTNmZz09○ 비고 : 학부생 참석시 ""차세대통신혁신융합대학사업"" 마일리지 적립",2023-07-10 13:43:37.0
컴퓨터정보통신공학과과,2023 마이데이터 아이디어 공모전 안내(접수: ~7/31),https://ce.jnu.ac.kr/bbs/ce/2114/851250/artclView.do,,2023-07-10 09:40:55.0
컴퓨터정보통신공학과과,2023학년도 2학기 한국장학재단 학자금 대출 신청 안내,https://ce.jnu.ac.kr/bbs/ce/2114/851179/artclView.do,2023학년도 2학기 학자금 대출 기본계획을 붙임과 같이 알려드립니다.가. 대출신청 및 실행기간구분등록금 대출분납연계 대출 및 생활비 대출신청2023. 7. 5.(수) ~ 10. 25.(수)2023. 7. 5.(수) ~ 11. 16.(목)실행2023. 7. 5.(수) ~ 10. 26.(목)2023. 7. 5.(수) ~ 11. 17.(금) 나. 신청 및 실행 방법한국장학재단 홈페이지(www.kosaf.go.kr) 회원가입(공인인증서 로그인) 가구원 동의 금융교육 이수 대출신청서 작성 (필요시)증빙서류 제출 심사완료 등록금 납부기간에,2023-07-07 17:21:13.0
컴퓨터정보통신공학과과,2023학년도 2학기 국가유공장학 등 우선 선발 장학 대상자 제출 안내(~7/14),https://ce.jnu.ac.kr/bbs/ce/2114/851143/artclView.do,2023학년도 2학기 재학생 등록금 감면 우선 선발 장학생(법정장학 및 복지장학 등)을 선발하고자 하오니  장학 대상자는 공과대학 행정실로 증빙서류를 제출 바랍니다.1. 제출 기한: 2023.7.14.(금)2. 제출 장소: 공과대학 행정실(공대4호관 202호)3. 법정장학   복지장학   특별장학 수혜자격 및 증빙서류구 분수혜자격증빙 서류장학금비고국가유공장학(법정장학) 독립유공자예우에 관한 법률 등 관련 법령에 따른 법정 장학 대상자 중 직전 학기 평균평점이 1.75(실점 70점) 이상인 자※ 국가유공자 등 본인은 성적 제한 없음,2023-07-07 15:40:33.0
컴퓨터정보통신공학과과,[2023년 DATA · AI 분석 경진대회] 한국과학기술정보연구원(KISTI) 경진대회 안내(신청: 7/10~28),https://ce.jnu.ac.kr/bbs/ce/2114/851137/artclView.do,,2023-07-07 15:20:40.0
컴퓨터정보통신공학과과,2023학년도 16기 총장명예학생(PHS) 신청 안내(7/17~8/7),https://ce.jnu.ac.kr/bbs/ce/2114/851128/artclView.do,"교육혁신본부에서는 모교에 대한 자부심과 비판적 사고력, 창의적 문제해결 능력을 바탕으로 학문후속세대 및 글로컬리더로서의 열정을 갖춘 미래 인재를 양성하고자 2023학년도 총장명예학생(PHS)을 선발합니다.  가. 지원 자격구분지원 자격신청유형성적우수- 평점평균 3.8 이상 우수자- 1학년: 직전학기(계절학기 제외), 2학년: 전체학기외국인- 평점평균 3.0 이상- 한국어능력자격시험(TOPIK) 5등급 이상학과추천- 창의성, 인성, 학업 역량을 겸비하여 발전 가능성을 학과로부터 인정 받은 자 - 학과(부)별 2명 이내 추천공통- 1~",2023-07-07 14:59:16.0
컴퓨터정보통신공학과과,「2023년 상반기 도전장학(미래) 추가 선발 계획」 공고 안내(신청: ~7/26),https://ce.jnu.ac.kr/bbs/ce/2114/851103/artclView.do,"2023년 상반기 도전장학(미래) 추가 선발 계획」을 다음과 같이 공고하오니 우수한 인재들의 많은 신청바랍니다.가. 장학생 선발1) 자격: 2023년 8월 학사과정 졸업예정자로서 2023학년도 후기 우리 대학교 일반대학원에 진학하려는 자  ※ 직전학기 성적 평균평점 2.5이상 (전남대학교 장학규정 제3조(장학생의 자격))2) 장학금: 자연예체능계열 2,300천원  ※ 단, 지원액은 가용예산 범위에 따라 다소 변동 될 수 있음3) 제출서류대상제출 서류제출 기한제출처지원신청자◦ 도전장학(미래) 지원신청서[별지 제1호 서식] ※ 붙임 참",2023-07-07 14:12:35.0
컴퓨터정보통신공학과과,[인공지능반도체테스트전문인력양성] 메모리 반도체 테스트 교육생 모집 공고(신청: 7/6~18),https://ce.jnu.ac.kr/bbs/ce/2114/851005/artclView.do,"인공지능 반도체 테스트 특화 전문 인력 양성을 위하여 메모리 반도체 테스트 분야 국내 1위 기업인 YIKC의 메모리 반도체 테스트 기술 과정 교육에 참여할 학생을 모집합니다. 1. 교육 대상반도체 분야 취업을 희망하는 광주 전남권 소재 대학 소속의 전공, 비전공 대학(원) 재학생, 휴학생, 졸업생 (졸업 후 2년 이내)   ※ 광주 전남권 소재 대학(15개교) - 광주권 : 광주대, 광주여대, 남부대, 동강대, 전남대, 조선대, 호남대 - 전남권 : 동신대, 목포대, 목포해양대, 순천대, 순천제일대, 전남과학대, 전남도립대, 초당대",2023-07-06 14:48:36.0
컴퓨터정보통신공학과과,[광주전남지역혁신플랫폼] AI·Cloud 인재양성 아카데미 프로그램 참여자 모집(7/3~12),https://ce.jnu.ac.kr/bbs/ce/2114/850819/artclView.do,광주전남지역혁신플랫폼에서는 AI 클라우드 전문인력 양성을 위한 「AI‧Cloud 인재양성 아카데미」 클라우드 및 데이터 분석 초급과정을 아래와 같이 운영하오니 관심 있는 학생들의 참여 바랍니다. 가. 주요일정   구분 과정 일정 비고   모집기간 클라우드 초급 2023.07.03.(월) ~ 2023.07.12.(수) 모집인원 내 선발   데이터 분석 초급   교육기간 클라우드 초급 2023.07.17.(월) ~ 2023.07.27.(목) 온 오프라인 혼합 운영   데이터 분석 초급    나. 모집내용   프로그램명 교육대상 모집인원,2023-07-05 10:19:03.0
컴퓨터정보통신공학과과,2023학년도 2학기 마이크로디그리 추가 개설 안내,https://ce.jnu.ac.kr/bbs/ce/2114/850778/artclView.do,"전남대학교 마이크로디그리 운영 지침 에 따라 2023년 제2회 교학위원회 심의 결과 원안대로 통과된 2023학년도 2학기 마이크로디그리 추가 개설을 다음과 같이 알려드립니다.1. 2023학년도 2학기 마이크로디그리 추가 개설(총 3개) 현황  가. AI융합차세대통신초급 마이크로디그리주관학과(전공)컴퓨터정보통신공학과참여학과소프트웨어공학과, 인공지능학부(소프트웨어전공, 인공지능전공)이수기준 편성된 교과목 중 4과목(12학점) 이상 이수연번편성학과교과구분교과목코드교과목명학점시간학년학기이론실습1인공지능학부전선SAI0030파이썬프로그래밍및",2023-07-05 09:17:43.0
컴퓨터정보통신공학과과,2023학년도 제2학기 등록 안내(8/22~25),https://ce.jnu.ac.kr/bbs/ce/2114/850434/artclView.do,"2023학년도 제2학기 등록금 납부를 다음과 같이 공고하오니 등록에 차질 없으시기 바랍니다.   1. 기 간 : 2023. 8. 22.(화) ~ 8. 25.(금) 16:00까지 [4일간]2. 장 소 : 광주은행, 농협(지역농협 포함), 국민은행, 신한은행 전국 본 지점3. 등록금 분할납부 방법 가. 신청대상: 경제사정으로 정해진 기간내에 등록금 전액 납부가 어려워 분할납부하고자 하는 학생   [신청제외자: 학부 및 대학원 신입생, 전액 장학금 수혜자, 미등록 휴학예정자, 수업연한초과자] 나. 신청기간 : 2023. 7. 3.(월",2023-06-30 16:44:24.0
컴퓨터정보통신공학과과,"2023학년도 2학기 부·복수(연계)·융합전공, 마이크로디그리 취소 및 신청 안내(취소: 7/10~12, 신청: 7/17~19)",https://ce.jnu.ac.kr/bbs/ce/2114/850102/artclView.do,"2023학년도 2학기 부 복수(연계) 융합전공 취소 신청 및 이수자 선발을 아래와 같이 실시하오니 해당 일정에 따라 신청하시기 바랍니다. 1. 허용 학과(부) 및 전공 가. 복수전공 및 부전공: 간호대학, 수의과대학, 약학대학, 예술대학(디자인학과 및 미술학과 제외), 의과대학, 치의학전문대학원 학 석사통합과정, 자율전공학부를 제외한 전 학과(부) 나. 융합복수전공: 로봇공학융합전공, 미래에너지공학융합전공, 지능실감미디어융합전공 2. 지원 자격 및 선발 기준 가. 복수(연계)전공  - 지원 자격    1) 우리 대학에서 제2전공 및",2023-06-27 11:22:56.0
컴퓨터정보통신공학과과,2023학년도 하계 계절학기 수강취소 기간 및 방법 안내,https://ce.jnu.ac.kr/bbs/ce/2114/850080/artclView.do,2023학년도 하계 계절학기 수강취소에 관한 사항을 다음과 같이 안내합니다.   1. 취소기간구분수강취소 기간환불금액취소 방법개강 전수강취소2023. 6. 15.(목) 09:00 ～2023. 6. 16.(금) 18:00전액학생포털을 이용하여 학생 본인이 직접 전산 취소개강 후수강취소2023. 6. 26.(월) 09:00 ~ 2023. 7. 3.(월) 18:00수강료의 2/3환불2023. 7. 4.(화) 09:00 ～ 2023. 7. 6.(목) 18:00수강료의 1/2환불2023. 7. 6.(목) 18:00 이후 수강취소 및 환불 불,2023-06-27 10:37:56.0
컴퓨터정보통신공학과과,2023학년도 2학기 국내 ICT학점연계 프로젝트 인턴십 모집 안내(~7/12),https://ce.jnu.ac.kr/bbs/ce/2114/850076/artclView.do,"4차 산업시대 ICT 핵심기술분야 인재 양성과 우리 대학생의 경쟁력강화를 위해 국내  ICT학점연계 프로젝트 인턴십에 참여하고자 하오니, 학생들의 적극 참여 바랍니다. 가. 프로그램명: 국내 ICT학점연계 프로젝트 인턴십나. 신청기간: 2023. 6. 28.(수) ~ 7. 12.(수) 17:00까지 온라인 신청다. 주요일정라. 지원자격 및 방법  - 4학기 이상 이수 및 IT관련 전공, 부전공, 복수전공 및 연계전공 중 택일  - 인턴십 기업 지원 방법: 공식홈페이지(https://ictintern.or.kr)에서 회원 가입 후 신",2023-06-27 10:31:38.0
컴퓨터정보통신공학과과,2023학년도 2학기 모집단위간이동(전과) 실시 안내(7/3~7),https://ce.jnu.ac.kr/bbs/ce/2114/850073/artclView.do,2023학년도 2학기 모집단위간이동(전과)를 다음과 같이 실시하오니 해당 기간 내 신청하기 바랍니다.  1. 주요 일정구분일정비고공고2023. 6. 26.(월)홈페이지원서 접수2023. 7. 3.(월) ~ 7. 7.(금)포털 신청전출 승인2023. 7. 12.(수)학과(부) 및 대학전출 합격자 발표2023. 7. 14.(금)홈페이지전입 대상자 사정 및 선발~2023. 7. 21.(금)학과전과 합격자 발표2023. 7. 28.(금)홈페이지전과 합격자 이수 성적 재사정표 제출 및 교과 구분 정정2023. 7. 31.(월) ~ 8. 4.,2023-06-27 10:21:45.0
컴퓨터정보통신공학과과,KOTRA/한국산업인력공단 주관 광주·전남 일자리박람회 연계 지역인재 글로벌 취업설명회 참여학생 모집 안내,https://ce.jnu.ac.kr/bbs/ce/2114/850037/artclView.do,❍ 문 의 처 : (LINC 3.0 사업단) 한나봄 연구원(Tel. 062-530-1297)❍ 신청방법 : 전남대학교 LINC 3.0 사업단 홈페이지 내   PR센터   온라인신청( https://linc.jnu.ac.kr/bbs/board.php?bo_table=techtraing wr_id=13),2023-06-26 17:36:20.0
컴퓨터정보통신공학과과,2023년도 2학기 대학직장 예비군 전입 신청 및 개인 정보 수정 안내(7/3~),https://ce.jnu.ac.kr/bbs/ce/2114/849616/artclView.do,"2023년도 2학기 재학생 중 대학직장 예비군(전남대학교연대 소속)으로 편성되지 않은 학생은 예비군연대로 전입 신청 및 정확한 훈련 안내를 위하여 개인 정보를 수정바랍니다.가. 대상 : 2023년도 2학기 대학(원) 신입(재입학), 편입, 복학, 전과 학생  1) 신청 기간 : 2023. 7. 3.(월) ~  2) 신청 절차 : 전남대학교 포털 내 학사행정 병무 예비군 전입 신청  3) 전입 신청 4~5일 경과 후 예비군 홈페이지에서 소속 부대 변경 여부 확인나. 소속 부대 확인 및 개인 정보 수정 절차   구분 소속 부대 확인 개",2023-06-21 14:19:03.0
컴퓨터정보통신공학과과,광주정보문화산업진흥원과 함께하는 산학연계 교육프로그램(게임제작과정)(선착순 30명),https://ce.jnu.ac.kr/bbs/ce/2114/849613/artclView.do,"❍ 대 상 : 전남대학교 대학(원) 재학생(제한없음) / 총 30명 (선착순 모집)❍ 기 간 : 2023. 07. 03.(월) ~ 08. 03.(목) (매주 월요일~목요일) / 18:00~22:00❍ 장 소 : 전남대학교 공과대학 7호관 116호❍ 세 부 일 정 : 일정별 교육내용은 상황에 따라 변동될 수 있음주일 시교 육 내 용비 고1주차2023.07.03.~07.06.(18:00~22:00)07.03오리엔테이션, C# 변수 07.04C# 상속, 클래스 07.05팀 개발에 필요한 도구 및 유니티 환경 설정하기 07.06유니티 엔진",2023-06-21 14:12:55.0
컴퓨터정보통신공학과과,"[공학교육혁신센터]2023 실무해결프로젝트(Job Solution Project, JSP) 실시 안내(신청: ~6/30)",https://ce.jnu.ac.kr/bbs/ce/2114/849547/artclView.do,"공학교육혁신센터에서는 산업 현장에 대한 이해와 적응능력향상을 위해 실제 현직에 있는 실무자와 재학생 간 멘토링을 통한 직무경험의 기회를 제공하고자 『2023 실무해결프로젝트(JSP)』을 실시하오니 관심있는 학생들의 참여할 수 있도록 안내하여 주시기 바랍니다. - 아 래 -   1. 명 칭: 2023 실무해결프로젝트(Job Solution Project, JSP)2. 모집인원: 총40명 내외(캠프별 8명, 총5개 캠프)3. 교육일시: 2023. 07. 08.(토) ~ 2023. 08. 19.(금)(O.T포함), 직무별 일자 상이함4.",2023-06-20 17:51:06.0
컴퓨터정보통신공학과과,2022학년도 후기(2023년 8월) 학부 졸업(수료)대상자 유보 신청 안내(6/26~7/7),https://ce.jnu.ac.kr/bbs/ce/2114/849523/artclView.do,"2022학년도 후기(2023년 8월) 학부 졸업(수료) 대상자 중 2023학년도 2학기 학적사항을 ""재학""으로 유지하고자 희망하는 학생은, 졸업(수료) 유보를 신청하기 바랍니다. 1. 신청기간 : 2023. 6. 26.(월) ~ 7. 7.(금) 18:00까지 (추가 신청 기간 없음)2. 신청방법 : 전남대학교 포털사이트(http://arsam.jnu.ac.kr/)   교육지원   내 학사업무   등록   학부 졸업(수료)유보 선택3. 졸업(수료) 유보 고지서 출력(학생 개별 출력) :포털   등록   학부 졸업(수료)유보   고지서",2023-06-20 15:44:15.0
컴퓨터정보통신공학과과,2023학년도 1학기 응원장학금 선발 안내(6/23~29),https://ce.jnu.ac.kr/bbs/ce/2114/849396/artclView.do,"2023학년도 1학기 응원장학생을 다음과 같이 선발할 예정이오니, 많은 학생들의 지원 바랍니다. 가. 지원대상: 학부 재학생으로 가계곤란 등의 사유로 등록금 지원이 필요한 자 - 소득분위 0~1분위: 국가장학금 지원 자격 미달*로 장학금 지원을 받지 못한 경우  * 성적 조건 미충족, 국가장학금 수혜횟수(8회) 초과자 - 최근 1년 이내 부모의 폐업, 실직 등으로 인한 긴급 가계곤란 사유가 발생한 경우  나. 지원규모: 가계곤란 정도에 따라 예산 범위 내에서 차등 지원가계곤란 정도장학명장학금액비 고상응원장학1등록금 전액(수업료1+수",2023-06-20 09:28:52.0
컴퓨터정보통신공학과과,2023학년도 제2학기 휴학·복학 신청 기간 안내,https://ce.jnu.ac.kr/bbs/ce/2114/849305/artclView.do,1. 신청기간 가. 휴학   휴학 종류 신청 기간 대상자   일반휴학(등록) 2023. 8. 22.(화) ~ 10. 30.(월)   등록금 납부 후 휴학을 원하는 자   일반휴학(미등록) 2023. 8. 22.(화) ~ 8. 25.(금)   등록금 납부하지 않고 휴학을 원하는 자 ※ 등록 기간 내에만 휴학 신청 가능   휴학연장 2023. 8. 22.(화) ~ 8. 25.(금)   휴학 만료일이 2023. 8. 31.까지인 자   군휴학(복무신고) 입영일 한 달 전 ~ 입영일   학기 중에 군입대하는 학생 중 미등록으로 군휴학을 원,2023-06-19 14:00:50.0
컴퓨터정보통신공학과과,2023학년도 2학기 인공지능수학교육 마이크로디그리 설명회 개최 안내(6/26 16:00),https://ce.jnu.ac.kr/bbs/ce/2114/849301/artclView.do,전남대학교 사범대학 수학교육과에서는 인공지능과수학교육 마이크로디그리 설명회를 개최하오니 관심 있는 학생들의 참여 바랍니다.가. 행사명 : 인공지능과수학교육 마이크로디그리* 설명회나. 일 시 : 2023년 6월 26일(월) 16:00~17:00다. 장 소 : 사범대학 교육융합관 215호라. 인공지능과수학교육 마이크로디그리 교과목   주관학과(전공) 수학교육과 참여학과 인공지능학부(인공지능전공)   이수기준 편성된 교과목 중 4과목(12학점) 이상 이수   연번 편성학과 교과구분 교과목코드 교과목명 학점 시간 학년 학기   이론 실습,2023-06-19 13:52:36.0
컴퓨터정보통신공학과과,학과 참여 사업 안내,https://ce.jnu.ac.kr/bbs/ce/2114/849275/artclView.do,"학과 참여 사업 안내   구분 내용   학과 참여사업  반도체특성화대학(2023~2027)  차세대통신혁신융합대학(2023~2026)  인공지능혁신융합대학(2021~2027)  소프트웨어중심대학(2021~2028)  지역혁신플랫폼(미래형운송기기육성사업,인공지능반도체테스트인력양성사업)   혜택  장학금(마일리지), 졸업장역량인증(마이크로디그리), 대회참가경비지원, 외부교육, 동아리지원 등   관련 링크  [뉴스] 반도체특성화대학 선정(클릭)  [뉴스] 차세대 통신 혁신융합대학 선정(클릭)   사업단 홈페이지  - 인공지능혁신융합대학(",2023-06-19 10:06:31.0
컴퓨터정보통신공학과과,[차세대통신혁신융합대학] 차세대통신 오픈강좌 안내(6/26(월) 10:30),https://ce.jnu.ac.kr/bbs/ce/2114/849264/artclView.do,[차세대통신혁신융합대학] 차세대통신 오픈강좌 안내* 일시: 2023년 6월 26일(월) 오전 10시30분 - 오후 3시30분* 장소: 공대7호관 118호 (온라인 동시진행)* 주제: OFDM   MIMO* 연사: 서울시립대 김영길 교수* Youtube: https://youtube.com/live/Zo2gMVG2pVk * Zoom: https://jnu-ac-kr.zoom.us/j/87914617890?pwd=alFVL21zOUlkTXhLQlZjWkFxQ3RqQT09,2023-06-19 09:18:25.0
컴퓨터정보통신공학과과,제8회 GSDC 데이터 컴퓨팅 스쿨 참가 안내(신청: ~7/2),https://ce.jnu.ac.kr/bbs/ce/2114/849235/artclView.do,"한국과학기술정보연구원(KISTI) 국가슈퍼컴퓨팅본부 대용량데이터허브센터에서 다음과 같이 ""제8회 GSDC 데이터 컴퓨팅 스쿨""을 개최합니다.가) 행사명: (국문) GSDC 데이터 컴퓨팅 스쿨(영문) GSDC School of Data Computing나) 행사기간: 2023년 7월 31일(월) ~ 8월 4일(금) (4박5일)다) 행사장소: 국가과학기술인력개발원(KIRD), 충북 오창 소재라) 참가대상: 기초과학 관련학과 대학원생 및 박사후연구원, 컴퓨터공학 관련학과 학부생(3학년 이상), 대학원생 및 박사후연구원 (공개모집을 통한",2023-06-16 16:44:53.0
컴퓨터정보통신공학과과,2023학년도 2학기 학부 및 대학원 재입학 실시 안내(접수: 7/5~11),https://ce.jnu.ac.kr/bbs/ce/2114/849230/artclView.do,2023학년도 2학기 학부 및 대학원 재입학 실시에 대해 알려드리니 재입학 희망학생은 아래 일정에 따라 원서 제출바랍니다.가. 세부 일정업무명일정비고실시 공고2023. 6. 15.(목)대학 홈페이지 공지(본부)재입학 원서접수2023. 7. 5.(수) ~ 7. 11.(화)학생   학과(부) (공7-225호)재입학 허가2023. 7. 28.(목)대학 홈페이지 공지(본부)나. 재입학 대상자 및 제외자대상자제외자학부생대학원생◦미복학 미등록 학사경고 제적자 및 자퇴자◦학칙 제30조 4항에 해당하는 학생활동 제적자 ◦유급 및 징계에 의하여 제,2023-06-16 16:38:43.0
컴퓨터정보통신공학과과,2023학년도 2학기 학석사학위연계과정 및 학석박사학위통합연계과정자 모집 안내(접수: 7/3~14),https://ce.jnu.ac.kr/bbs/ce/2114/849000/artclView.do,"2023학년도 2학기 학석사학위연계과정 및 학석박사학위통합연계과정자 모집을 안내하오니 많은 신청바랍니다.1. 학 석사학위연계과정 및 학 석박사학위통합연계과정  : 전남대학교 학칙 제19조 제5항에 의거 학사학위과정과 대학원 교과과정을 상호 연계하여 졸업(수료)학점을 취득함으로써 학사 및 대학원 수업연한을 단축하여 학사학위와 대학원 학위 취득이 가능한 학사제도 2. 모집학과 : 전 학과(의학과, 수의학과 제외) 3. 지원자격 및 특전사항구 분주 요 내 용지원자격□ 지원가능학과 : 학부과정의 주(복수)전공에 해당하는 대학원 학과(전공)",2023-06-15 09:46:51.0
컴퓨터정보통신공학과과,[인공지능반도체테스트전문인력양성] 제24회 테스트학술대회 참가 모집 공고(신청: 6/13~22),https://ce.jnu.ac.kr/bbs/ce/2114/848960/artclView.do,"제24회 한국테스트학술대회가 2023년 6월 27일 화요일 서울 더케이호텔에서 개최됩니다. 올해는 학회와 더불어 홍보부스, 잡페어를 함께 운영하오니 많은 신청 바랍니다. 1. 모집 대상광주 전남권 소재 대학 소속의 전공, 비전공 대학(원) 재학생, 휴학생, 졸업생(졸업 후 2년 이내)   ※ 광주 전남권 소재 대학(15개교) - 광주권 : 광주대, 광주여대, 남부대, 동강대, 전남대, 조선대, 호남대 - 전남권 : 동신대, 목포대, 목포해양대, 순천대, 순천제일대, 전남과학대, 전남도립대, 초당대    2. 테스트 학술대회 일정표",2023-06-14 15:29:07.0
컴퓨터정보통신공학과과,2023년 Power Engineer School Summer Camp(28기) 참가 대학생 신청 안내(~7/6 11:00),https://ce.jnu.ac.kr/bbs/ce/2114/848720/artclView.do,"한국전력기술(주) 인재개발교육원에서 실시하는 Power Engineer School Summer Camp(제28기)를 붙임과 같이 알려드리오니 참여가능한 학생은 2023. 7. 6.(목) 11:00까지 신청하여 주시기 바랍니다.    가. 교육기간: 2023. 8. 22.(화) ~ 8. 25.(금), 4일 나. 교육방법: 온라인 교육(ZOOM 영상시스템) 다. 교육과목: 에너지산업 인재양성 기본역량 프로그램(붙임2 참조) 라. 추천기준  - 학년: 2~3학년 재학생  - 학점: 전 학기까지 100점 환산 80점 이상인 학생  - 기",2023-06-12 13:43:58.0
컴퓨터정보통신공학과과,응원장학금 안내,https://ce.jnu.ac.kr/bbs/ce/2114/848582/artclView.do,"가계곤란 상황에 직면한 학생의 학업 여건을 보장하기 위한 「응원장학금」이 신설되었음을 알려드리니, 많은 학생들의 신청 바랍니다. 가. 장학명칭: 응원장학금 나. 목적 - 장학 관련 규정 또는 지침상의 요건을 충족하지 못하여 장학금 혜택에서 소외된 학생의 구제 - 경제적 위기상황에 직면한 학생의 학업여건 보장 및 장학 사각지대 해소 다. 지원대상: 학부 재학생으로 가계곤란 등의 사유로 등록금 지원이 필요한 자 - 소득분위 0~1분위: 국가장학금 지원 자격 미달*로 장학금 지원을 받지 못한 경우  * 성적 조건 미충족, 국가장학금 수혜",2023-06-08 17:32:28.0
컴퓨터정보통신공학과과,2023년도 예비군훈련(기본훈련 2기) 안내(6/26),https://ce.jnu.ac.kr/bbs/ce/2114/848424/artclView.do,"2023년도 예비군훈련(기본훈련 2기) 대상자는 아래 내용 확인바랍니다.가. 훈련기간:  23.6.26.(8H)나. 훈련장소: 제31보병사단 503보병여단 3대대(삼각산 예비군훈련장)(개별이동)다. 훈련대상: 345명(기간중 대학직장 예비군에 편성된 교수, 학생)(대상자 문자 별도 발송)  ※ 졸업, 휴학, 수업연한 초과(졸업/수료 유보), 수료자는 참석 불가라. 유의사항    1) 연락처 및 이메일 주소 변경된 인원은 예비군홈페이지( www.yebigun1.mil.kr)에서 수정 요청    2) 전국단위 훈련 旣신청자는 전국단위훈",2023-06-07 14:41:58.0
컴퓨터정보통신공학과과,2023년 상반기 대학원 총장명예장학(CNU-PHF)선발 안내(신청: ~6/8),https://ce.jnu.ac.kr/bbs/ce/2114/848161/artclView.do,"2023학년도 상반기 대학원 총장명예장학(CNU GS-PHF) 선발 계획을 다음과 같이 안내하오니 많은 신청바랍니다.   1. 지원자격    가. 선정기준 : 본부 및 학과 선정기준에 모두 충족하는 2023학년도 후기 일반대학원 석 박사통합과정 신입생(합격자)과정본부 선정기준(기준1, 2 모두 충족 필요)학과 선정기준석 박사통합[기준1] 동일 계열 학과 졸업생 + 전일제 학생[기준2] 학부 졸업평점 3.75(4.5만점) 이상인 학생▶전자컴퓨터공학과 : 학과장 추천서 제출▶ICT융합시스템공학과 : 학과장 추천서 제출※ 학과 심사 후",2023-06-05 09:46:40.0
컴퓨터정보통신공학과과,한국인터넷교육방송 스펙업 온라인강의 신청 안내(6/5~12),https://ce.jnu.ac.kr/bbs/ce/2114/848060/artclView.do,"전국 대학생 사교육비 절감 실현 프로그램온라인 강좌 100% 전액지원 프로모션1. 어학 : 토익, 토익스피킹, 오픽, 중국어(HSK), 일본어(JLPT), 회화 등2. IT : 프로그래밍언어, JAVA, C++, Python, 모바일코딩, 정보처리기사, 정보보안기사 등3. 그래픽 : 포토샵, 일러스트, CAD, MAX, 프리미어, 에프터이텍트 등4. 자격증 : 컴활1 2급, 워드 1급, MOS master, 한국사, 전산회계1 2급, 전산세무1 2급 등◎ 어학 : www.edujk.co.kr◎ IT 그래픽 자격증 : www.edui",2023-06-02 14:14:25.0
컴퓨터정보통신공학과과,채용연계형 Java Backend 개발 과정 4기 연수생 모집 안내(~7/16),https://ce.jnu.ac.kr/bbs/ce/2114/848059/artclView.do,,2023-06-02 14:13:42.0
컴퓨터정보통신공학과과,(채용특전) 제2회 교원그룹 AI 챌린지 - 생성 AI기반 에듀테크 사업 제안 대회 안내(신청: ~6/13),https://ce.jnu.ac.kr/bbs/ce/2114/847902/artclView.do,,2023-06-01 09:54:04.0
컴퓨터정보통신공학과과,2023 메타버스 개발자 경진대회 안내(신청:~6/15),https://ce.jnu.ac.kr/bbs/ce/2114/847901/artclView.do,,2023-06-01 09:52:52.0
컴퓨터정보통신공학과과,2023학년도 1학기 도전장학생(돋움) 선발 계획 안내(접수: 6/2~8),https://ce.jnu.ac.kr/bbs/ce/2114/847848/artclView.do,"2023학년도 1학기 도전장학생(돋움) 선발을 다음과 같이 시행하오니 많은 학생들의 지원 바랍니다. 가. 선발인원(예정): 82명(학부재학생 78명, 외국인학생 4명)나. 장학금액(1인당): 1,800천원다. 접수기간: 2023. 6. 2.(금) 09:00 ~ 6. 8.(목) 18:00 [7일간]라. 신청방법   전남대학교포털사이트(http://portal.jnu.ac.kr)에 로그인 후   교육지원   내학사행정  장학   도전장학   장학금신청에 접속하여 도전계획서 작성 및 제출   마. 선발계획: 붙임파일 및 홈페이지 공지사항",2023-05-31 11:00:36.0
컴퓨터정보통신공학과과,2023 학생 포트폴리오 교육 참가자 모집 안내(6/26~7/5),https://ce.jnu.ac.kr/bbs/ce/2114/847623/artclView.do,공학교육혁신센터에서는 포트폴리오 작성의 필요성에 관한 이해와 동기를 부여하고 재학생의 자기계발 능력 함양 및 효과적 전달 능력 개발을 돕고자 『2023 학생 포트폴리오 교육』을 실시하고자 합니다. 관심 있는 학생들의 참여 바랍니다.  - 다 음 - 가. 명 칭: 나의  일 을 나만의  언어 로 My Best 포트폴리오나. 교육일시: 2023. 7. 18.(화) 13:00 ~17:00(4시간)다. 교육장소: 공과대학 4호관 설계지원실라. 신청기간: 2023. 6. 26.(월) 09:00 ~ 2023. 7. 5.(수) 18:00마. 신,2023-05-26 16:40:26.0
컴퓨터정보통신공학과과,2023학년도 2학기 국제인턴(KIST 유럽연구소) 프로그램 참가자 모집(~6/4),https://ce.jnu.ac.kr/bbs/ce/2114/847599/artclView.do,우리대학 학생들의 국제적 현장 실무 감각 및 업무 수행 능력 증진을 위해 2023학년도 1학기 KIST 유럽연구소 글로벌 인턴십 프로그램 참가자를 모집하고자 하오니 학생들의 참여 바랍니다.   1. 파견기간: 2023학년도 2학기2. 파견기관: KIST-Europe 연구소 (독일 자르브뤼켄 소재) 3. 추진일정 가. 선발공고 및 접수: 2023. 5. 24.(수) ~ 6. 4.(일) 나. 접수방법: 요청 서류(모집 계획 P. 3 참조)를 이메일 sammie@jnu.ac.kr 제출 다. 본교 추천인원 선정 및 발표: 2023. 6.,2023-05-26 14:52:51.0
컴퓨터정보통신공학과과,2023학년도 하계 「5만기행」단기 탐방 프로그램 참가자 모집 안내(~6/4),https://ce.jnu.ac.kr/bbs/ce/2114/847594/artclView.do,"UN의 지속가능한발전목표(SDGs) 17개를 중심으로 본교생이 자발적으로 기획한 주제에 따라 체험, 탐방 학습의 기회를 제공하고 글로컬 우수 인재로 양성하고자 2023학년도  하계 「5만기행 (가칭)」 프로그램 참가자를 모집합니다.    1. 참가대상: 지난 10년간 해외 방문 경험이 없는 본교 학부 및 대학원 재학생2. 내    용: 학생이 직접 기획하여 2023 하계 계절학기 기간 아시아 내 국가 탐방3. 접수방법: 온라인 지원 (https://forms.gle/fWGUweYNmk52y2Mq7) 4. 선발인원: 총 100여명 (",2023-05-26 14:46:57.0
컴퓨터정보통신공학과과,2023학년도 2학기 국가장학금 1차 신청 안내(5/23~6/22),https://ce.jnu.ac.kr/bbs/ce/2114/847592/artclView.do,"2023학년도 2학기 국가장학금 1차 신청 일정을 다음과 같이 안내하오니 학생들은 국가장학금을 신청 바랍니다.가. 신청대상: 재학생*, 복학생, 재입학생, 신입생, 편입생  * 재학생은 국가장학금 1차 신청 원칙(2차 신청 시 재학 중 2회에 한하여 지원 가능)나. 신청기간: '23. 5. 23.(화) ~ 6. 22.(목) 18:00 (총 31일간)  - 서류제출 및 가구원 정보제공 동의 기간:  '23. 5. 23.(화) ~ '23. 6. 29.(목) 18:00   ※ 주말․공휴일 포함 24시간 신청 가능, 마지막 날은 18시 마",2023-05-26 14:43:33.0
컴퓨터정보통신공학과과,2023년도 여름철 냉방운영 안내(6/12~9/1),https://ce.jnu.ac.kr/bbs/ce/2114/847315/artclView.do,"'23년 여름철 냉방을 아래와 같이 실시함을 알려드리며, 아울러 냉방기 가동 시간 동안 창문닫기 등 에너지 절약에 적극 협조하여 주시기 바랍니다. 1. 냉방기간 : 2023. 06. 12.(월) ~ 2023. 09. 01.(금)[60일, 공휴일 제외]2. 냉방온도 : 실내 평균온도 28℃ 이상 유지3. 중앙냉방 가동시간오 전오 후일 가동시간09:30 ~ 11:00(1시간 30분)13:00 ~ 14:00(1시간)14:30 ~ 15:30(1시간)16:00 ~ 17:00(1시간)4시간 30분(전력수급상황 및 폭염 등 날씨에 따라 유동적",2023-05-24 15:26:27.0
컴퓨터정보통신공학과과,2023년(하) 롯데장학재단 롯데 40기 멘토링 장학생 신규 선발 안내(~5/26 11:00),https://ce.jnu.ac.kr/bbs/ce/2114/847280/artclView.do,"'23년(하) 롯데 40기 멘토링 장학생 신규 선발을 안내하오니, 자격요건을 갖춘 추천 희망 학생의 신청바랍니다.▸신청 기한: ~5월 26일 11:00▸신청 대상자: 아래 추천 기준을 갖춘 컴퓨터정보통신공학과 2학년▸신청 방법: 학과사무실(공7-226) 방문 또는 062-530-1751로 연락가. 최종 선발인원: 6명 (대학 추천인원 8명 *1.4배수 추천)   ※ 대학(본부) 추천순위: #9312; 성적우수자   #9313; 이수학점   #9314; 소득분위 순으로 8명 추천 나. 롯데 멘토링 장학생 추천 기준  1) 대상: 초",2023-05-24 11:20:58.0
컴퓨터정보통신공학과과,[LINC 3.0사업단] 하나 소셜벤처 유니버시티 창업교육 참가자 모집 안내(~7/2),https://ce.jnu.ac.kr/bbs/ce/2114/847071/artclView.do,"『3단계 산학연협력 선도대학 육성사업단(LINC 3.0)』에서는 우리 대학 학생들의 실질적 창업 역량강화를 위하여 「하나 소셜벤처 유니버시티 창업교육」 참가자 다음과 같이 모집하오니, 많은 학생들의 참여 바랍니다. 가. 사업명: 하나 소셜벤처 유니버시티 창업교육나. 교육대상: 창업에 관심이 있는 전남대학교 학생 및 지역민 (만 18세 이상 34세 이하 청년 개인 또는 팀) 다. 모집기간: 2023. 5. 19.(금) ~ 2023. 7. 2.(일) 라. 교육장소: 전남대학교 G R HUB 1층 세미나실 마. 교육일정: 2023. 7.",2023-05-22 15:53:04.0
컴퓨터정보통신공학과과,[한국전파진흥협회] 2023 글로벌 피칭 아카데미 6기 교육생 모집 안내(신청: ~6/15),https://ce.jnu.ac.kr/bbs/ce/2114/846967/artclView.do,한국전파진흥회에서는 과학기술정보통신부 방송통신발전기금을 지원받아 국내 디지털미디어 전문인력을 양성하기 위해 「방송통신전문인력양성」 사업을 수행하고 있습니다. 해외 피치 경험이 없는 국내 신진 다큐멘터리 프로듀서의 육성과 해외 진출을 위해『2023 글로벌 피칭 아카데미』 6기 교육생 모집 공모를 다음과 같이 공고하오니 관심 있는 학생의 많은 참여 바랍니다. 가. 모집개요 1) 교육명 : 글로벌 피칭 아카데미 6기 2) 모집기간 : '23. 5. 18.(월) ~ 6. 15.(목) 17:00까지 3) 모집대상 : 글로벌 진출 경험이 없는,2023-05-19 14:33:14.0
컴퓨터정보통신공학과과,2023학년도 언어교육원 재학생 참여 프로모션 개최 안내,https://ce.jnu.ac.kr/bbs/ce/2114/846705/artclView.do,우리 대학 재학생들의 영어학습 의욕을 고취시키고 2023학년도 여름방학 외국어강좌를 홍보하기 위하여 재학생 참여 프로모션 행사를 진행하고자 합니다. 관심 있는 학생들의 참여 바랍니다.    가. 시간: 2023. 5. 31.(수) 11:00 ~ 17:00 나. 대상: 전남대학교 학생 전체 다. 장소: 백도 앞 잔디밭 라. 주요 프로그램 - 포토부스  인생 네 컷  운영 -  포춘 쿠키  뽑기 이벤트 진행 - (무료) 원어민 강사 영어회화 레벨테스트 실시 마. 문의: 언어교육원 윤윤영(530-3641)   붙임 1. 2023 언어교육,2023-05-17 09:20:58.0
컴퓨터정보통신공학과과,2023학년도 2학기 등록금재원 교내 장학금 신청 안내(6/1~7/25 15:00)(2023.7.25. 업데이트),https://ce.jnu.ac.kr/bbs/ce/2114/846661/artclView.do,"2023.7.25. 업데이트 사항    - 장학금 신청 기간 연장: ~ 2023. 7. 28.(금) 15:002023학년도 2학기 등록금재원 교내 장학금 신청 관련 사항을 안내하오니 장학 기본 충족 사항 및 신청 방법을 확인 후, 기간 내 많은 신청 바랍니다.  1. 신청 대상 : 2023학년도 1학기 이수자 ( 전자컴퓨터공학부 컴퓨터정보통신공학전공, 컴퓨터정보통신공학과 ) 2. 신청 기간 : 2023. 6. 1.(목) ~ 2023. 7. 28.(금) 15:00 [8주간] 3. 장학 기본 충족 사항  : 아래 사항을 만족하는 학",2023-05-16 16:38:04.0
컴퓨터정보통신공학과과,2023학년도 후기 일반대학원 입학 설명회 안내(ICT융합시스템공학과: 4단계 BK21 사업 선정 학과),https://ce.jnu.ac.kr/bbs/ce/2114/846622/artclView.do,2023학년도 후기 일반대학원 입학 설명회 안내- ICT융합시스템공학과 - 2023학년도 후기 일반대학원 신입생 모집과 관련하여 입학설명회 자료를 붙임과 같이 첨부하오니 일반대학원 ICT융합시스템공학과 입학에 관심 있는 학생들의 확인 바랍니다. ▷ 대학원 소개 : ICT융합시스템공학과 소개 및 대학원 과정 안내▷ 연구실 소개 : ICT융합시스템공학과 15개 연구실 소개▷ 지원 및 혜택 : 전남대학교 재원 지원 및 혜택 안내▷ 대학원 입학 안내 : 2023학년도 후기 일반대학원 일반전형 입학 안내      ICT융합시스템공학과는 4단,2023-05-16 14:33:57.0
컴퓨터정보통신공학과과,2023학년도 후기 일반대학원 입학 설명회 안내(전자컴퓨터공학과 컴퓨터정보통신전공),https://ce.jnu.ac.kr/bbs/ce/2114/846621/artclView.do,2023학년도 후기 일반대학원 입학 설명회 안내- 전자컴퓨터공학과 컴퓨터정보통신전공 -  2023학년도 후기 일반대학원 신입생 모집과 관련하여 입학설명회 자료를 붙임과 같이 첨부하오니 일반대학원 전자컴퓨터공학과 컴퓨터정보통신전공 입학에 관심 있는 학생들의 참고 바랍니다. ▷ 대학원 소개 : 전자컴퓨터공학과 컴퓨터정보통신전공 소개 및 대학원 과정 안내▷ 연구실 소개 : 전자컴퓨터공학과 컴퓨터정보통신전공 11개 연구실 소개▷ 지원 및 혜택 : 전남대학교 재원 지원 및 혜택 안내▷ 대학원 입학 안내 : 2023학년도 후기 일반대학원 일반,2023-05-16 14:33:26.0
컴퓨터정보통신공학과과,국제학생증 ISIC 무료발급 행사 안내(5/17~5/30),https://ce.jnu.ac.kr/bbs/ce/2114/846606/artclView.do,"국제학생증 ISIC(International Student Identity Card) 무료발급 행사를 다음과 같이 알려드리니 관심있는 학생들의 신청 바랍니다.    가. 발급 대상: 전남대학교 재(휴)학생 (단, 외국인 학생은 불가) 나. 행사 기간: 2023년 5월 17일(수) ~ 5월 30일(화) 다. 주요 혜택: 항공권 및 숙소 할인, 해외 교통(버스, 기차패스) 할인, 해외 각종 박물관 및 미술관 할인 등 라. 발급 절차  1) 온라인 신청: 전남대학교포털   국제학생증   온라인 신청서 클릭 2)  국제학생증 체크카드 인증",2023-05-16 14:08:07.0
컴퓨터정보통신공학과과,2023년 상반기 학·석사학위연계과정 학부연구생 장학사업 선발 안내(~5/19),https://ce.jnu.ac.kr/bbs/ce/2114/846565/artclView.do,구분  2023년 상반기  학 석사학위연계과정 학부연구생 장학사업 비고   신청자격 1. 학 석사학위연계과정생으로 선발되어 재학 중인 자 - 4학기 이상 재학자로서 수업연한 이내 자 2. 지원연구실 지도예정교수 추천을 받은 자 선발가능 인원 기존: 63명 신규: 129명   신청기간 '23. 5. 19.(금) 15시 까지     선발절차 1. 지원신청서 작성(신청자) 2. 추천서 작성(지도예정교수) 3. 추천자명단 제출(학장) 4. 선발 확정 및 공고(대학원혁신본부)     활동기간 '23. 5. 29.(월) ~  23. 8.,2023-05-16 11:28:53.0
컴퓨터정보통신공학과과,2023년 상반기 도전장학(미래) 선발 안내(~5/24),https://ce.jnu.ac.kr/bbs/ce/2114/846549/artclView.do,"「2023년 상반기 도전장학(미래) 선발 계획」을 다음과 같이 공고하오니 우수한 인재들의 많은 신청 바랍니다. 가. 장학생 선발 1). 자격: 2023년 8월 학사과정 졸업예정자로서 2023학년도 후기 우리 대학교 일반대학원에 진학하려는 자 (학.석사연계과정생도 지원 가능)   ※ 직전학기 성적 평균평점 2.5이상 (전남대학교 장학규정 제3조(장학생의 자격))  2). 장학금: 인문사회계열 1,700천원, 자연예체능계열 2,300천원   ※ 단, 지원액은 가용예산 범위에 따라 다소 변동 가능함  나. 제출서류대상제출 서류제출 기한제",2023-05-16 10:49:28.0
컴퓨터정보통신공학과과,산학협력단 2023년도 제2회 청년기술사업화 전담인력 채용 안내(접수: ~5/26),https://ce.jnu.ac.kr/bbs/ce/2114/846453/artclView.do,과학기술정보통신부 「기업연계 청년기술전문인력 육성사업」을 추진하고자 채용 공고를 다음과 같이 안내하오니 우수한 인재들의 응시 바랍니다.    1. 채용분야 및 인원모집분야직급인원계약 기간비고청년 기술사업화 전담인력청년기술마케터기간제 계약직23명 내외계약일로부터 6개월학사 졸업자    2. 주요일정구분추진일정비고채용 공고 및 서류접수2023.5.12.(금)~5.26.(금)  전남대학교 및 산학협력단 홈페이지  이메일접수: cooti@jnu.ac.kr서류전형 합격자 발표(예정)2023.6.12.(월)  산학협력단 홈페이지면접전형(예정),2023-05-15 17:41:45.0
컴퓨터정보통신공학과과,2023년 하반기 삼성드림클래스 대학생 멘토 선발 안내(접수: ~5/17),https://ce.jnu.ac.kr/bbs/ce/2114/846415/artclView.do,"삼성드림클래스에서는 봉사정신을 겸비한 대학생 멘토를 다음과 같이 선발할 예정이므로 각 단과대학 및 대학원 소속 학생들의 지원 바랍니다.    가. 지원자격: 국내 대학(원) 소속 학생(휴학생 참여 가능)      (2023년 중 수료생, 학기초과자는 제외, 차학기 편입/대학원 입학 확정 시 가능)    나. 활동약정기간:  2023. 8. 1. ~ 2024. 1. 31.(6개월) 다. 지원서 접수/장소: 2023. 5. 4.(목) 14:00 ~ 5. 17.(수) 10시  / 삼성드림클래스 홈페이지 라. 서류전형 합격발표:  2023",2023-05-15 16:29:07.0
컴퓨터정보통신공학과과,2023학년도 하계 계절학기 타 대학교(제주대) 수학 신청 안내(~5/15 11:00),https://ce.jnu.ac.kr/bbs/ce/2114/845970/artclView.do,"2023학년도 하계 계절학기 타 대학교 운영계획을 다음과 같이 안내하오니 수학을 희망하는 학생은 수학신청원을 해당 기한까지 학과사무실로 제출해 주시기 바랍니다.가. 지원자격: 2023년도 1학기 현재 재적중인 자  ※ 당해학기 졸업(수료)을 목적으로 계절수업을 수강하고자 하는 자는 그 계절수업이 속한 정규학기에 재학한 자에 한함.나.  교류대학 수: 1개 대학만 가능(우리 대학+타 대학교류 가능, 타 대학+타 대학 불가)다. 계절학기 총 수강 가능 학점: 6학점 이내(우리 대학 수강학점과 교류대학 수강학점 포함)라. 타 대학 계절학",2023-05-10 12:04:12.0
컴퓨터정보통신공학과과,고용노동부 청년AI혁신가드닝프로그램 2023 모집 안내(~5/26),https://ce.jnu.ac.kr/bbs/ce/2114/845701/artclView.do,"금년도 경남대학교에서는 2023 고용노동부의 주관사업인 미래내일 일경험사업의 운영자로 선정되어 [청년AI혁신가드닝프로그램]을 진행합니다. 이번 프로그램은 6월 1일부터 시작되어 6.1~6.21(3주간): 온라인교육, 6.23~8.25(9주간): 이론실습교육, 8.28~12.1(14주간)현장파견 프로젝트로 이루어집니다. 실질적인 교육이 하계방학 시점부터 시작되어 6개월간 진행되며, 재학생은 프로그램에 풀타임으로 참여가능 하신분만 가능합니다. 졸업예정자, 2학기 6학점을 남겨둔 졸업준비생, 휴학생, 졸업생 등 만 34세이하 열정가득한",2023-05-08 10:11:05.0
컴퓨터정보통신공학과과,[포스코퓨처엠] 2023년 하계방학 채용형 현장실습 프로그램 신청 안내(~5/11),https://ce.jnu.ac.kr/bbs/ce/2114/845635/artclView.do,"포스코퓨처엠에서 실시하는 '23년 채용형 현장실습 프로그램 ""얼리B""를 운영하오니 학생들의 참여바랍니다.가. 기업(기관)명: 포스코퓨처엠나. 신청기간: 2023. 5. 4.(목)   5. 11.(목) 다. 신청방법:  학과사무실(062-530-1751)로 방문 또는 연락라. 캠퍼스 리쿠르팅 상담회일정: 2023.5.8.(월) 10:00 ~ 17:00 / 공대7호관 1층 스튜던트라운지 룸마. 운영 내용",2023-05-04 17:17:19.0
컴퓨터정보통신공학과과,2023학년도 1학기 동원장학재단 섬김의 리더십 장학생 선발 안내(신청:5/8~19 17:00),https://ce.jnu.ac.kr/bbs/ce/2114/845571/artclView.do,"(재)전남대학교 동원장학재단 사업계획에 따라 2023학년도 1학기 동원장학재단 섬김의 리더십 장학생 선발을 안내합니다.가. 선발인원: 3명[3학년 1학기 학부 재학생]나. 장학금액: 1인당 연간 600만원(학기당 300만원)다. 장학금 성격: 생활비 지원라. 신청기간/장소: 2023. 5. 8.(월) 09:00 ~ 5. 19.(금) 17:00 / 도서관 별관(백도) 1층 학생과 장학팀마. 선발방법: 1차 서류심사(100점), 2차 면접심사(50점) * 세부 심사기준 붙임 참조바. 추진일정   구분 일정 비고   모집공고 및 안내 2",2023-05-04 14:29:52.0
컴퓨터정보통신공학과과,[대한전자공학회 광주/전남지부]하계종합학술대회 지원 안내(논문제출: ~5/10),https://ce.jnu.ac.kr/bbs/ce/2114/845469/artclView.do,,2023-05-03 18:05:13.0
컴퓨터정보통신공학과과,"언어교육원 CLS 한국어 프로그램 언어파트너, 룸메이트 모집 안내(~5/12 12:00)",https://ce.jnu.ac.kr/bbs/ce/2114/845465/artclView.do,"언어교육원에서 미국 국무부가 선발한 미국 대학 및 대학원생에게 8주 동안 한국어 및 한국 문화를 교육하는 CLS(Critical Language Scholarship) 한국어 프로그램을 운영할 예정입니다. 프로그램 기간 동안 프로그램 참가자의 한국생활을 돕고 한국문화를 공유할 언어파트너 및 룸메이트를 모집하고자 하니, 관심있는 학생들의 참여 바랍니다.   1. 지원 자격: 전남대학교에 재학중이며 인종, 종교, 이문화에 대한 편견이 없고, 긍정적인 마인드를 가진 학부 혹은 대학원생2. 활동 일정 가. 언어파트너: 2023. 6. 21",2023-05-03 17:59:00.0
컴퓨터정보통신공학과과,[LINC 3.0사업단] 포스코 스틸브릿지 2023년 하계 현장실습교육과정 모집 안내(~11/6),https://ce.jnu.ac.kr/bbs/ce/2114/845460/artclView.do,우리대학 학생들의 산업현장에 대한 이해증진 및 진로탐색을 위해 포스코 스틸브릿지 2023년 하계 현장실습교육과정 모집을 다음과 같이 안내하오니 많은 학생들의 참여바랍니다.가. 기업(기관)명: 포스코 스틸브릿지나. 모집인원: 총 40명다. 모집기간: 2023. 5. 4.(목)   5. 12.(금) 11:00 라. 신청방법:  메일(eb8916@jnu.ac.kr) 또는 학과사무실(공7-226) 제출 ※ 메일 제출 시 본인 서명 후 스캔하여 pdf파일 제출 마. 제출서류 : (붙임2)포스코스틸브릿지 현장실습 신청서라. 실습기간: 2023,2023-05-03 17:54:53.0
컴퓨터정보통신공학과과,2023학년도 하계 계절학기 운영 계획 안내,https://ce.jnu.ac.kr/bbs/ce/2114/845171/artclView.do,"1. 학과 개설 교과목교과목명담당교수수업시간 및 강의실내용지능형ICT융합현장실습박호성현장실습문의: 소프트웨어중심대학사업단※ 기업 매칭 및 수업 관련 내용 등 어드벤쳐프로젝트박호성월,화,목,금 1,2,3공7-118카카오테크 캠퍼스 수강생 대상 교과목※ 그 외 학생 수강 불가클라우드컴퓨팅유선용월,화,목,금 5,6,7공7-118      2. 주요 일정업무명기간내용개설교과목 수요조사 23.3.9.(월) ~ 3.20.(월)⦁포털사이트에서 학생 대상 온라인 수요조사⦁전남대 홈페이지 공지 및 학과(부) 안내개설교과목 신청 23.3.23.(목)",2023-05-01 10:36:16.0
컴퓨터정보통신공학과과,한국능률협회 2023 혁신창업스쿨 딥테크스쿨 트랙 교육생 모집(~5/2 16:00),https://ce.jnu.ac.kr/bbs/ce/2114/845062/artclView.do,,2023-04-28 09:34:56.0
컴퓨터정보통신공학과과,2023년도 예비군훈련(기본훈련 1기) 안내(5/15~18),https://ce.jnu.ac.kr/bbs/ce/2114/844964/artclView.do,"2023년도 예비군훈련(기본훈련 1기) 대상자는 아래 내용 확인바랍니다.가. 훈련기간:  23.5.15~ 23.5.18. (8H)나. 훈련장소: 제31보병사단 503보병여단 3대대(삼각산 예비군훈련장)다. 훈련대상: 1,716명(기간중 대학직장 예비군에 편성된 교수, 학생)(대상자 문자 별도 발송)구 분5.15.(월)5.16.(화)5.17.(수)5.18.(목)인 원430명395명445명446명  ※ 졸업, 휴학, 수업연한 초과(졸업/수료 유보), 수료자는 참석 불가라. 유의사항1) 전국단위 훈련 旣신청자는 전국단위훈련에 참석2) 지",2023-04-27 09:27:56.0
컴퓨터정보통신공학과과,2023학년도 2학기 CAMPUS Asia-AIMS 국가장학 해외 파견 교환학생 모집 안내(4/21~5/4),https://ce.jnu.ac.kr/bbs/ce/2114/844589/artclView.do,2023학년도 2학기 CAMPUS Asia-AIMS 국가장학 해외 파견 교환학생 선발 계획을 붙임과 같이 보내드리니 학생들에게 적극적으로 홍보하여 주시기 바랍니다.  선발 일정 구 분일 정내 용모집공고 및 신청서 접수4. 21.(금) ~ 5. 4.(목)국제협력과 홈페이지 온라인 접수선발시험(면접)5. 8.(월)ZOOM 또는 대면 진행(시간 별도 공지)합격자 발표5. 9.(화)국제협력과 홈페이지 게시 * 문의: 국제협력과 김경진(530-1272)붙임  2023학년도 2학기 AIMS 국가장학 파견 교환학생 선발 계획(안) 1부.  끝.,2023-04-24 10:33:08.0
컴퓨터정보통신공학과과,2023학년도 Capstone Design 지원사업 추가모집 안내(~4/28),https://ce.jnu.ac.kr/bbs/ce/2114/844586/artclView.do,"공학교육혁신센터에서는 전공 이론 및 실습과정을 바탕으로 축적한 문제해결능력을 토대로 산업체 또는 지역사회가 필요로 하는 Capstone Design 프로젝트 주제를 발굴하여 창의성, 실무능력, 팀 워크 등 실무능력 향상에 도움을 주고자 다음과 같이 『2023 Capstone Design 지원사업(추가모집)』을 실시하고자 합니다. 관심있는 학생들의 많은 참여바랍니다. - 다 음 -가. 지원 분야지원 분야내 용모집인원(팀)비고Capstone Design 지원사업다학제형다양한 전공으로 구성된 팀 간 융합 프로젝트 수행약간명(팀)2개 이상",2023-04-24 10:26:27.0
컴퓨터정보통신공학과과,2023학년도 1학기 기초창의설계경진대회 개최 안내(신청: 5/15~23 18:00),https://ce.jnu.ac.kr/bbs/ce/2114/844585/artclView.do,"공학교육혁신센터에서는 창의적 설계교육을 통하여 학습 동기(motivation) 부여 및 팀워크 활동의 중요성을 인식시키고, 발표회를 통한 자신감과 성취감 향상의 기회를 제공하여 향후 설계활동의 동기를 부여하기 위한 목적으로 다음과 같이 『2023 기초창의설계경진대회(1학기)』을 개최하고자 합니다. 관심있는 학생들의 많은 참여바랍니다.- 다    음 - 가. 명    칭: 2023 기초창의설계 경진대회(1학기)나. 일    시: 2022. 6. 2.(금) 14:00~다. 장    소: 공과대학 2호관 영명홀라. 신청기간: 2023.",2023-04-24 10:21:43.0
컴퓨터정보통신공학과과,2023학년도 1학기 커리어로드맵 경진대회 개최 안내(특강 신청: 5/1~19),https://ce.jnu.ac.kr/bbs/ce/2114/844581/artclView.do,「진로설계와 자기이해」 교과목 운영 내실화를 위한  커리어로드맵 경진대회 를 다음과 같이 개최하고자 하오니 많은 수강생들의 참여바랍니다.    가. 대상: 2023-1 「진로설계와 자기이해」 수강생 나. 내용: 커리어로드맵 작성법 특강 개최 후 커리어로드맵 공모전 및 성과공유회 개최 다. 세부 내용프로그램명내용기간비고커리어로드맵 작성법 특강커리어로드맵 작성 방법 소개'23. 5. 24.(수) ~ 5. 26.(금)도서관 별관 취업강의실 1/비대면(ZOOM)커리어로드맵 공모전커리어로드맵 제출'23. 5. 29.(월) ~ 6. 8.(목),2023-04-24 10:18:11.0
컴퓨터정보통신공학과과,제5회 2023 연구개발특구 AI SPARK 챌린지 안내(~5/11),https://ce.jnu.ac.kr/bbs/ce/2114/844421/artclView.do,,2023-04-20 17:26:08.0
컴퓨터정보통신공학과과,혁신공공서비스 발굴을 위한 서울시 생성 AI 해커톤 안내(접수: ~5/14),https://ce.jnu.ac.kr/bbs/ce/2114/844417/artclView.do,,2023-04-20 17:20:17.0
컴퓨터정보통신공학과과,[소프트웨어중심대학사업단] 2023년 해외 교육연수 프로그램(UCI Summer GREAT Program)(신청:~4/26),https://ce.jnu.ac.kr/bbs/ce/2114/844389/artclView.do,"소프트웨어중심대학사업단에서는 2023년 해외 교육연수 프로그램을 다음과 같이 운영하고자 합니다.    - 다   음 -    가. 프로그램명 : 해외 교육연수 프로그램(UCI Summer GREAT Program) 나. 목    적  - 해외 우수대학의 인프라 및 기술적 강점을 활용해 최신 SW/IT 기술, 글로벌 협업능력, 창의적 문제해결능력을 습득함으로써 미래지향적 창의인재 양성 다. 일정 및 장소  - 기   간 : 2023. 06. 25.(일) ~ 08. 27.(일), 9주  - 장   소 : 美 UCI대학교(Universi",2023-04-20 15:29:04.0
컴퓨터정보통신공학과과,[LINC 3.0사업단] Google Cloud 기반 AI 인재양성 프로그램 안내(신청: ~4/28),https://ce.jnu.ac.kr/bbs/ce/2114/844242/artclView.do,,2023-04-19 09:18:26.0
컴퓨터정보통신공학과과,"2023년도 동원보충대대훈련 대상자 및 훈련장 이동 안내(5/3, 9, 11)",https://ce.jnu.ac.kr/bbs/ce/2114/844092/artclView.do,"2023년도 동원보충대대훈련 대상자는 아래 훈련 일자, 훈련장 이동 방법을 확인바랍니다.가. 훈련일자/대상 (대상자 문자 별도 발송)구분2023. 5. 3.(수)2023. 5. 9.(화)2023. 5. 11.(목)비고훈련인원487명488명496명훈련시간 : 1일(8시간)훈련부대3112동원보충대대3113동원보충대대3111동원보충대대 나. 훈련장소 : 삼도 동원훈련장(광주광역시 광산구 쌍내길 내산동 산 168)다. 훈련장 이동  1) 차량 탑승 인원(버스 통합 수송) : 훈련 당일 07:50/제2학생회관 앞 주차장  2) 개별 이동 인",2023-04-17 15:08:33.0
컴퓨터정보통신공학과과,느티나무 장학금 신설 안내,https://ce.jnu.ac.kr/bbs/ce/2114/843937/artclView.do,"사회 환경변화에 유연하게 대처하고 대학 발전에 기여하는 핵심리더 양성을 위한 『느티나무 장학금』을 신설하였음을 알려드리오니, 많은 학생들의 신청 바랍니다.가. 장학명칭: 느티나무 장학금나. 지원기준 1) 대상: 학부 재적생으로 다음 조건에 해당하는 자(소급적용 불가)   - 국가고시, 공인자격증 등 해당 시험에 1차 합격한 자   - 각종 대외활동 등을 통해 당선 또는 수상한 자 2) 지원제한: 수업연한 초과자 및 근신 이상의 징계처분을 받은 자 3) 수혜횟수 제한: 동일 자격에 대해서는 1회만 지원 다. 지원 종류 및 금액구분명칭",2023-04-14 11:14:24.0
컴퓨터정보통신공학과과,[마이다스아이티] 개발자 경진대회  디챔스  안내,https://ce.jnu.ac.kr/bbs/ce/2114/843892/artclView.do,,2023-04-13 13:44:47.0
컴퓨터정보통신공학과과,[소프트웨어중심대학사업단] SW중심대학 공동해커톤 2023 안내(신청: ~4/23),https://ce.jnu.ac.kr/bbs/ce/2114/843872/artclView.do,,2023-04-13 10:17:31.0
컴퓨터정보통신공학과과,2023학년도 1학기 동행장학생 선발 계획 안내(접수: 4/17~21),https://ce.jnu.ac.kr/bbs/ce/2114/843773/artclView.do,"2023학년도 1학기 동행장학생 선발을 다음과 같이 시행하오니 많은 학생들의 지원 바랍니다. 가. 선발인원: 143명(학업장려유형 90명, 취업지원유형 53명) 나. 장학금액(1인당): 1,800,000원 다. 접수기간:  23. 4. 17.(월) 09:00 ～ 4. 21.(금) 18:00 라. 지원(신청) 방법  - 전남대학교 포털사이트(http://portal.jnu.ac.kr) 로그인   교육지원   내 학사행정   장학   동행장학금 신청에 접속하여 지원서 및 계획서 작성 마. 선발계획: 붙임 및 홈페이지 공지사항 공고붙임",2023-04-12 14:31:58.0
컴퓨터정보통신공학과과,「삼성 청년 SW 아카데미」10기 교육생 모집 안내(신청: 4/24~5/8),https://ce.jnu.ac.kr/bbs/ce/2114/843685/artclView.do,,2023-04-12 09:26:25.0
컴퓨터정보통신공학과과,「전남대학교 도서관 가이드」안내,https://ce.jnu.ac.kr/bbs/ce/2114/843577/artclView.do,"도서관에서는 지식정보 다변화 및 이용자의 정보 이용행태 변화에 적극 대응하고 구성원의 학습 연구 활동 지원을 강화하고자 도서관 가이드를 운영하고 있습니다.  가. 가이드명: 전남대학교 도서관 가이드(학과가이드+서비스가이드)  나. 웹사이트 URL: http://libguides.jnu.ac.kr  다. 제공 내용    - 학과가이드: 학과별 유용한 학술정보원 제공, 매학기 강의계획서 기반 수업교재 콘텐츠 구축    - 서비스가이드: 도서관 주요 서비스 및 연구동향정보 이용 안내  ※ 문의: 도서관 학술정보운영과 교육연구지원팀(T.",2023-04-11 10:14:40.0
컴퓨터정보통신공학과과,2023학년도 1학기 중간 수업평가 실시 안내(4/10~21),https://ce.jnu.ac.kr/bbs/ce/2114/843487/artclView.do,2023학년도 1학기 중간 수업평가를 다음과 같이 실시하오니 참여 바랍니다.가. 중간 수업평가 실시1) 평가 대상: 전체 교과목2) 평가 기간: 2023. 4. 10.(월) ~ 4. 21.(금)3) 평가 방법: 전남대학교포털 교육지원 내 학사행정 성적 수업평가 중간 수업평가,2023-04-10 14:16:48.0
컴퓨터정보통신공학과과,[LINC3.0사업단]2023년 1학기 캡스톤디자인 지원 설명회 개최 안내(4/11 15:30~17:00),https://ce.jnu.ac.kr/bbs/ce/2114/843460/artclView.do,"우리대학 재학생들의 취 창업역량 강화 및 캡스톤디자인 교과목 운영의 성과확산을 위하여 「2023년 1학기 캡스톤디자인 지원 설명회」를 개최하고자 하오니 참여학과(부) 많은 학생들의 참여 바랍니다. 1. 행사명: 2023년 1학기 캡스톤디자인 지원 설명회2. 일시 및 장소   연번 구분 일시 장소   1 광주캠퍼스 2023. 4. 11.(화), 15:30~17:00 G R Hub 1층 세미나실   2 여수캠퍼스 2023. 4. 13.(목), 13:30~15:00 문화사회대학 403호   3. 참가 대상: 2023년 1학기 캡스톤디자인",2023-04-10 11:06:09.0
컴퓨터정보통신공학과과,[공학교육혁신센터] 2023 기업가 멘토링 지원사업 참가 학생(팀) 모집 안내(신청: ~4/14 15:00),https://ce.jnu.ac.kr/bbs/ce/2114/843309/artclView.do,"기업연계형 프로그램으로 재학생과 지역 기업체에 재직중인 기업가와 멘토-멘티 관계를 맺고, 진학 취업 전공 등 다양한 주제로 멘토링을 함으로써 지속적인 유대관계 형성 및 학생들의 맞춤형 취업 채널 구축을 위한 목적으로 『2023 기업가 멘토링 지원사업』을 시행하고자 합니다.- 다    음 - 가. 명 칭: 2023 기업가 멘토링 지원사업나. 운영개요  1) 모집형태: 재학생(2~4인) 및 기업가(동문포함)로 구성된 팀  2) 모집팀수: 10팀 내외   3) 팀 구 성: 멘티(재학생)와 멘토(산업체) 1인 (팀 구성시, 멘티학생이 멘토",2023-04-06 17:51:17.0
컴퓨터정보통신공학과과,2023학년도 전남대학교 온라인 폭력예방교육 이수 안내(4/1~12/30),https://ce.jnu.ac.kr/bbs/ce/2114/843269/artclView.do,"대학 등 고등교육 기관은 관련 법령에 따라 재학중인 학생은 매년 폭력예방교육(성폭력 가정폭력)을 연 1회 이상 실시하여야 하는 바, 이에 우리 대학에서는 온라인과 집합교육을 병행하여 실시하고자 하오니 재학생은 폭력예방교육을 이수바랍니다.가. 교육기간: 2023. 4. 1.(금) ~ 12. 30.(금)나. 교육대상: 전남대학교 재학중인 학생다. 온라인 교육 이수 방법 및 결과 확인  - 전남대 포털 로그인   우측 「교육훈련」   폭력예방교육(성희롱, 성폭력 등)  - 전남대 스토어   폭력예방교육앱(스마트폰 교육 이수시 데이터요금",2023-04-06 14:39:33.0
컴퓨터정보통신공학과과,(~7/21)2022학년도 후기(2023년 8월 졸업예정) 외국어영역 점수 및 논문 제출 안내,https://ce.jnu.ac.kr/bbs/ce/2114/842985/artclView.do,▶업데이트 내용 : 제출 기한 변경 - (변경전) '23.7.3.(월)~7.31.(금) - (변경후) '23.7.3.(월)~7.21.(금)○  제출 안내   졸업자격 영역 전공영역(논문) 외국어영역(공인어학시험 성적표)   제출대상 2023년  8월 졸업예정자 2019학년도 이후 입학한 23년 8월 졸업예정자 중 생활영어1 또는 생활영어2 미이수자   제출기간 '23. 7. 3.(월) ~ '23. 7. 21.(금) ▸1차 : '23. 5. 15.(월) ~ '23. 6. 9.(금)  ▸2차 : '23. 7. 3.(월) ~ '23. 7,2023-04-04 09:32:33.0
컴퓨터정보통신공학과과,2023학년도 1학기 글로벌커뮤니케이션잉글리쉬 학점 미취득자 교과목 이수 안내(~6/16)(2023.4.20.업데이트),https://ce.jnu.ac.kr/bbs/ce/2114/842940/artclView.do,"2023.4.20. 업데이트 사항    - 글커잉 학점 취득 대상자 명단 수정2014~2018학년도 신입학자, 2016~2020학년도 편입학자 중 글로벌커뮤니케이션잉글리쉬(이하 글커잉) 교과목 학점 미취득 학생은 아래 글로벌커뮤니케이션잉글리쉬 대체 방안 중 택1하여 이수바랍니다. 글로벌커뮤니케이션잉글리쉬 학점 미취득시 졸업이 불가하오니 이 점 유의바랍니다. 1. 대상자 : 글커잉 학점 미취득자 중 2023학년도 1학기 글커잉 성적 인정 희망자 2. 대체 방안 (택 1)  1) 대체교과목 이수 : 해당 교과목 중 1과목 이수",2023-04-03 16:26:57.0
컴퓨터정보통신공학과과,2023년 「전남대 전공 알리미」프로그램 운영을 위한 전공 알리미 선발 안내(신청:~4/10),https://ce.jnu.ac.kr/bbs/ce/2114/842934/artclView.do,"2022 개정 교육과정과 고교학점제 도입에 따라, 전남대학교 입학본부는 진로 설정을 고민하는 고교생들에게 관심학과에 대한 정보 및 진학 설계에 도움을 주는 「전남대 전공 알림아리」 프로그램을 운영하고 있습니다. 프로그램에 참여할 전공 알리미 선발을 아래와 같이 시행하니 많은 참여 바랍니다.    1) 지원 자격: 전남대학교 1~2학년 재학생 ※ 활동 기간 중 학적변동(휴학/자퇴/제적/졸업/졸업예정 등), 교환학생, 해외파견 등 예정자 지원 불가 2) 신청 기간: 2023. 3. 31.(금) ~ 4. 10.(월) 3) 신청 방법:",2023-04-03 16:15:14.0
컴퓨터정보통신공학과과,건강밥상(천원의 아침밥) 식권 발급 방법 변경 안내(23/4/1 부터 시행),https://ce.jnu.ac.kr/bbs/ce/2114/842725/artclView.do,"건강밥상(천원의 아침밥) 식권 발급 전산화로 변경된 발급 방법을 2023. 4. 3.(월)부터 적용할 예정이오니 참고바랍니다.가. 식권 발급 방법➀ 전남대스토어 어플 또는 전남대포털 접속➁ 천원의 아침밥 메뉴 클릭➂ 식당에 게시된 조식코드 입력 후 확인 버튼 클릭➃ 발급된 식권 매표소에서 확인 후 천원 납부나. 식권 발급 시간: 8:00 ~ 9:00(월~금요일)다. 이용장소: 제1학생마루 식당(광주캠퍼스), 여미샘 식당(화순캠퍼스), 학생교직원 식당(여수캠퍼스)라. 유의사항  - 발급 시간 내에만 식권 발급 가능  - 조식코드는 당",2023-03-31 13:57:09.0
컴퓨터정보통신공학과과,2023년도 대학직장 예비군훈련 계획 안내,https://ce.jnu.ac.kr/bbs/ce/2114/842663/artclView.do,"2023년도 대학직장 예비군훈련 계획을 다음과 같이 알려드리니 훈련 일정 등을 확인바랍니다.가. 훈련 일정1) 기본훈련(1차)/동원보충대대훈련(9일)   구 분 기본훈련(1차)(6일) 동원보충대대훈련(3일)   3112대대 3113대대 3111대대   일 자 5. 15.(월) ~ 5. 18.(목)5. 23.(화) ~ 5. 24.(수) 5. 3.(수) 5. 9.(화) 5. 11.(목)   대 상 약 2,200명 약 1,500명   장 소 삼각산 예비군훈련장(북구 일곡동) 삼도 동원훈련장(광산구 내산동)   시 간 1일(8시간) 1일(",2023-03-30 15:56:44.0
컴퓨터정보통신공학과과,2023학년도 1학기 면담지도교수 배정 내역,https://ce.jnu.ac.kr/bbs/ce/2114/842439/artclView.do,2023학년도 1학기 면담지도교수 배정 내역 아래와 같습니다. ◎ 면담 방법 : 교수님과 사전 연락 후 방문  (연락처 안내 : 학과소개   교수진   교수 / 교수진 소개(클릭)) ※ 교수님과의 상담 내역이 자계부에 등록되면 장학사정시 점수(진로상담) 반영됨(장학안내(클릭)) ◎ 지도교수 찾기 : Ctrl + F   본인 학번 검색    교수명 학번  교수명 학번  교수명 학번  교수명 학번  교수명 학번   김명진 234607  김영철 203856  남지승 223365  박수형 201552  박호성 233808   김명진 233,2023-03-28 15:18:57.0
컴퓨터정보통신공학과과,2023학년도 런투런 및 학습코칭 안내(신청: 2023/4/3~2024/1/5),https://ce.jnu.ac.kr/bbs/ce/2114/842393/artclView.do,"교육혁신본부 교수학습센터에서는 대학생의 자기주도 학습역량을 배양함으로써 성공적인 대학생활뿐만 아니라 행복한 삶을 추구할 수 있는 자기설계역량 강화를 목적으로 런투런 및 학습코칭 프로그램을 운영하고 있습니다. 대학생들이 런투런 및 학습코칭을 통해 학습습관을 개선하는 데 도움을 받을 수 있도록 활용바랍니다. 가. 프로그램 소개 구분 내용  런투런(Run to learn)ㆍ소개: 학업저성취자 대상 일대일 학습 및 정서상담ㆍ방식: 대면 또는 비대면(Zoom), 최소 3일 전에 신청ㆍ내용: 학습동기, 학습전략, 학습목표, 정서 및 스트레스",2023-03-28 10:06:22.0
컴퓨터정보통신공학과과,2023학년도 창감공 온라인 클래스 안내(신청: 2023/4/19~2024/1/19),https://ce.jnu.ac.kr/bbs/ce/2114/842388/artclView.do,"교육혁신본부 교수학습센터에서는 대학생의 창의‧감성‧공동체역량 강화를 목적으로 창감공 온라인 클래스를 새롭게 운영합니다. 대학생들이 자기주도 학습역량 뿐만 아니라 사회정서 적응력을 높이는 데 도움을 받을 수 있으니 활용바랍니다. 가. 신청 기간: 2023. 4. 3.(월)~2024. 1. 19.(금)나. 신청 방법: 비교과 통합 플랫폼  성장마루 (https://grow.jnu.ac.kr), 교육혁신본부 누리집(https://ile.jnu.ac.kr)다. 참여 순서: #9312; 신청 ‣ #9313; 온라인 강좌 수강(15개 이상)",2023-03-28 09:59:47.0
컴퓨터정보통신공학과과,[공학교육혁신센터] 2023학년도 Capstone Design 지원사업 모집 안내(~4/21),https://ce.jnu.ac.kr/bbs/ce/2114/842326/artclView.do,"공학교육혁신센터에서는 전공 이론 및 실습과정을 바탕으로 축적한 문제해결능력을 토대로 산업체 또는 지역사회가 필요로 하는 Capstone Design 프로젝트 주제를 발굴하여 창의성, 실무능력, 팀 워크 등 실무능력 향상에 도움을 주고자 다음과 같이 『2023 Capstone Design 지원사업』을 실시하고자 합니다. 관심있는 학생들의 참여바랍니다.      가. 지원 분야지원 분야내  용모집인원(팀)비고Capstone Design 지원사업다학제형다양한 전공으로 구성된 팀 간 융합 프로젝트 수행9팀2개 이상의 非유사계열 전공사회기여",2023-03-27 16:22:55.0
컴퓨터정보통신공학과과,제29기(2023년 가을학기 파견 대비) 미래에셋 해외교환 장학생 선발 안내(접수: 4/27~5/3),https://ce.jnu.ac.kr/bbs/ce/2114/842324/artclView.do,"미래에셋박현주재단에서 해외 교환학생 중 일정 요건을 갖춘 학생에게 장학금을 지원하고자  제29기 미래에셋 해외교환 장학생 을 다음과 같이 선발하오니, 기간 내에 지원 바랍니다.    가. 온라인 접수기간(학부생): 2023. 04. 27.(목) 10:00 ~ 05. 03.(수) 17:00 ※ 재단 홈페이지(http://foundation.miraeasset.com) 내 지원서 작성 및 제출서류 업로드 나. 온라인 면접: 2023. 05. 30.(화) 10:00 ~ 21:00 ※ 1차 서류 합격자에 한하여 별도 응시 다. 선발인원:",2023-03-27 16:16:34.0
컴퓨터정보통신공학과과,[에릭슨엘지] Girls in ICT 2023 해커톤 공모전 개최 안내(신청: ~4/17 10:00),https://ce.jnu.ac.kr/bbs/ce/2114/841796/artclView.do,"에릭슨엘지(Ericsson-LG)는 균형적이고 다양성을 포용하는 ICT 산업계를 만들어 가기 위해  Girls in ICT 2023 해커톤  공모전을 개최합니다. 올해 주제는  Life in a climate-impacted future  로 기후 변화에 적응하기 위한 커넥티드 서비스 아이디어를 제안하는 것입니다. 학생들의 많은 참여바랍니다. ◎ 신청마감 : 4월 17일(월) 오전 10시◎ 신청자격 : ICT 산업에서의 경력 개발을 희망하는 여대생        (전공 무관 / 단, 결선 진출 후 코딩 능력 필요)◎ 신청방법 : ht",2023-03-21 11:03:51.0
컴퓨터정보통신공학과과,[소프트웨어중심대학사업단] 2023년 SW/AI+X 신기술교육 지원 공모 안내(신청: ~3/28),https://ce.jnu.ac.kr/bbs/ce/2114/841649/artclView.do,소프트웨어중심대학사업단에서는 전남대학교 재학생 및 교직원을 대상으로 하는 SW/AI+X 신기술교육 지원 공모를 시행하고자 합니다.   - 다    음 -     가. 목    적 : 전남대학교 재학생 및 교직원 대상으로 광주주력산업 분야 관련 특강을 운영 함으로써 실전적 SW역량 강화 교             육 및 SW융합교육 확대 나. 운영기간 : 2023. 04. 03.(월) ~ 2023. 11. 30.(목) 다. 교육대상 : 전남대학교 재학생 및 교직원대상  라. 추진절차 및 일정계획➡수요조사 및 신청서 접수➡평가 및 선정➡,2023-03-20 09:43:24.0
컴퓨터정보통신공학과과,2023학년도 제1학기 최종 등록(3/30~31 16:00) 및 휴학 신청 기간 안내,https://ce.jnu.ac.kr/bbs/ce/2114/841582/artclView.do,"우리 대학교에서는 2023학년도 제1학기 최종 등록기간을 다음과 같이 공고하오니 등록금을 납부하지 못한 학생은 기한 내에 등록금을 납부하시기 바랍니다. ■ 다 음 ■1. 기 간 : 2023. 3. 30.(목) ~ 3. 31.(금) 16:00 [2일간] ➣ 2023. 1학기 수업연한 초과자도 위 기간 내에 등록금 납부2. 납입금 납부장소 : 광주, 농협, 국민, 신한은행 전국지점 ➣ 고지서 상의 가상계좌 입금, 광주은행 신용카드 납부 가능3. 휴학 신청 : 전남대포털➝로그인➝교육지원➝내학사행정➝학적➝휴학신청   ◇ 휴학 신청 기간 ◾",2023-03-17 16:33:34.0
컴퓨터정보통신공학과과,[인공지능혁신공유대학사업단] 근로장학생 모집 안내(신청: 3/13~15),https://ce.jnu.ac.kr/bbs/ce/2114/841306/artclView.do,,2023-03-15 10:04:37.0
컴퓨터정보통신공학과과,[결강사유서] 출석인정처리 절차 변경에 따른 메뉴얼 안내,https://ce.jnu.ac.kr/bbs/ce/2114/841239/artclView.do,"「전남대학교 교학규정」 제40조 제1항 각 호의 사유 및 코로나19 확진 격리로 출석할 수 없는 경우의 출석인정과 관련하여 출석인정처리 절차 변경에 따른 매뉴얼을 붙임과 같이 안내하오니, , 확인 후 출석 인정원을 제출하기 바랍니다. 1. 출석인정처리 처리 절차    학생   소속 학과 및 대학(원)   학생 및 교과목 담당교원     학생 포털을 통해 출석인정 신청   -교학규정 제1항 1~7호, 코로나19*에 의한 공결 신청: 사전 사후 신청 가능 ※공결일시 기준 2주이내 사후신청 가능 *코로나19 확진 격리 시 -(기존) 보건",2023-03-14 16:55:00.0
컴퓨터정보통신공학과과,2023학년도 1학기 한국장학재단 업무처리기준 변경사항 안내,https://ce.jnu.ac.kr/bbs/ce/2114/841202/artclView.do,"2023학년도 1학기 학자금 대출 업무처리기준 변경사항을 붙임과 같이 안내하오니, 참고바랍니다.1. 주요 변경사항 가. `23.1학기 생활비 대출 한도를 한시적으로 50만 원 증액(150만 원 200만 원)구  분(현재) 2023년 1학기(변경) 2023년 1학기 취업 후 상환 학자금 - 생활비 : 연간 300만 원 (1학기 150만 원, 2학기 150만 원)- 생활비 : 연간 350만 원 (1학기 200만 원, 2학기 150만 원)일반 상환 학자금 - 생활비 : 연간 300만 원 (1학기 150만 원, 2학기 150만 원)- 생활",2023-03-14 16:22:59.0
컴퓨터정보통신공학과과,2023학년도 1학기 수강취소 안내(3/27~28 17:00),https://ce.jnu.ac.kr/bbs/ce/2114/841121/artclView.do,❍ 신청기간 : 2023. 3. 27.(월) 09:00 ~ 3. 28.(화) 17:00❍ 취소절차 : 학생이 인터넷으로 포털에서 직접 수강취소 신청 교과목 개설학과에서 취소 승인❍ 취소방법 : 전남대학교 포털사이트(http://portal.jnu.ac.kr)에 접속한 후                    교육지원 내학사행정 수업 수강신청 수강취소 신청  선택❍ 수강취소 과목범위  - 수강취소 신청과목은 2과목 이내로 하되 취소 후 수강학점은 1학점 이상을 유지해야 함(수업관리지침 제19조)❍ 수강취소 내역확인  - 수강취소 후 최종,2023-03-14 10:51:32.0
컴퓨터정보통신공학과과,[인공지능혁신공유대학사업단] 2023년 서포터즈 모집 안내(~3/17),https://ce.jnu.ac.kr/bbs/ce/2114/840785/artclView.do,"인공지능혁신공유대학사업단에서는 디지털 혁신공유대학사업을 홍보하고 학생들의 혁신공유대학사업 참여를 활성화하기 위하여 아래와 같이 서포터즈를 모집하고자 합니다.   1. 모집대상  가. 참여학과 재학생 중 혁신공유대학사업에 관심이 있는 학생으로 혁신공유대학사업의 홍보와 참여할 수 있는 학생 나. 인스타그램, 유튜브, 블로그 등 SNS 활동 및 매체 활용이 가능한 학생 다. 그래픽 편집, 글쓰기, 영상 편집 등 콘텐츠 제작을 즐겨하는 학생 라. 교내 외 서포터즈 등 여러 활동 참여 경험이 있는 학생 마. 활동 기간 중 학적변동(휴학/자퇴",2023-03-10 09:52:09.0
컴퓨터정보통신공학과과,2023학년도 1학기 교과구분 정정 신청 안내(3/13~23),https://ce.jnu.ac.kr/bbs/ce/2114/840784/artclView.do,"1. 신청 대상  : 휴 복학에 따른 교과과정 적용년도 변경, 부 복수전공 선발, 모집단위간이동(전과) 및 국내 타대학 교류로 인한 교과구분 상이 학생 ▶ 교육과정 적용 기준 : 당초 입학년도 교육과정 적용, 단, 학적변동(복학, 재입학)으로 입학년도 교육과정 적용이 어려울 경우 복학하는 학년도의 소속학년 학생이 입학했던 당시의 교육과정으로 변경 할 수 있음. 2. 신청 유의사항  1) 휴 복학 및 전과에 따른 교과과정 적용년도 변경자의 경우 적용받는 교과과정에 따라 필수 과목이 달라질 수 있으므로 교과과정 적용년도 반드시 확인",2023-03-10 09:47:51.0
컴퓨터정보통신공학과과,[인공지능혁신공유대학사업단] 2023년 동아리 활동 모집 공고 안내(3/15~24),https://ce.jnu.ac.kr/bbs/ce/2114/840716/artclView.do,인공지능혁신공유대학사업단에서는 2023년 동아리 활동 모집을 아래와 같이 안내하오니 많은 관심 바랍니다.   1. 목적  가. 학생들의 인공지능관련 연구와 개발활동 활성화 및 참여대학 학생 간 교류활동 증진 나. 산업현장 인공지능 문제를 이해하고 해결에 참여하는 경험을 통해 산업계 수요에 부합하는 직무역량 증진2. 모집기간신청접수▶심사▶활동기간▶결과보고서 제출2023. 3. 15.~2023. 3. 24. 2023. 3. 27.~2023. 3. 29. 2023. 4. 01.~2024. 1. 26.(차년도 연속지원 가능)2024. 2.,2023-03-09 14:32:45.0
컴퓨터정보통신공학과과,삼성중공업 상반기 신입사원 온라인 채용설명회(3/10 14:00)  언택트 채용상담회(3/8~10) 안내,https://ce.jnu.ac.kr/bbs/ce/2114/840614/artclView.do,"1. 온라인 채용설명회    - 일시: 3/10(금) 14시 ~ 15시     - 내용 : 회사 소개 및 상반기 채용 관련 QnA    - 접속방법 : 유튜브에서 삼성중공업 채용 검색    - 대상 : 학부 전원, 석사 졸업예정자 및 졸업생  2. 언택트 채용상담회 (삼성중공업 현직 선배와 1:1 상담할 수 있는 프로그램)    - 일시 : 3/8 ~ 3/10 (3일간)    - 내용 : 지원직군, 직무 등 실시간 질의응답    - 신청방법: 리플렛과 포스터에 있는 QR코드 접속해서 신청서 작성 (선착순 마감)    - 대상 : 학",2023-03-08 17:32:51.0
컴퓨터정보통신공학과과,2023학년도 1학기 학습꿈터 참여 안내(~3/17),https://ce.jnu.ac.kr/bbs/ce/2114/840415/artclView.do,교육혁신본부 교수학습센터에서는 학사경고자를 포함한 학업저성취자의 기초 학습역량을 향상하고자 학습꿈터를 운영하고 있습니다. 학업 수행에 어려움을 겪고 있는 대학생이 학습꿈터에 참여바랍니다.  또한 교과목 학습에 도움을 줄 수 있는 대학원 및 대학 재학생이 이끄미로 참여 바랍니다. ▶ 학습꿈터 공모 내용   구분 내용   모둠 신청 기간 ㆍ2023. 3. 17.(금)까지   모둠 형성 요청 기간 ㆍ2023. 3. 10.(금) 11시 45분까지 ㆍ이끄미 및 따르미 추천을 받고 싶은 경우  모둠 형성 요청  게시판에 신청 ※ 이끄미: 교과,2023-03-07 17:09:27.0
컴퓨터정보통신공학과과,2023학년도 1학기 시민역량 제작소 참여 안내(~3/15),https://ce.jnu.ac.kr/bbs/ce/2114/840408/artclView.do,"교육혁신본부 교수학습센터에서는 우리 대학 핵심역량 중 공동체역량의 세부역량인 시민역량 강화를 위해 시민역량 제작소를 운영하고 있습니다.    1) 신청 기간: 2023년 3월 6일(월)~3월 15일(수)2) 신청 대상: 본교 대학생3) 신청 형태: 모둠(구성원 4~5명) 또는 개인(공모 마감 후 모둠 형성 지원)4) 신청 방법: 비교과 통합 플랫폼  성장마루 (https://grow.ac.kr), 교육혁신본부 누리집(https://ile.jnu.ac.kr)5) 활동 내용: 시민역량 이해 및 실천 활동6) 활동 주제: 17가지 지속",2023-03-07 16:51:57.0
컴퓨터정보통신공학과과,[인공지능혁신공유대학사업단]2023년 1학기 캡스톤디자인 과제 모집 공고 안내(신청:~3/24),https://ce.jnu.ac.kr/bbs/ce/2114/840387/artclView.do,"인공지능혁신공유대학사업단에서는 2023년 1학기 캡스톤디자인 과제 모집을 아래와 같이 안내하오니 많은 관심 부탁드립니다.   1. 사업목적 가. 학생들 스스로 기획 및 설계, 제작을 통하여 창의성과 실무능력을 함양함과 동시에 협업을 통한 상호 복합적인 팀워크 능력을 보유한 창의인재 육성 및 취업활성화에 기여 나. 인공지능혁신공유대학사업단 참여학과의 학생들이 융합과정에서 습득한 학문 지식을 바탕으로 한 실무형 인재양성   2. 신청대상 가.『인공지능혁신공유대학사업』6개 참여학과의 캡스톤디자인 교과목 수강생 나. 2023년 1학기 캡스",2023-03-07 15:44:46.0
컴퓨터정보통신공학과과,[LINC 3.0사업단] 2023학년도 1학기 캡스톤디자인 교과목 지원 안내(~3/27),https://ce.jnu.ac.kr/bbs/ce/2114/840266/artclView.do,"『3단계 산학연협력 선도대학 육성사업단(LINC3.0)』에서는 취 창업 역량강화 및 산업체 수요에 적합한 창의적 인재양성을 위하여 2023년 1학기 캡스톤디자인 교과목을 지원하고자 합니다. 1. 지원 대상: 캡스톤디자인 교과목 수강생 중 사업단 참여학과(부) 3, 4학년 학부생2. 지원 기간: 2023. 3. ~ 2023. 6.3. 지원 항목: 재료비, 실험비, 회의비, 인쇄비4. 지원 유형 및 금액   연번 유형 참여주체 지원금액   1 일반형 담당교원, 팀(학생) ※작품유형에 따라 차등 지급 [보고서형] 20만원~100만원 [시",2023-03-07 09:32:59.0
컴퓨터정보통신공학과과,2023년 1학기 이뭣고-교학상장 참여 모둠 공모 안내(3/6~19),https://ce.jnu.ac.kr/bbs/ce/2114/840008/artclView.do,"교육혁신본부 교수학습센터에서는 2023학년도 1학기 신입생-교수 세미나: 이뭣고-교학상장 참여 모둠을 공모합니다. 가. 대상 - 지도교수: 전임교원 - 참여학생: 신입생(당해연도 입학생, 1학년 복학생, 전과생, 편입생, 외국인 유학생)                 도우미(2학년 이상 학과(부) 대학생) 나. 모둠 구성(1모둠 기준): 교수 1명, 신입생 4~5명, 도우미 1명(선택)  다. 모임 주제: 신입생의 자기이해, 대학생활, 전공 및 진로에 관해 이해를 돕는 내용 라. 공모 기간: 2023. 3. 6.(월) ~ 3. 19.",2023-03-03 17:10:51.0
컴퓨터정보통신공학과과,출석인정처리 절차 변경 안내(2023.3.13.부터 시행),https://ce.jnu.ac.kr/bbs/ce/2114/839922/artclView.do,"교학규정 제40조 제1항 각 호의 사유로 출석할 수 없는 경우의 출석인정과 관련하여  출석인정처리 절차 간소화 를 위하여 다음과 같이 전산시스템을 개발하여 운영할 예정이오니, 확인 후 출석 인정원을 제출하기 바랍니다. 가. 전산시스템 처리 절차   학생   소속 학과 및 대학(원)   학생 및 교과목 담당교원     학생 포털을 통해 출석인정 신청   - 행사에 의한 공결 신청: 사전신청 (무분별한 사용 방지를 위하여 사전 신청 및 승인) - 생리공결 신청: 민감정보 수집에 대한 동의 및 생리 공결 인정을 받고자 하는 당일(24시간",2023-03-03 11:38:24.0
컴퓨터정보통신공학과과,카카오 테크 캠퍼스 1기 모집 안내(~3/20),https://ce.jnu.ac.kr/bbs/ce/2114/839867/artclView.do,『카카오 테크 캠퍼스』 1기 모집을 안내하오니 많은 학생들의 참가 바랍니다.   ▶ 지원 방법 가. 지원서 작성: 링크 폼에서 작성 ( https://forms.gle/3bArs71zjVAFMLxE9) ※ 붙임  1 의 6번 지원방법 참조 나. 접수 기간: 2023. 3. 2.(목) ~ 3. 20.(월) 다. 코딩테스트: 2023. 3. 21.(화) ~ 3. 22.(수)   5. 문의: 공과대학 행정실 김송희(062-530-1618)붙임 1. 홈페이지 게시용 자료 1부(지원방법 포함). 끝.,2023-03-02 18:25:49.0
컴퓨터정보통신공학과과,2023학년도 1학기 건강밥상(천원의 아침밥) 제공 안내(~6/20),https://ce.jnu.ac.kr/bbs/ce/2114/839865/artclView.do,"우리 대학에서는 아침밥 먹기 운동을 통해 학생들의 건강을 증진시키고, 학교생활에 활력을 불어넣기 위하여 건강밥상(천원의 아침밥) 사업을 운영하고 있으니, 학생 건강밥상을 많이 이용 바랍니다. 가. 제공기간 ※ 공휴일, 토 일요일 제외  - 제1학생마루 식당: 2023. 3. 2.(목) ~ 6. 20.(화)  - 화순 여미샘 식당: 2023. 2. 20.(월) ~ 6. 30.(금) 나. 이용시간 : 8:00 ~ 8:50(월~금요일) 다. 이용장소 : 제1학생마루 식당(광주캠퍼스), 여미샘 식당(화순캠퍼스) 라. 식 단 가 : 3,00",2023-03-02 18:22:35.0
컴퓨터정보통신공학과과,공과대학6호관 101호(정독실) 개인물품 반출 안내(~3/17),https://ce.jnu.ac.kr/bbs/ce/2114/839861/artclView.do,"우리대학 6호관 정독실에 대하여 공간사용 조정에 따른 재정비를 하고자 하오니, 정독실 내 사물함 및 개인물품이 기간내에 반출될 수 있도록 협조하여 주시기 바랍니다.   ◇ 아    래 ◇   1. 장  소: 공과대학 6호관 101호(정독실)2. 내  용: 정독실 내 개인물품 및 사물함 반출3. 기  간: 2023. 03. 02. ~ 2023. 03. 17.(금) 까지4. 연락처: 공대 행정실(☎530-1615) ※ 위 기간 동안 정리되지 않은 물품은 임의 폐기 예정 임.",2023-03-02 18:17:33.0
컴퓨터정보통신공학과과,[소프트웨어중심대학사업단] 학부-대학원 그룹스터디 모집 안내(~3/14),https://ce.jnu.ac.kr/bbs/ce/2114/839860/artclView.do,,2023-03-02 18:12:06.0
컴퓨터정보통신공학과과,[소프트웨어중심대학사업단] 2023년 1학기 SW교학상장 모집 안내(~3/14),https://ce.jnu.ac.kr/bbs/ce/2114/839859/artclView.do,,2023-03-02 18:11:27.0
컴퓨터정보통신공학과과,공과대학 출입문 시건 시간 안내(평일 08:00~18:30),https://ce.jnu.ac.kr/bbs/ce/2114/839598/artclView.do,공과대학 건물 출입문 시건 시간 안내○ 개방시간 : 평일 08:00~18:30,2023-02-27 16:50:09.0
컴퓨터정보통신공학과과,"2023년 스마트해상물류 ICT멘토링 사업 안내(모집:~4/4, 사업설명회: 3/10)",https://ce.jnu.ac.kr/bbs/ce/2114/839595/artclView.do,"[스마트해상물류 x ICT멘토링 온라인 사업설명회]-일시 : 2023. 3. 10.(금), 19시~20시-참여 신청 폼 : https://forms.gle/CSXQsnQHuUnkd8u5A-접속 링크 : 신청서를 제출한 사람에 한하여 당일 오전 문자 발송",2023-02-27 16:48:57.0
컴퓨터정보통신공학과과,[반도체개발지능화센터] 인공지능 반도체 테스트 설계 기술 과정 교육생 모집 안내(~3/9),https://ce.jnu.ac.kr/bbs/ce/2114/839539/artclView.do,"인공지능 반도체 분야 전문 인력 양성을 위하여 기업 Synopsys의 반도체 설계 기술 과정 교육에 참여할 학생을 모집합니다. 1. 교육 대상반도체 분야 취업을 희망하는 광주 전남권 소재 대학 소속의 전공, 비전공 대학(원) 재학생, 휴학생, 졸업생 (졸업 후 2년 이내)   ※ 광주 전남권 소재 대학(15개교) - 광주권 : 광주대, 광주여대, 남부대, 동강대, 전남대, 조선대, 호남대 - 전남권 : 동신대, 목포대, 목포해양대, 순천대, 순천제일대, 전남과학대, 전남도립대, 초당대    2. 교육 개요가. 교육 과정 : Syno",2023-02-27 13:31:19.0
컴퓨터정보통신공학과과,2023학년도 제1학기 추가 등록 및 휴·복학 신청 기간 안내(3/14~16 16:00),https://ce.jnu.ac.kr/bbs/ce/2114/839397/artclView.do,우리 대학교에서는 2023. 2. 20.(월) ~ 2. 23.(목) 등록을 실시하였으나 아직까지 등록금을 납부하지 못한 학생이 있어 다음과 같이 추가 등록기간과 휴 복학 기간을 설정 시행하오니 기간내에 등록금 납부와 휴 복학하시기 바랍니다. ■ 다 음 ■ 1. 등록금 납부 기간 : 2023. 3. 14.(화) ~ 3. 16.(목) [3일간] 16:00까지➣ 2023. 1학기 수업연한 초과자도 위 기간 내에 등록금 납부2. 납입금 납부장소 : 광주은행 및 농협전국 본 지점(지역농협 포함)3. 휴‧복학 신청 : 전남대포털➝로그인➝교육지,2023-02-24 15:35:57.0
컴퓨터정보통신공학과과,2023학년도 신입생을 위한 도서관 안내데스크 운영 안내(3/2~15),https://ce.jnu.ac.kr/bbs/ce/2114/839361/artclView.do,"2023학년도 새 학기를 맞아 우리 학교 신입생이 도서관을 쉽게 이용할 수 있도록 특별 안내 데스크를 운영합니다. 가. 기 간: 2023. 3. 2.(목) ~ 3. 15.(수) / 10일간 ※토요일 제외 나. 시 간: 10:00~12:00, 13:30~17:30 ※1일 6시간 운영 다. 장 소: 정보마루 동문 1층 로비 라. 내 용: 도서관 이용 안내, 랜덤 퀴즈 코너, 버킷리스트 참여 코너 등 ※참여자 선물 증정 마. 문 의: 학술정보운영과 정보운영팀(☎530-3561)",2023-02-24 13:53:09.0
컴퓨터정보통신공학과과,2023년도 제1회 「기업연계 청년기술전문인력 육성사업」청년 기술사업화 전담인력 공개경재채용 안내(~3/24),https://ce.jnu.ac.kr/bbs/ce/2114/839346/artclView.do,"2023년도 제1회 「기업연계 청년기술전문인력 육성사업」 청년 기술사업화 전담인력 공개경쟁채용시험 시행계획을 다음과 같이 공고합니다.    2023년 2월 23일전남대학교 산학협력단장      1. 채용분야 및 인원모집분야직급인원계약 기간비고청년 기술사업화 전담인력청년 기술마케터*기간제 계약직10명내외계약일로부터6개월학사졸업자기업파견 전문인력기간제 계약직2명내외계약일로부터8개월석 박사졸업자 * 사업 잔여 인건비가 발생한 경우, 성과우수자를 선발하여 근로계약 연장체결(2개월) 가능   2. 담당업무 및 전형방법모집분야직급담당업",2023-02-24 12:10:16.0
컴퓨터정보통신공학과과,2023학년도 1학기 실험실습교과목 수강생 안전교육 이수 안내(~3/31),https://ce.jnu.ac.kr/bbs/ce/2114/839195/artclView.do,"2023학년 1학기 과학기술분야 연구실의 연구활동종사자에 대한 안전교육을 아래와 같이 실시하오니 교육대상자는 안전교육을 반드시 이수바랍니다.  (교육방법) 연구실안전관리통합시스템(http://safety.jnu.ac.kr) 또는 모바일안전교육(msafety.jnu.ac.kr)을 통한 안전교육 이수(붙임2, 3의 매뉴얼 참조)   ※ 코로나19 상황에 따라 신규, 정기 교육대상 구분없이  온라인 이수  가능(한시적)  (교육기간) 2023. 2. 20.(월) ~ 2023. 3. 31.(금)  (교육대상) 교수, 조교, 직원, 대",2023-02-23 09:44:51.0
컴퓨터정보통신공학과과,2023학년도 1학기 유한재단 신규 장학생 신청 안내(~2/24),https://ce.jnu.ac.kr/bbs/ce/2114/839178/artclView.do,"(재)유한재단에서 2023학년도 신규 장학생을 아래와 같이 선발하오니, 추천요건에 해당하는 학생의 신청바랍니다. 가. 선발인원: 총 6명(단과대학별 추천인원 중 최종 대학본부 선정인원임) ※ 대학(본부) 추천순위: #9312;소득기준(낮은 순)   #9313;성적기준(높은 순) 나. 장학금액: 1인당 200만원 다. 지원유형: 학업장려비(생활비) ※ (100만원 이하)교내 외 타 장학금 중복수혜 가능 라. 신청자격: 결손(한부모) 또는 다문화가정의 소득구간 5구간 이하인 학부 재학생  ※ (한국장학재단) 23. 1학기 기준 마. 신",2023-02-22 17:40:17.0
컴퓨터정보통신공학과과,"[언어교육원] 2023학년도 신입생 특별과정 프로그램(기초 빌드업반, 스펙업반) 접수 안내(선착순 400명)",https://ce.jnu.ac.kr/bbs/ce/2114/839172/artclView.do,"전남대학교 언어교육원에서는 대학생활과 사회진출에 꼭 필요한  공인어학성적 과  실용영어능력 을 함양할 수 있는 교내프로그램 신입생 특별과정을 운영하고 있습니다. 본 과정은 신입생 400명에 한하여 선착순으로 모집하며, 학기별 장학금, 출석 장학금 등 다양한 수강혜택을 제공하고 있습니다. 체계적인 1:1 관리와 카투사 대비 클리닉, 단어 집중 클리닉 등 개인에게 맞는 추가 클리닉이 진행되니 많은 관심 부탁드립니다.      1. 맞춤형 프로그램   #9312; 기초 빌드업반 : 기초 문법, 듣기, 어휘가 부족한 왕초보 영어실력의 학생",2023-02-22 16:47:28.0
컴퓨터정보통신공학과과,2022학년도(제71회) 전기(2023년 2월) 학위수여식 안내(학위복 대여: 2/23~24),https://ce.jnu.ac.kr/bbs/ce/2114/838930/artclView.do,"□ 학위수여식가. 일시: 2023. 2. 24.(금) 10:00나. 장소: 민주마루다. 메타버스 기반 학위수여식 : 학위수여식 및 홍보 영상 게시, 학위수여자 명단 Wall, 아바타 학위복 등라. 졸업증서, 학위기 및 상장 배부 : 학과 배부(공7-226)마. 학위복(학사,석사,박사) 대여  - 대여기간 : '23. 2. 23.(목) 9시 30분 ~ 11시 50분, 13시 30분 ~ 16시 50분                  '23. 2. 24.(금) 9시 10분 ~ 11시 50분, 13시 30분 ~ 14시 50분  - 대여장소",2023-02-20 14:26:36.0
컴퓨터정보통신공학과과,[인공지능혁신공유대학사업단] 마이크로디그리 과정 추가 모집 및 설명회 안내,https://ce.jnu.ac.kr/bbs/ce/2114/838875/artclView.do,"1. 신청기간: 2023. 2. 20. (월) ~ 2023. 2. 24. (금)2. 신청방법: 전남대 포털 접속   교육지원   내 학사행정   학적   휴/복학/전공/전과신청  디그리신청3. 선발: 학생의 신청에 의하여 선발됨 단, 마이크로디그리별 수강대상 확인 후 신청4. 개설 마이크로디그리 과정   ■ AI빅데이터융합마이크로디그리주관학과(전공)빅데이터융합학과참여학과인공지능학부(인공지능전공, 소프트웨어전공), 통계학과이수기준편성된 교육과정 6과목 중 5과목(15학점) 이수연번편성학과교과구분교과목코드교과목명학점시간학년학기이론실습1",2023-02-20 09:35:51.0
컴퓨터정보통신공학과과,2023학년도 교육혁신본부 학습역량 강화 프로그램 운영 안내,https://ce.jnu.ac.kr/bbs/ce/2114/838760/artclView.do,"교육혁신본부에서는 2023학년도 학습역량 강화 프로그램 소개 자료 안내하오니, 대학 구성원(교수, 학생)들의 프로그램 참여바랍니다.   1. 2023학년도 교육혁신본부 학습역량 강화 프로그램구분프로그램학습공동체학습꿈터, 이뭣고-교학상장, 시민역량 제작소, 감성공감코칭 및 상담런투런(Run to Learn), 온라인 학습코칭, 면대면 학습코칭, 표현과 소통 상담실특강 및 워크숍창감공 특강 및 캠프, 교양 맛보기 특강, 글쓰기 상담가 양성과정대회 및 공모전창감공 공모전온라인 강좌창감공 온라인 클래스, 한국형 온라인 공개강좌(K-MOOC",2023-02-17 10:42:02.0
컴퓨터정보통신공학과과,2023학년도 1학기 셔틀버스(광주↔여수캠퍼스) 운행 안내,https://ce.jnu.ac.kr/bbs/ce/2114/838757/artclView.do,"2023학년도 1학기 행정업무 지원을 위한 셔틀버스를 다음과 같이 운행하오니 참고하시기 바랍니다.가. 운행 목적: 광주 여수 캠퍼스 간 행정업무 지원나. 운행 기간: 2023. 3. 2.(목) ~ 6. 20.(화) [토, 일, 공휴일 제외]다. 운행 차량: 광주캠퍼스(41인승), 여수캠퍼스(44인승) 대형버스 각 1대라. 승차장소 및 운행경로, 시간   승차장소 운행경로 출발 도착 비고   광주캠퍼스 용지 삼거리 (컨벤션홀 부근 승강장) 광주   여수 07:10 08:50     16:25 18:05     여수캠퍼스 로터리 (버스",2023-02-17 10:38:20.0
컴퓨터정보통신공학과과,2023학년도 1학기 중 광주시내 통학버스 운행 안내,https://ce.jnu.ac.kr/bbs/ce/2114/838746/artclView.do,"2023학년도 1학기 중 광주시내 통학버스를 다음과 같이 운행하오니 참고바랍니다.  가. 운행목적: 재학생 등교 지원   나. 운행기간: 2023. 3. 2.(목) ~ 2023. 6. 20.(화) [토, 일, 공휴일 제외]  다. 운행노선 및 운행시간    1) 농성동/광천동 방면횟수양동 주공아파트농성역교원공제회관광천지구대옆 (롯데하이마트)무등경기장경신여고사거리학교 (용봉탑)1회07:3507:4007:4307:4507:4807:5007:552회08:1508:1808:2108:2508:2808:3008:40   2) 첨단방면  횟수첨",2023-02-17 09:43:18.0
컴퓨터정보통신공학과과,"2023학년도 신(편)입생 학생증 발급 계획 및 신청 방법 안내(사진등록: 3/2~8, 신청: 3/13~31)",https://ce.jnu.ac.kr/bbs/ce/2114/838652/artclView.do,"2023학년도 신(편)입생 학생증 발급 계획 및 신청 방법을 다음과 같이 안내하니, 기한 내에 신청 바랍니다. 1. 신청 대상: 2023학년도 신입생(학부, 편입, 대학원) ※ 외국인 학생은 학생증카드 대면(오프라인)발급만 가능 2. 학생증 사진 등록: 2023. 3. 2.(목) ~ 3. 8.(수) / 전남대학교 포털 ▶등록 방법:  전남대포털(http://portal.jnu.ac.kr) 로그인 - 서비스데스크 - 스마트카드(학생증)  ※ 개인정보 수집・이용 및 제공 동의하고 증명사진(3x4cm) JPG 파일로 등록 3. 사진파일",2023-02-16 16:01:57.0
컴퓨터정보통신공학과과,[반도체개발지능화센터] 시스템 반도체 테스트 기술 과정 교육(2차) 참가 안내(모집: ~2/16),https://ce.jnu.ac.kr/bbs/ce/2114/838535/artclView.do,"지역사회혁신본부와 전남대학교 반도체개발지능화센터에서 인공지능 반도체 테스트 특화 전문인력 양성을 위하여 기업 Exicon의 [시스템 반도체 테스트 기술 과정 교육](2차) 에 참여할 학생을 모집합니다.  모집 안내-모집인원 : 차수별 10명(선착순 마감)-모집기간 :  ~ 2023.02.16.(목)-모집대상 : 반도체 분야 취업을 희망하는 광주 전남권 소재 대학 소속의 전공, 비전공 대학(원) 재학생, 휴학생, 졸업생 (졸업 후 2년 이내) ※ 광주 전남권 소재 대학(15개교)  광주권 : 광주대, 광주여대, 남부대, 동강대, 전남",2023-02-15 15:55:07.0
컴퓨터정보통신공학과과,2023학년도 1학기 2차 국가근로장학금 신청 안내(~3/15),https://ce.jnu.ac.kr/bbs/ce/2114/838514/artclView.do,"2023학년도 1학기 2차 국가근로장학금 학생신청기간 및 신청방법을 안내하오니, 학생 여러분은 적극 신청하여 주시기 바랍니다.  1. 신청방법: 한국장학재단 홈페이지(www.kosaf.go.kr) 및 모바일 어플을 이용하여 신청   ※ 상세  첨부문서  신청 매뉴얼 참고  2. 신청기간: 2023. 2. 2.(목) 09:00 ～ 2022. 3. 15.(수) 18:00   * 주말 및 공휴일 포함 신청기간 내 24시간 신청가능(단, 마감일 제외)  3. 신청 자격    대한민국 국적자 중 대학(교)에 재학 중인(복학생포함) 학생으로",2023-02-15 14:16:45.0
컴퓨터정보통신공학과과,[광주전남지역혁신플랫폼]‘네이버 1784 견학’ 참가자 모집 안내(~2/15),https://ce.jnu.ac.kr/bbs/ce/2114/838493/artclView.do,"광주전남지역혁신플랫폼에서 광주 전남 소재 대학 학생들을 대상으로  네이버 1784 견학  참가자를 모집하고 있습니다. 네이버 센터 체험, AI Cloud 관련 특강 등의 프로그램을 진행할 예정이오니 많은 참여 바랍니다.○ 모집기간: ~ 2023. 02. 15.(수)○ 모집대상: 광주 전남권 소재 15개 대학 소속 대학(원) 재학생, 휴학생, 졸업생 (졸업 후 2년 이내) ※ 광주∙전남권 소재 대학 (15교)  - 광주권(7): 광주대, 광주여대, 남부대, 동강대, 전남대, 조선대, 호남대  - 전남권(8): 동신대, 목포대, 목포해",2023-02-15 11:21:26.0
컴퓨터정보통신공학과과,카카오 테크 캠퍼스 프로그램 운영 안내,https://ce.jnu.ac.kr/bbs/ce/2114/838460/artclView.do,공과대학은 ㈜카카오와 업무양해각서(MOU)를 체결하고 다음과 같이 『카카오 테크 캠퍼스』 프로그램을 운영하오니 많은 학생들의 참가 바랍니다.   1. 프로그램 개요 가. 목표: 팀 프로젝트 수행을 통한 현업 투입 가능한 주니어 개발자 양성 나. 과정: 100%온라인교육 프로그램 운영(카카오   전남대/부산대)   1) 선발인원: 2개 대학 각각 60명 예정(교육대상: 전남대학교 3학년 이상 학생)    2) 선발기준: 코딩 테스트(주관: 카카오)+자기소개서(세부 일정은 추후 공대홈페이지에 공지 예정)  다. 강사진: 카카오 및 IT,2023-02-14 18:12:51.0
컴퓨터정보통신공학과과,"22학년도 학위수여식,  23학년도 입학식 축하메시지·영상 공모 안내(~2/21)",https://ce.jnu.ac.kr/bbs/ce/2114/838458/artclView.do,"CNU 메타버시티 가상공간 내에 졸업 및 입학 축하 메시지와 영상을 게시하기 위하여 아래와 같은 방법으로 공모하오니, 많은  참여 바랍니다. 구분 내 용  개요CNU 메타버시티 가상공간 내에 학부 대학원 졸업생 및 신입생 대상의 축하 메시지와 영상을 게시하여 본행사와 동일한 현실감과 시 공간적 제약이 없는 서비스 제공 게시 장소CNU 메타버시티 내 가상공간 3곳 (민주마루, 대운동장, 정문   메타세콰이어길) 참여 방법축하 메시지- 대학(원)생 및 교직원이 제작한 축하 메시지(현수막 형식 등) 이미지 파일 원본(JPG 등) 제출축하",2023-02-14 18:09:10.0
컴퓨터정보통신공학과과,[3학년 진입 예정자] 공학교육인증 취소 안내(교양 최대 인정 : 42학점),https://ce.jnu.ac.kr/bbs/ce/2114/838351/artclView.do,컴퓨터정보통신공학과 공학교육인증프로그램 3학년(5학기) 진입시 공학인증 취소 신청 안내1. 시기 : 2023년부터2. 대상 : 2023년 1학기 기준 3학년 진입 예정자 (2021학번 이후 교과과정 적용 대상자)3. 졸업학점 변경 :      변경전 변경후 비고   교양최대인정학점 54학점 42학점     교양지정 교과목     영역 교과 구분 교과목명 학점   전 문 교 양 역량교양 창의 교선 빅데이터의과학적탐구 3   감성 교선 철학과삶 3   공동체 교선 한국사 3   균형교양 인간과사회 교선 경제학개론 3        영역,2023-02-13 18:01:53.0
컴퓨터정보통신공학과과,[광주전남지역혁신플랫폼 대학교육혁신본부] 광주전남지역혁신(iU-GJ) 공유대학 교육만족도 조사 안내(2023년 1월~2월),https://ce.jnu.ac.kr/bbs/ce/2114/838005/artclView.do,광주전남지역혁신플랫폼 대학교육혁신본부에서 광주전남지역혁신(iU-GJ) 공유대학 교육만족도 조사를 시행하고자 합니다. 많은 참여 바랍니다.가. 조사명 : 광주전남지역혁신(iU-GJ) 공유대학 교육만족도 조사나. 조사기간 : 2023년 1월 ~ 2월다. 조사대학 : 광주전남지역혁신(iU-GJ) 공유대학 참여 학생 및 교원라. 온라인 조사 : (학생용 설문링크) http://ssu.randr.co.kr/?sd=2022112202a,2023-02-08 10:02:14.0
컴퓨터정보통신공학과과,2023학년도 1학기 등록금재원 교내 장학금 관련 마일리지 점수 확인(~2/8 17:00),https://ce.jnu.ac.kr/bbs/ce/2114/837847/artclView.do,"1. 확인 기간 : 2023년 2월 6일(월) 14:00 ~ 8일(수) 17:00 2. 확인 방법 : 학과학생마일리지사이트(http://ecescholarship.kr) ▶ 로그인(ID: 학번, 초기PW: 학번) ▶ 본인 마일리지 점수 확인 3. 문의사항 : 062)530-1751 (컴퓨터정보통신공학과, 전자컴퓨터공학부 컴퓨터정보통신공학전공)4. 학과학생 마일리지  장학 사이트 내 학과학생 마일리지실제 반영 학생 마일리지학부학생 마일리지 점수(1000점) 총점(1000점) : 0 점 자기계발활동 기록부 점수(500점) : 점 학부학",2023-02-06 13:48:39.0
컴퓨터정보통신공학과과,"한국수력원자력(주) 채용설명회 및 채용상담회(2/9 13:30(설명회), 14:00~17:00(상담회))",https://ce.jnu.ac.kr/bbs/ce/2114/837822/artclView.do,,2023-02-06 10:35:00.0
컴퓨터정보통신공학과과,2023학년도 재학생 건강검진 실시 안내(3/2~17),https://ce.jnu.ac.kr/bbs/ce/2114/837821/artclView.do,"보건진료소에서는 학생 개인의 건강관리를 위하고 대학내 감염병 질환을 예방하기 위해 2023학년도 재학생 건강검진을 다음과 같이 실시하고자 합니다. 1. 건강검진 실시기간  가. 광주캠퍼스: 2023. 3. 2.(목) ~ 3. 17.(금) 나. 여수캠퍼스: 2023. 3. 2.(목) ~ 3. 3.(금) 2. 검진시간 및 장소  가. 광주캠퍼스: 보건진료소(제1학생마루) 09:30~11:30, 13:00~16:30 나. 여수캠퍼스: 보건진료소(체육관 또는 학생회관 앞) 09:00~11:30, 13:00~16:00 3. 대상인원",2023-02-06 10:34:14.0
컴퓨터정보통신공학과과,[한전 전력연구원] 2023년 1학기 현장실습교육과정 모집 안내(~2/6 12:00),https://ce.jnu.ac.kr/bbs/ce/2114/837801/artclView.do,"□ 추진일정추천학생 모집(학교)󰋯모집기간: 2. 6.(월) 12:00까지󰋯 제출처: eb8916@jnu.ac.kr 모집분야및 요구역량󰋯모집분야: 기계공학, 전자컴퓨터공학󰋯요구역량- 기계공학: MS Word, Excel, Power point 등 기본 OA 활용능력- 전자컴퓨터공학: 기초통신 또는 프로그래밍 관련 지식, MS Word, Excel, Power point 등 기본 OA 활용능력󰋯기타사항: 기계공학 분야는 외부 실증사이트(고창 실증시험센터 등) 출장 잦음서류 제출󰋯전력연구원 구비서류 및 현장실습 신청서류(첨부)",2023-02-06 09:25:41.0
컴퓨터정보통신공학과과,[2~4학년] 2023학년도 1학기 수강신청 안내(대체 신청: 3/6~8),https://ce.jnu.ac.kr/bbs/ce/2114/837676/artclView.do,2023학년도 1학기 2~4학년 수강신청 안내※ 타과 개설 교과목 여석 문의 시 전화 예절을 지켜주시기 바랍니다.❏ 수강신청 방법   수강신청 방법 전남대학교 포털(http://portal.jnu.ac.kr) ➔ 로그인 ➔ 교육지원 ➔ 내학사행정 ➔ 수업 ➔ 수강신청 ➔ 수강신청(학부) 또는 수강신청(간편)    ❏ 수강신청 일정   구 분 기 간 시 간 비 고   수강희망과목 예약 2월 9일(목) ~ 2월 10일(금) 9:00~18:00 - 포털 로그인 ➔ 교육지원 ➔ 내학사행정 ➔ 수업 ➔ 수강신청안내 ➔ 수강희망과목 예약 -,2023-02-02 18:03:59.0
컴퓨터정보통신공학과과,[1학년] 2023학년도 1학기 수강신청 안내(2023.2.10. 업데이트),https://ce.jnu.ac.kr/bbs/ce/2114/837671/artclView.do,"2023.2.10. 업데이트 사항    - 수학1, 일반물리1, 일반물리실험1 분반 및 수강시간 표기 정정2023학년도 1학기 1학년 수강신청 안내    ※ 타과 개설 교과목 여석 문의 시 전화예절을 지켜주시기 바랍니다.    ❏ 수강신청 방법   수강신청 방법 전남대학교 포털(http://portal.jnu.ac.kr) ➔ 로그인 ➔ 교육지원 ➔ 내학사행정 ➔ 수업 ➔ 수강신청 ➔ 수강신청(학부) 또는 수강신청(간편)   신입생 로그인 정보 포털 아이디(학생 계절) 발급 후 수강신청 가능 ▸ 가입방법 : 전남대포털 ➔ 회원가입",2023-02-02 17:16:56.0
컴퓨터정보통신공학과과,2023~2026학년도 교양교육과정 안내,https://ce.jnu.ac.kr/bbs/ce/2114/837664/artclView.do,,2023-02-02 16:51:37.0
컴퓨터정보통신공학과과,2023학년도 1학기 국가장학금 2차 신청 안내(2/2~3/15),https://ce.jnu.ac.kr/bbs/ce/2114/837616/artclView.do,"2023학년도 1학기 국가장학금 2차 신청 일정을 다음과 같이 안내하오니, 해당 학생들은 국가장학금 신청 바랍니다.  가. 신청대상: 재학생*, 복학생, 재입학생, 신입생, 편입생  * 재학생은 국가장학금 1차 신청 원칙(2차 신청 시 재학 중 2회에 한하여 지원 가능) 나. 신청기간: '23. 2. 2.(목) ~ 3. 15.(수) 18:00 (총 42일간) - 서류제출 및 가구원 정보제공 동의 기간:  '23. 2. 2.(목) ~ '23. 3. 22.(수) 18:00 ※ 주말․공휴일 포함 24시간 신청 가능, 마지막 날은 18시",2023-02-02 11:07:18.0
컴퓨터정보통신공학과과,2023학년도 대학생활안내 책자 발간 안내,https://ce.jnu.ac.kr/bbs/ce/2114/837536/artclView.do,"우리 대학교 신입생과 재학생의 대학생활에 도움이 될 수 있도록 대학생활, 기관소개 등 학사업무 전반에 관한 정보를 수록한 「2023학년도 대학생활안내」 자료를 붙임과 첨부하오니 학생 및 구성원들의 활용 바랍니다. 가. 자료 열람: 전남대학교 홈페이지-커뮤니티-공지사항 참조나. 대학생활안내는 책자로 발간하지 않고 홈페이지에 게시하여 e-Manual로 활용   붙임 2023학년도 대학생활안내 자료 1부. 끝.",2023-02-01 15:13:12.0
컴퓨터정보통신공학과과,2023학년도 1학기 수강신청 시행 계획 안내,https://ce.jnu.ac.kr/bbs/ce/2114/837504/artclView.do,1. 주요일정   업무내용 기간 시간 대상 내용   수강인원 조정  23.2.3.(금) 2.8.(수) 09:00～ 18:00  전공: 강좌 주관학과  교양: 강좌 협력학과  학년별 수강인원 관리  자과/타과/부전공 수강인원 조정  분반정보의 사무실 번호 입력   수강희망과목 예약 신청 '23.2.9.(목) ~2.10.(금) 09:00～ 18:00  학부 전 학년 공통  학부생만 해당(대학원생 제외)  수강희망과목 예약을 했더라도 수강신청이 확정된 것이 아니며 반드시 수강신청기간에 수강신청을 해야함.  모바일 수강희망,2023-02-01 11:54:13.0
컴퓨터정보통신공학과과,2023학년도 1학기 거점 국립대학 원격수업 학점교류 교과목 수강생 모집 안내,https://ce.jnu.ac.kr/bbs/ce/2114/837499/artclView.do,"거점 국립대학 간 양질의 원격수업 콘텐츠 공동 활용을 통하여 대학 교육의 질 제고와, 학생들의 원격수업 학습 기회를 확대하고자 2023학년도 1학기 거점 국립대학 원격수업 학점교류 교과목을 운영하오니 관심 있는 학생들의 수강 바랍니다.   2023학년도 1학기 거점 국립대학 원격수업 학점교류 수강생 모집 안내     가. 참여 대학: 9개 거점 국립대학교* * 전남대, 강원대, 경북대, 경상대, 부산대, 전북대, 제주대, 충남대, 충북대 나. 대상 강좌: 참여 대학별 2~6개 강좌, 【붙임2】참조  다. 수강 정원: 과목당 20명",2023-02-01 11:42:39.0
컴퓨터정보통신공학과과,2023년 제4회 건설·교통신기술 슬로건 공모전 개최 안내(접수: ~3/27),https://ce.jnu.ac.kr/bbs/ce/2114/837497/artclView.do,"한국건설교통신기술협회에서는 다음과 같이 2023년 「제4회 건설ㆍ교통신기술 슬로건 공모전」을 진행합니다.     〇 공모주제: 일반, 이슈, 자유 3가지 주제에 맞는 슬로건 문구(공백포함 35자 이내)〇 주최/후원: 한국건설교통신기술협회/ 국토교통부, 국토교통과학기술진흥원 〇 접수기간: 2023. 1. 27.(금) ~ 3. 27.(월) 〇 접수방법: 협회 홈페이지(www.kcna.or.kr) 온라인 접수 〇 참가자격: 전 국민 누구나(1인 1응모) 구 분공공부문민간부문학생부문시상금대상1명1명1명각 100만원최우수상1명1명1명각 50",2023-02-01 11:39:32.0
컴퓨터정보통신공학과과,2023 대학생 자작전기자동차 경진대회 개최 안내(신청: ~2/8),https://ce.jnu.ac.kr/bbs/ce/2114/837492/artclView.do,공학교육의 현장성 제고와 대학생들의 창의력 배양을 위해 「2023 대학생 자작전기자동차 경진대회」를 다음과 같이 개최합니다. 가. 대회명: 2023 대학생 자작전기자동차 경진대회 나. 대회기간: 2023. 2. 16.(목) ~ 2023. 2. 17.(금) [2일간] 다. 대회장소: 영남대학교 경산캠퍼스 YU Next Mobility 도심형 자율주행 플랫폼 라. 신청 마감일: 2023. 2. 8.(수) 마. 신청방법: 포스터 QR코드를 통하여 참가신청서 양식 다운로드 및 작성 후 kimjiheon@yu.ac.kr 제출 바. 유의사항,2023-02-01 11:37:46.0
컴퓨터정보통신공학과과,2023학년도 1학기 외국인 버디 프로그램 참가자 선발 안내(신청: ~2/6),https://ce.jnu.ac.kr/bbs/ce/2114/837198/artclView.do,"외국인 유학생(신/편입, 교환학생)의 대학생활 적응력을 높이고, 재학생의 글로벌 역량을 강화하기 위하여 다음과 같이 2023학년도 1학기 외국인 버디 프로그램을 운영하고자 하오니 관심있는 학생들의 많은 참여 바랍니다.가. 지원 자격: 학부 재학생나. 주요 일정구 분일 정내 용모집 공고 및 신청서 접수2023. 1. 25.(수) ~ 2. 6.(월)- 국제협력본부 홈페이지 온라인접수면접대상자 발표2023. 2. 8.(수)국제협력본부 홈페이지 게시선발면접(외국어구술 및 면접)2023. 2. 13.(월) ~ 2. 15.(수)- 전화 면접",2023-01-27 18:17:17.0
컴퓨터정보통신공학과과,2023 ECONOVATION WINTER DEV (신청: 1/26 18:00),https://ce.jnu.ac.kr/bbs/ce/2114/836903/artclView.do,"2023 ECONOVATION WINTER DEV 안녕하세요! 전남대학교 개발 동아리 에코노베이션입니다!ECONOVATION이 한 학기 동안 진행했던 프로젝트를 발표하는 2023 WINTER DEV가 개최됩니다!!ECONOVATION은 웹, 앱, 인공지능, 게임 등 다양한 분야의 학생들이 팀을 꾸려 한 학기 동안 프로젝트를 진행하는데요, 개발 과정에서 경험한 문제 해결과 가치를 나누고자 WINTER DEV를 통해 발표를 진행합니다.다양한 분야의 학생들이 모인 만큼 2023 WINTER DEV에도 다양한 결과물이 나왔는데요!프로젝트",2023-01-20 09:54:40.0
컴퓨터정보통신공학과과,[소프트웨어중심대학사업단] 로봇·메타버스·RC카 활용 신입생 캠프(입학전 신입생) 운영 안내(신청:~1/24),https://ce.jnu.ac.kr/bbs/ce/2114/836683/artclView.do,"소프트웨어중심대학사업단에서는 2023년 전남대학교 신입생을 대상으로 진행하는 「로봇 메타버스 RC카 활용 신입생 캠프」를 실시니다.- 다   음 -  가. 교 육 명 : 로봇 메타버스 RC카 활용 신입생 캠프(입학전 신입생 캠프) 나. 목    적 - 신입생(비SW계열) 비전공자 대상으로 SW기초교육을 통하여 컴퓨터 과학적 사고 및 SW교육의 중요성 함양 - 신입생(SW계열) 전공자 대상으로 SW에 대한 흥미를 유발하고, 향후 SW코딩에 적응할 수 있도록 SW코딩 능력 배양 다. 교육대상 : 2023년 전남대학교 신입생 라. 신청기",2023-01-16 16:04:23.0
컴퓨터정보통신공학과과,국가거점국립대학교 2023학년도 1학기 학사교류강화 통합공고 및 추천 안내(~1/18 14:00),https://ce.jnu.ac.kr/bbs/ce/2114/836678/artclView.do,"국가거점국립대학교(KNU10)는 학사교류 활성화 및 상호발전을 위한 협력을 도모하고자 2020. 10. 8. 상호협약을 체결하였고, 이에 따라 2023학년도 1학기에도 학점 교류제도를 발전시킨 국가거점국립대학교(KNU10) 학사교류 제도를 운영합니다. ※ KNU10: 전남대, 강원대, 경북대, 경상국립대, 부산대, 서울대, 전북대, 제주대, 충남대, 충북대   이에 국가거점국립대학(KNU10) 학사교류 통합공고문을 붙임과 같이 안내해 드리니, 희망자가 있을 경우 추천기간 내에 학과사무실로 서류 제출하여 주시기 바랍니다.▶ 제출기한",2023-01-16 15:49:55.0
컴퓨터정보통신공학과과,2023학년도 1학기 한국장학재단 학자금 대출 신청 안내,https://ce.jnu.ac.kr/bbs/ce/2114/836264/artclView.do,"2023학년도 1학기 학자금 대출 신청을 다음과 같이 알려드리오니, 학생들에게 안내하여 주시기 바랍니다. 가. 대출신청 및 실행기간구분등록금 대출분납연계 대출생활비 대출취업 후 상환 전환 대출신청2023. 1. 4.(수)~4. 26.(수)2023. 1. 4.(수)~5. 18.(목)2023. 1. 4.(수)~5. 18.(목)2023. 1. 4.(수)~5. 22.(월)실행2023. 1. 4.(수)~4. 27.(목)2023. 1. 4.(수)~5. 19.(금)2023. 1. 4.(수)~5. 19.(금)2023. 1. 4.(수)~5. 23.",2023-01-09 13:18:00.0
컴퓨터정보통신공학과과,2023학년도 1학기 한국장학재단 농촌출신대학생 학자금 융자사업 시행 안내,https://ce.jnu.ac.kr/bbs/ce/2114/836118/artclView.do,"한국장학재단에서 농어업인 교육비 부담 경감 및 농어촌출신 대학생에 대한 균등한 교육기회 제공을 위하여 「2023학년도 1학기 농촌출신대학생 학자금지원사업」을 아래와 같이 시행하오니 학생들에게 안내하여 주시기 바랍니다.가. 주요 일정구 분1차(재학생 및 신입생군*)2차(재학생 및 신입생군*)비고신청 및 서류제출 23. 1. 2.(월) ~ 1. 13.(금) 23. 2.  1.(수) ~ 2. 21.(화)   융자 실행 23. 2. 7.(화) ~ 4.  7.(금) 23. 3. 16.(목) ~ 4.  7.(금)학생 개인별 융자 약정 후, 개",2023-01-06 09:35:36.0
컴퓨터정보통신공학과과,[공학교육혁신센터] 글로벌 캡스톤 프로그램 (I-CAPS) 모집 안내(~1/25),https://ce.jnu.ac.kr/bbs/ce/2114/836114/artclView.do,"전남대 공학교육혁신센터에서는 전북대, 충남대와 공동으로 글로벌 융합교육 모델을 개발하기 위하여 글로벌 캡스톤디자인 프로젝트 i-CAPS(International Student-Capstone Design Project) 10기를 아래와 같이 운영하고자 합니다.1. 건명: 10기 I-CAPS2. 설계 주제: Future Mobility3. 모집팀수: 전남대 3팀 (팀당 2명)  *선착순 모집4. 모집대상:  창의융합형 공학인재양성지원사업 참여 학부 과 소속 재학생으로 기간동안 성실히 설계 프로젝트에 참여 가능한 자  (2023년 8월",2023-01-06 09:27:24.0
컴퓨터정보통신공학과과,공학기초능력 배양 교육프로그램 참가자 모집 안내(신청: ~1/9),https://ce.jnu.ac.kr/bbs/ce/2114/835781/artclView.do,"공학교육혁신센터에서는 공학계열 공통 교과목들에 대한 자기주도적 학습 기회를 제공하여 전공 전문성 및 학업 성취도 향상에 도움을 주고자 다음과 같이 『공학기초능력 배양 교육프로그램』을 실시하고자 합니다.    - 다    음 -    가. 명    칭: 2022 공학기초능력 배양 프로그램나. 모집인원: 분반별 20명 내외다. 교육일시:  - 수학1, 물리1: 2023. 1. 17.(화) 10:00 ~ 2023. 1. 19.(목) 17:00(20시간)  - 공업수학: 2023. 1. 26.(목） 10:00 ~ 2023. 1. 28.(토",2023-01-03 14:09:26.0
컴퓨터정보통신공학과과,2023학년도 제1학기 등록 안내(2/20~23),https://ce.jnu.ac.kr/bbs/ce/2114/835556/artclView.do,"2023학년도 제1학기 등록금 납부를 다음과 같이 공고하오니 등록에 차질 없으시기 바랍니다. 1. 기 간: 2023. 2. 20.(월) ~ 2. 23.(목) 16:00까지 [4일간]2. 장 소: 광주은행, 농협(지역농협 포함), 국민은행, 신한은행 전국 본 지점3. 등록금 분할납부 방법 가. 신청대상: 경제사정으로 정해진 기간내에 등록금 전액 납부가 어려워 분할납부하고자 하는 학생   [신청제외자 : 학부 및 대학원 신입생, 전액 장학금 수혜자, 미등록 휴학예정자, 수업연한초과자] 나. 신청기간 : 2023. 1. 6.(금) ～ 1",2023-01-02 09:41:03.0
컴퓨터정보통신공학과과,2023학년도 1학기 국가유공장학 등 우선 선발 장학 대상자 신청 안내(~1/12),https://ce.jnu.ac.kr/bbs/ce/2114/835491/artclView.do,"2023학년도 1학기 재학생 등록금 감면 우선 선발 장학생(법정장학 및 복지장학 등)을 선발하고자 하오니, 해당 학생은 기한 내 신청바랍니다.   1. 법정장학   복지장학   특별장학 수혜자격 및 증빙서류구분수혜자격증빙 서류장학금비고국가유공장학(법정장학) 독립유공자예우에 관한 법률 등 관련 법령에 따른 법정 장학 대상자 중 직전 학기 평균평점이 1.75(실점 70점) 이상인 자※ 국가유공자 등 본인은 성적 제한 없음  교육지원대상자증명서(본인) 또는 대학수업료등면제대상자증명서(자녀) 1부 ※ 기수혜자는 신청 필요 없음등록금 전",2022-12-30 15:36:15.0
컴퓨터정보통신공학과과,외국인 유학생 Digital Fabrication 교육 프로그램 안내(~23.1.4.),https://ce.jnu.ac.kr/bbs/ce/2114/835405/artclView.do,"창업 역량 강화를 위한 외국인 유학생 Digital Fabrication 교육 프로그램을 다음과 같이 진행합니다.    □ 개요  ○ 프로그램명: 외국인 유학생 Digital Fabrication 교육 프로그램 ○ 선발일정: 2022. 12. 21.(수) ~ 2023. 1. 4.(수) ※선착순 선발 ○ 교육기간: 2023. 1. 16.(월) ~ 1. 18.(수)  ○ 장   소: 전남대학교 만들마루 1층 제작실, 3층 교육실 ○ 대 상: 교내 재학 중인 외국인 유학생(대학원생 포함) 15명 ○ 내 용: Making 활동 및 Digi",2022-12-30 10:10:17.0
컴퓨터정보통신공학과과,2024-2025년도 풀브라이트 미국 대학원 유학 장학 프로그램 안내(23.4.4.~5.23),https://ce.jnu.ac.kr/bbs/ce/2114/835403/artclView.do,"한미교육위원단에서 아래와 같이 풀브라이트 미국 대학원 유학 장학 프로그램 안내 요청을 해왔기에 알려드리니, 관심있는 학생들의 참여 바랍니다.  가. 선발 대상: 2024년도 가을학기 미국 석박사 과정 유학 희망자 나. 자격 요건 1) 대한민국 국민으로 미국 이중 국적자나 미국 영주권자가 아닌 지원자 2) 4년제 대학 기졸업자 또는 2024년 2월 졸업 예정자 3) 2024년 4월부터 한국에 거주할 수 있는 지원자 다. 지원 내용 1) 학비 및 생활비 연간 최대 $40,000, 최장 2년 지원 2) 기타 가족수당, 미국무성 의료보험,",2022-12-30 10:07:43.0
컴퓨터정보통신공학과과,2023년 1학기 삼성드림클래스 대학생 멘토 선발 안내(~12/28),https://ce.jnu.ac.kr/bbs/ce/2114/835141/artclView.do,"삼성드림클래스에서는 봉사 정신을 겸비한 대학생 멘토를 다음과 같이 선발한다 하오니 학생들의 지원 바랍니다. 가. 지원자격: 국내 대학(원) 재학생      (2023년 중 수료생, 학기초과자는 제외, 활동약정기간 중 휴학 시 활동 지속 가능) 나. 활동기간:  2023. 3. 1. ~ 2024. 2. 29.(1년간) 다. 지원서 접수기한/장소: 2022. 12. 12.(월) 14:00 ~ 12. 28.(수) 10시  / 삼성드림클래스 홈페이지 라. 서류합격발표:  2023. 1. 12.(목) 14:00 / 삼성드림클래스 홈페이지 마",2022-12-27 14:18:13.0
컴퓨터정보통신공학과과,[LINC 3.0사업단] 2022 동계 창업역량강화 프로그램 (AI 로봇 제작) 안내(접수:~1/5 17:00),https://ce.jnu.ac.kr/bbs/ce/2114/835048/artclView.do,"우리대학 학생들의 창의적 역량강화를 위하여 「2022 동계 창업역량강화 프로그램 (AI 로봇 제작)」을 운영하오니 우수한 학생들의 많은 참가바랍니다.   □ 개요 ㅇ 프로그램명: 2022 LINC 3.0 하계 창업역량강화 프로그램 (AI 로봇 제작)  ㅇ 교육기간: 2023. 1. 9.(월) ~ 2. 11.(토) (5주간) ㅇ 교육장소: 전남대 창업아지트 (산학협력2호관 108호) ㅇ 대상: 전남대 대학(원)생 누구나     * 수료학생은 전남대 창업동아리에 가입되어 추가 지원 실시 ㅇ 주관: 전남대학교 LINC 3.0 사업단, 창",2022-12-26 17:19:50.0
컴퓨터정보통신공학과과,2023년도 1학기 대학직장 예비군 전입 신청 및 개인 정보 수정 안내(23/1/2~),https://ce.jnu.ac.kr/bbs/ce/2114/834933/artclView.do,"2023년도 1학기 재학생 중 대학직장 예비군(전남대학교 연대)으로 편성되지 않은 학생은 전입 신청을 하시고, 정확한 훈련 안내를 위하여 개인 정보를 수정하시기 바랍니다. 1. 대상 : 2023년도 1학기 대학(원) 재학생[1학기 신입(재입학), 편입, 복학, 전과 포함]신청 절차 : 전남대학교 포털 ⇨ 내 학사행정 ⇨ 병무 ⇨ 예비군 전입 신청전입 신청 4~5일 경과 후 예비군 홈페이지에서 소속 부대 확인,전남대학교연대로 편성되지 않은 학생은 전입 신청(전화 신청 가능)※ 신청 후 지역 예비군중대에서 훈련 부과 시 예비군연대에 반",2022-12-23 11:01:41.0
컴퓨터정보통신공학과과,[LINC 3.0사업단] 브라이틱스 활용 빅데이터 분석 교육 과정(CDS - Citizen Data Scientist) 모집 안내(~12/22),https://ce.jnu.ac.kr/bbs/ce/2114/834825/artclView.do,"『3단계 산학연협력 선도대학 육성사업단(LINC 3.0)』에서는 4차 산업에 맞는 인재 육성 및 대학생들의 취업 능력 향상을 위해 「브라이틱스 활용 빅데이터 분석 교육 과정(CDS - Citizen Data Scientist)」에 참여할 학생을 모집하고 있으니 많은 참여와 관심 부탁드립니다.   교육 명: 브라이틱스 활용 빅데이터 분석 교육 과정(CDS)  교육 기간: 2022. 12. 26.(월) ~ 2023. 1. 6.(금), 15:00 ~ 19:00 / 2023. 1. 16.(월), 9:00 ~ 18:00   교육 장소: 전남",2022-12-22 09:56:47.0
컴퓨터정보통신공학과과,[광주전남지역혁신플랫폼] AI·Cloud 인재양성 아카데미 중급-AI심화과정 안내(접수: 12/19~30 18:00),https://ce.jnu.ac.kr/bbs/ce/2114/834774/artclView.do,"광주전남지역혁신플랫폼 지역사회혁신본부에서는 전남대학교(평생교육원)와 네이버 클라우드, 으뜸정보기술과 함께 실무형 AI 클라우드 인력 양성 교육 프로그램을 운영하오니, 많은 참여 바랍니다 ○ 참여대상- 광주∙전남권 소재 15개 대학 소속 대학(원) 재학생, 휴학생, 졸업생 (졸업 후 2년 이내)​-------------------------------------------------------------------------------------------------------------------------------※ 광주∙전남권",2022-12-21 15:40:34.0
컴퓨터정보통신공학과과,키움인 방학 중 SW·AI 교육 캠프 대학생 서포터즈 모집 안내(신청: 12/12~30),https://ce.jnu.ac.kr/bbs/ce/2114/834572/artclView.do,"방학중 SW AI교육 캠프 는 교육부와 17개 시 도교육청 및 한국과학창의재단에서 운영하며 초 중 고 대상 SW AI에 대한 관심과 흥미를 유발하고 디지털 교육 기회 확대 제공을 위해, 역량 있는 대학생 서포터즈를 모집 중이오니 많은 관심과 신청 부탁드립니다. ■ 모집기간 : 2022. 12. 12 (월) ~ 12. 30 (금) *모집인원 완료시 조기 종료 될수 있습니다.■ 모집대상 : 대학생(휴학생 포함)■ 활동기간 : 2022. 12월 ~ 2023. 2월(3개월)■ 활동지역 : 광주 전남 소재 초,중,고등학교(활동시간 및 일정",2022-12-20 09:29:34.0
컴퓨터정보통신공학과과,2022학년도 전기(2023년 2월) 학부 졸업(수료)대상자 유보 신청 안내( 22/12/20~ 23/1/4),https://ce.jnu.ac.kr/bbs/ce/2114/834561/artclView.do,"2022학년도 전기(2023년 2월) 학부 졸업(수료) 대상자 중 2023학년도 1학기 학적사항을 ""재학""으로 유지하고자 희망하는 학생은, 졸업(수료) 유보를 신청하기 바랍니다. 1. 신청기간 : 2022. 12. 20.(화) ~ 2023. 1. 4.(수) 18시까지 (추가 신청 기간 없음)2. 신청방법 : 전남대학교 포털사이트(http://arsam.jnu.ac.kr/)   교육지원   내 학사업무   등록   학부 졸업(수료)유보 선택3. 졸업(수료) 유보 고지서 출력(학생 개별 출력) :포털   등록   학부 졸업(수료)유보",2022-12-19 18:11:59.0
컴퓨터정보통신공학과과,2023학년도 1학기 모집단위간이동(전과) 실시 안내(1/6~10),https://ce.jnu.ac.kr/bbs/ce/2114/834560/artclView.do,2023학년도 1학기 모집단위간이동(전과)을 다음과 같이 실시하오니 해당 기간내 신청하기 바랍니다.  1. 주요 일정   구분 일정 비고   공고 2022. 12. 16.(금) 홈페이지   원서 접수 2023. 1. 6.(금) ~ 1. 10.(화) 포털 신청   전출 승인 2023. 1. 11.(수) 학과(부) 및 대학   전출 합격자 발표 2023. 1. 13.(금) 홈페이지   전입 대상자 사정 및 선발 2023. 1. 13.(금) ~ 1. 17.(화) 학과   전과 합격자 발표 2023. 1. 27.(금) 홈페이지   전과 합,2022-12-19 18:06:57.0
컴퓨터정보통신공학과과,2023학년도 1학기 부·복수(연계)·융합전공 취소 신청 및 이수자 선발 안내,https://ce.jnu.ac.kr/bbs/ce/2114/834553/artclView.do,"2023학년도 1학기 부 복수(연계) 융합전공 취소 신청 및 이수자 선발을 아래와 같이 실시하오니 해당 일정에 따라 신청하시기 바랍니다. 1. 허용 학과(부) 및 전공 가. 복수전공 및 부전공: 간호대학, 수의과대학, 약학대학, 예술대학(디자인학과 및 미술학과 제외), 의과대학, 치의학전문대학원 학 석사통합과정, 자율전공학부를 제외한 전 학과(부) 나. 융합복수전공: 로봇공학융합전공, 미래에너지공학융합전공, 지능실감미디어융합전공 2. 지원 자격 및 선발 기준 가. 복수(연계)전공  - 지원 자격    1) 우리 대학에서 제2전공 및",2022-12-19 17:52:17.0
컴퓨터정보통신공학과과,2023학년도 1학기 학부 및 대학원 재입학 실시 안내(접수: 1/2~6),https://ce.jnu.ac.kr/bbs/ce/2114/834543/artclView.do,2023학년도 1학기 학부 및 대학원 재입학 실시에 대해 알려드리니  재입학 희망 학생은 아래 일정에 따라 원서를 제출하여 주시기 바랍니다.가. 세부 일정업무명일정비고실시 공고2022. 12. 15.(목)대학 홈페이지 공지(본부)재입학 원서접수2023. 1. 2.(월) ~ 1. 6.(금)학생   학과(부)대상자 내신 2023. 1. 9.(월) ~ 1. 13.(금)학과(부)   단과대학재입학 허가2023. 1. 27.(금)대학 홈페이지 공지(본부) 나. 재입학 대상자 및 제외자대상자제외자학부생대학원생◦미복학 미등록 학사경고 제적자 및,2022-12-19 17:39:23.0
컴퓨터정보통신공학과과,2023학년도 1학기 휴학·복학 신청 안내,https://ce.jnu.ac.kr/bbs/ce/2114/834542/artclView.do,1. 신청기간 가. 휴학휴학 종류신청 기간대상자일반휴학(등록)2023. 2. 20.(월) ~ 4. 24.(월)  등록금 납부 후 휴학을 원하는 자일반휴학(미등록)2023. 2. 20.(월) ~ 2. 23.(목)  등록금 납부하지 않고 휴학을 원하는 자※ 등록 기간 내에만 휴학 신청 가능휴학연장2023. 2. 20.(월) ~ 2. 23.(목)  휴학 만료일이 2023. 2. 28.까지인 자군휴학(복무신고)입영일 한 달 전 ~ 입영일  학기 중에 군입대하는 학생 중 미등록으로 군휴학을 원하는 자는 일반휴학(미등록) 신청 승인 후 복무신,2022-12-19 17:33:20.0
컴퓨터정보통신공학과과,AI융합 문제발굴 산학연계 해커톤 안내,https://ce.jnu.ac.kr/bbs/ce/2114/834352/artclView.do,"AI융합 문제발굴 산학연계 해커톤을 진행 예정이오니 학생들의 참여 바랍니다.참고링크 : https://aicoss.kr/bbs/board.php?bo_table=notice4 wr_id=3891. 행사 개요 및 내용 가. 행사명 : AI융합 문제발굴 산학연계 해커톤 2023 나. 일시 : 2023년 1월 12일(목) ~ 14일(토), 2박 3일 다. 장소 : 전라북도 고창군 상하농원 파머스빌리지 라. 대상 : 인공지능혁신공유대학사업단 7개 참여대학 학생(개발자 및 디자이너) 마. 신청방법 : 개인 혹은 팀 단위(팀당 4명 이내 구성",2022-12-15 18:17:45.0
컴퓨터정보통신공학과과,2022학년도 동계방학(12~2월) 전남대학교 리걸클리닉 법률지원단 운영 일정 안내,https://ce.jnu.ac.kr/bbs/ce/2114/834255/artclView.do,"전남대학교 구성원의 복지 향상을 위하여 무료로 운영 중인 전남대학교 법학전문대학원 리걸클리닉 법률지원단의 2022학년도 동계방학(12~2월) 운영 계획을 아래와 같이 안내하오니, 법률자문이 필요한 전남대학교 구성원들의 이용바랍니다.  가. 지원대상: 전남대학교 교직원 및 그 가족, 학생  나. 상담 및 자문내용: 법률자문이 필요한 학교업무 또는 개인업무  다. 상담 및 자문참여자: 전남대학교 법학전문대학원 교수  라. 일자 및 시간장소 및 시간일 자자문위원대학본부 2층법률지원단실(13:30~15:00)2022. 12. 21.(수)이",2022-12-15 09:22:51.0
컴퓨터정보통신공학과과,LG AI연구원 채용연계형「LG Aimers」2기 모집(12/5~22),https://ce.jnu.ac.kr/bbs/ce/2114/834225/artclView.do,,2022-12-14 15:09:44.0
컴퓨터정보통신공학과과,2022학년도 하반기 도전장학(미래) 추가 선발 안내(~12/23),https://ce.jnu.ac.kr/bbs/ce/2114/834062/artclView.do,"「2022학년도 하반기 도전장학(미래) 추가 선발 계획」을 다음과 같이 공고하오니 우수한 인재들이 많이 신청할 수 있도록 홍보하여 주시기 바랍니다.가. 장학생 선발 1) 자격: 2023년 2월 학사과정 졸업예정자로서 2023학년도 전기 우리 대학교 일반대학원에 진학하려는 일반전형 학생(학 석사연계과정생도 지원 가능)  ※ 직전학기 성적 평균평점 2.5이상 (전남대학교 장학규정 제3조(장학생의 자격)) 2) 장학금: 인문사회계열 1,700천원, 자연예체능계열 2,300천원  ※ 단, 지원액은 가용예산 범위에 따라 다소 변동 가능 3)",2022-12-12 17:54:17.0
컴퓨터정보통신공학과과,2022학년도 광주·전남 공동교육혁신센터 「캠프-디자인 씽킹」참여 안내(신청:~12/16),https://ce.jnu.ac.kr/bbs/ce/2114/834060/artclView.do,,2022-12-12 17:46:54.0
컴퓨터정보통신공학과과,[반도체개발지능화센터] 시스템 반도체 테스트 교육생 모집 안내(2022.12.2.~2023.2.3.),https://ce.jnu.ac.kr/bbs/ce/2114/834056/artclView.do,"인공지능 반도체 테스트 특화 전문 인력 양성을 위하여 시스템 반도체 테스트 분야 세계 1위 기업인 Teradyne의 시스템 반도체 테스트 기술 과정 교육에 참여할 학생을 모집합니다. 1. 교육 대상반도체 분야 취업을 희망하는 광주 전남권 소재 대학 소속의 전공, 비전공 대학(원) 재학생, 휴학생, 졸업생 (졸업 후 2년 이내)   ※ 광주 전남권 소재 대학(15개교) - 광주권 : 광주대, 광주여대, 남부대, 동강대, 전남대, 조선대, 호남대 - 전남권 : 동신대, 목포대, 목포해양대, 순천대, 순천제일대, 전남과학대, 전남도립대,",2022-12-12 17:20:39.0
컴퓨터정보통신공학과과,[반도체개발지능화센터] 메모리 반도체 테스트 교육생 모집 안내(2022.12.2.~2023.2.3.),https://ce.jnu.ac.kr/bbs/ce/2114/834053/artclView.do,"인공지능 반도체 테스트 특화 전문 인력 양성을 위하여 메모리 반도체 테스트 분야 국내 1위 기업인 YIKC의 메모리 반도체 테스트 기술 과정 교육에 참여할 학생을 모집합니다. 1. 교육 대상반도체 분야 취업을 희망하는 광주 전남권 소재 대학 소속의 전공, 비전공 대학(원) 재학생, 휴학생, 졸업생 (졸업 후 2년 이내)   ※ 광주 전남권 소재 대학(15개교) - 광주권 : 광주대, 광주여대, 남부대, 동강대, 전남대, 조선대, 호남대 - 전남권 : 동신대, 목포대, 목포해양대, 순천대, 순천제일대, 전남과학대, 전남도립대, 초당대",2022-12-12 17:13:05.0
컴퓨터정보통신공학과과,[반도체개발지능화센터] 반도체 테스트 설계 기술 과정 온라인 교육생 모집 안내(선착순 마감),https://ce.jnu.ac.kr/bbs/ce/2114/834049/artclView.do,"반도체 설계 전문 인력 양성을 위하여 세계 최고의 EDA Tool 기업인 Synopsys와 Siemens EDA의 테스트 설계 관련 온라인 교육에 참여할 학생을 모집합니다. 1. 교육 대상반도체 분야 취업을 희망하는 광주 전남권 소재 대학 소속의 전공, 비전공 대학(원) 재학생, 휴학생, 졸업생 (졸업 후 2년 이내)   ※ 광주 전남권 소재 대학(15개교) - 광주권 : 광주대, 광주여대, 남부대, 동강대, 전남대, 조선대, 호남대 - 전남권 : 동신대, 목포대, 목포해양대, 순천대, 순천제일대, 전남과학대, 전남도립대, 초당대",2022-12-12 16:51:01.0
컴퓨터정보통신공학과과,2022학년도 2학기 경제사정 곤란자 지원 장학(학부생) 선발 안내(~12/16),https://ce.jnu.ac.kr/bbs/ce/2114/834031/artclView.do,"학부모 등의 비자발적 실직 또는 폐업으로 경제적 어려움을 겪고 있는 학부생들의 등록금 부담 완화를 위하여 경제사정 곤란 장학금을 지원하고자 하오니 해당 학생들은 신청 바랍니다. 가. 지원대상: '22. 6월 ～ '22. 10월 기간에 학부모 등 비자발적 실직 또는 폐업으로 경제사정이 곤란한 학부생*에게 심사 후 지원 * 미혼인 경우: 부모, 본인 / 기혼인 경우: 본인, 배우자에 해당 나. 지원장학: 대상자에 따라 장학금 재원 구분하여 선발(지급) - (국가장학금Ⅱ유형) 국가장학금 신청자로서 소득구간 산정자(9~10구간 포함) -",2022-12-12 15:27:46.0
컴퓨터정보통신공학과과,2023년 Power Engineering School Winter Camp(27기) 참가 학생 신청 안내(~12/14 17:00),https://ce.jnu.ac.kr/bbs/ce/2114/834016/artclView.do,"한국전력기술(주) 인재개발교육원에서 실시하는 Power Engineering School Winter Camp(27기)를 붙임과 같이 알려드리오니 참여가능한 학생은 2022. 12. 14.(수) 17시  까지 신청하여 주시기 바랍니다.    가. 교육일정: 2023. 1. 10.(화) ~ 1. 13.(금), 4일 나. 교육방법: 온라인 교육(ZOOM) 다. 교육과목: 에너지산업 인재양성 기본역량 프로그램(붙임2 참조) 라. 추천기준 - 학년: 2~3학년 재학생 - 학과: 전공제한없음 - 학점: 전 학기까지 100점 환산 80점 이상",2022-12-12 14:13:54.0
컴퓨터정보통신공학과과,2023 동계 실리콘밸리 온라인 창업연수 개최 안내 및 참가자 모집(~12/14),https://ce.jnu.ac.kr/bbs/ce/2114/834015/artclView.do,"전남대 공학교육혁신센터에서는 기술창업 활성화와 글로벌 창업인재양성을 위하여 다음과 같이 『2023 동계 실리콘밸리 온라인 창업연수』를 개최하고자 합니다. 관심있는 학생들의 참여 바랍니다.      - 다    음 -    가. 프로그램명: 2023 동계 실리콘밸리 온라인 창업연수나. 일시 및 장소: 2023.01.09.(월) ~ 01.20.(금) (08:30~17:00, 온라인 교육)다. 주요 프로그램: - 실리콘밸리 에코시스템 관련 전문가 초청특강 및 이론 교육 - 실리콘밸리 우수 기업 온라인 견학 - 스타트업 아이디어 발굴, 제",2022-12-12 13:58:40.0
컴퓨터정보통신공학과과,MRI-AI 전문가 초청 세미나 안내(12/9 15:00),https://ce.jnu.ac.kr/bbs/ce/2114/833697/artclView.do,,2022-12-07 09:23:01.0
컴퓨터정보통신공학과과,2023학년도 1학기 학·석사학위연계과정 및 학·석박사학위통합연계과정자 모집 안내(2023.1.2.~13.),https://ce.jnu.ac.kr/bbs/ce/2114/833677/artclView.do,"1. 학 석사학위연계과정 및 학 석박사학위통합연계과정  : 전남대학교 학칙 제19조 제5항에 의거 학사학위과정과 대학원 교과과정을 상호 연계하여 졸업(수료)학점을 취득함으로써 학사 및 대학원 수업연한을 단축하여 학사학위와 대학원 학위 취득이 가능한 학사제도 2. 모집학과 : 전 학과(의학과, 수의학과 제외) 3. 지원자격 및 특전사항   구 분 주 요 내 용   지원자격 □ 지원가능학과 : 학부과정의 주(복수)전공에 해당하는 대학원 학과(전공) □ 아래의 요건을 모두 갖춘 자   ⊙ 4학기(2학년 2학기)이상 이수자로서 총 72학점",2022-12-06 17:28:18.0
컴퓨터정보통신공학과과,2022학년도 동계 계절학기 수강취소 안내,https://ce.jnu.ac.kr/bbs/ce/2114/833676/artclView.do,1. 취소기간구분수강 취소기간환불금액취소방법개강 전수강취소2022. 12. 5.(월) 09:00 ～ 12. 6.(화) 18:00전액학생포털을 이용하여 학생본인이 직접 전산 취소개강 후수강취소2022. 12. 23.(금) 09:00 ~ 12. 30.(금) 18:00수강료의 2/3환불2022. 12. 31.(토) 09:00～ 2023. 1. 3.(화) 18:00수강료의 1/2환불2023. 1. 3.(화) 18:00 이후 수강취소 및 환불 불가   2. 수강취소 방법 : 전남대학교 포털 시스템 이용 가. 수강신청취소 방법 : 전남대학교포,2022-12-06 17:14:58.0
컴퓨터정보통신공학과과,2022년도 하반기 물탱크 청소 일정 및 단수 안내(공대6호관: 12/11 08:00~16:00),https://ce.jnu.ac.kr/bbs/ce/2114/833531/artclView.do,우리 대학에서 사용 중인 음용수용 물탱크 청소를 실시함에 따라 아래와 같이 건물별로 급수공급이 중단되오니 참고하시기 바랍니다.[단수 일정]- 공대6호관 : 12월 11일(일) 08:00~16:00- 공대7호관 : 급수 공급 실시로 단수 없음※ 협조사항: 단수로 인한 피해예방 철저(화장실 사용 불가능 포함),2022-12-05 14:22:51.0
컴퓨터정보통신공학과과,삼성SDS 2023년 상반기 알고리즘 특강 안내(접수: ~12/9),https://ce.jnu.ac.kr/bbs/ce/2114/833430/artclView.do,안녕하세요! 삼성SDS입니다.2023년 상반기 알고리즘 특강으로 인사드립니다.알고리즘 특강은 겨울방학 2주 동안 삼성SDS 현직 전문가를 모셔 단기간에 대학생 여러분의 알고리즘 실력이 향상될 수 있도록 알고리즘의 기초   활용부터 고급 알고리즘까지 단계별 교육을 무료로 지원하는 과정입니다.체계적인 알고리즘 강의가 필요하다 느끼시는 분!겨울방학을 통해 자신을 한층 성장시키고 싶으신 분! 단기간에 알고리즘 실력을 향상시킬 수 있는 기회이니 놓치지 마세요. 자세한 사항은 포스터를 통해 확인할 수 있습니다.포스터 내 URL 및 QR코드를,2022-12-02 10:55:56.0
컴퓨터정보통신공학과과,[LINC 3.0사업단] 2022년 CDS 빅데이터 교육 안내(신청: 11/23~12/16),https://ce.jnu.ac.kr/bbs/ce/2114/833224/artclView.do,"『3단계산학연협력선도대학육성사업단』에서 데이터 분석에 필요한 데이터 처리 및 데이터 탐색과 머신러닝 등의 취업역량 강화를 위하여 「CDS 빅데이터 교육」을 운영하고자 하오니 많은 관심과 참여바랍니다.    1. 교육 명: 2022년 CDS 빅데이터 교육 2. 교육 일시 - 집합교육 - 2022. 12. 26.(월), ~ 2023. 1. 6.(금), 15:00 ~ 19:00(4시간) - 문제풀이   2023. 1. 16.(월), 9:00 ~ 18:00(8시간) 3. 모집 기간: 2022. 11. 23.(수) ~ 2022. 12. 16",2022-11-29 10:03:24.0
컴퓨터정보통신공학과과,2022학년도 동계 계절학기 제주대학교 교류수학 허가자 학번 부여(수강신청: 11/28~30),https://ce.jnu.ac.kr/bbs/ce/2114/833107/artclView.do,"2022학년도 동계 계절학기 제주대학교 교류수학 허가자 명단을 붙임과 같이 알려드리니, 제주대학교 학사일정에 따라 수학하시기 바랍니다.    ◎ 수업기간 : 2022. 12. 26.(월) ~ 2023. 1. 13.(금)   ◎ 수강신청기간 : 2022. 11. 28.(월) ~ 11. 30.(수) (선착순마감) ◎ 수강신청방법    제주대학교 수강신청시스템 (http://sugang.jejunu.ac.kr(클릭))   아래 빨강색 비밀번호 초기화클릭   본인 핸드폰 선택   로그인   수강신청    ※ ID : 제주대학교에서 부여받은",2022-11-25 17:58:54.0
컴퓨터정보통신공학과과,2023학년도 1학기 등록금재원 교내 장학금 신청 안내(2022/12/1~2023/1/13 17:00),https://ce.jnu.ac.kr/bbs/ce/2114/832957/artclView.do,"2023학년도 1학기 등록금재원 교내 장학금 신청 관련 사항을 안내하오니 장학 기본 충족 사항 및 신청 방법을 확인 후, 기간 내 많은 신청 바랍니다.  1. 신청 대상 : 2022학년도 2학기 이수자 ( 전자컴퓨터공학부 컴퓨터정보통신공학전공, 컴퓨터정보통신공학과 ) 2. 신청 기간 : 2022. 12. 1.(목) ~ 2023. 1. 13.(금) 17:00 [7주간] 3. 장학 기본 충족 사항  : 아래 사항을 만족하는 학생들을 마일리지 순으로 장학금 지급      - 직전학기 평균평점 2.5 이상인 자   - 해당학년 전공 9학점",2022-11-23 17:37:17.0
컴퓨터정보통신공학과과,2022학년도 2학기 도전장학생(비상) 선발 계획 안내(접수:11/24~30),https://ce.jnu.ac.kr/bbs/ce/2114/832952/artclView.do,"2022학년도 2학기 도전장학생(비상) 선발 계획을 다음과 같이 안내하오니 많은 학생들의 지원바랍니다.    가. 선발인원(예정): 113명(학부재학생 107명, 외국인학생 6명) 나. 장학금액(1인당): 1,800천원 다. 접수기간: 2022. 11. 24.(목) 09:00 ~ 11. 30.(수) 18:00 [7일간] 라. 신청방법 전남대학교포털사이트(http://portal.jnu.ac.kr)에 로그인 후   교육지원   내학사행정  장학   도전장학   장학금신청에 접속하여 도전계획서 작성 및 제출 마. 선발계획: 붙임파일 및",2022-11-23 17:18:12.0
컴퓨터정보통신공학과과,국제학생증 ISIC 발급비 지원 행사(11/17~30),https://ce.jnu.ac.kr/bbs/ce/2114/832894/artclView.do,"해외에서 학생 신분을 증명할 수 있고 다양한 학생 할인 혜택이 있는 「국제학생증 ISIC 발급비 지원 행사」가 다음과 같이 진행되오니 필요한 학생들은 신청하여 주시기 바랍니다. 1. 발급대상: 전남대학교 재(휴)학생2. 행사기간: 2022년 11월 17일(목) ~ 11월 30일(수)3. 발급방법: 전남대학교 포털 로그인   국제학생증 아이콘 클릭4. 유효기간: 발급월로부터 1년간 유효5. 발급비용: 무료 (국제학생증 인증비 17,000원 하나은행 부담)6. 발급기간: 카드는 업무일 기준 7일 이내 배송",2022-11-23 12:08:05.0
컴퓨터정보통신공학과과,[인공지능혁신공유대학사업단]  CO-WEEK Academy 온라인 수강신청 안내(11/17~23),https://ce.jnu.ac.kr/bbs/ce/2114/832837/artclView.do,"디지털 혁신공유대학사업 CO-Week 온라인 수강신청이 시작되었습니다. 오프라인 신청을 놓친 학생들의 많은 참여 바랍니다.[온라인 강의 수강신청]ㅇ 온라인 강의 수강신청방법 - 회원가입시 소속(COSS재학생)-학교(전남대학교)-신기술분야(인공지능)-학번을 정확하게 입력 바랍니다. - 온라인 강의 수강신청 대상자의 참여방식은 '온라인 참여'이며, 현장강의 수강이 아닙니다.ㅇ 온라인 강의 수강신청 대상별 회원가입 및 신청 방법 안내 - COSS 재학생(온라인 강의 수강신청)   * 10월중 수강신청 완료한 COSS 재학생 오프라인 현장",2022-11-22 17:37:32.0
컴퓨터정보통신공학과과,[인공지능혁신공유대학사업단] 취·창업 진로적성 검사 안내(~11/25),https://ce.jnu.ac.kr/bbs/ce/2114/832835/artclView.do,인공지능혁신공유대학사업단에서 11월 25일(금)까지 취 창업 진로적성 검사가 진행될 예정입니다. 해당 검사 결과를 기반으로 11월 29일(화) JOB Fair에서 1:1 상담 및 강연이 이루어질 예정이니 학생들의 많은 참여 부탁드립니다. (미참여자들에 한함) 온라인검사 진행방법 1. 홈페이지 접속 (링크 : http://design.octagnosis.net/account/join/form/10010)2. 회차코드 입력 (회차코드 : jnuni20221102200)3. 회원가입4. 검사 시작 후 중간에 멈추지 않고 끝까지 진행해주시,2022-11-22 17:34:26.0
컴퓨터정보통신공학과과,[인공지능혁신공유대학사업단]「2022 AICOSS JOB FAIR」개최 안내(11/29~30),https://ce.jnu.ac.kr/bbs/ce/2114/832780/artclView.do,"인공지능혁신공유대학사업단에서 「2022 AICOSS JOB FAIR」를 다음과 같이 개최합니다.   1. 2022 AICOSS JOB FAIR 개요 가. 목적  1) 컨소시엄 7개 대학의 재학생 및 졸업생의 인공지능 분야취업 역량 강화  2) 인공지능 유관 기업 소개 및 구인-구직자 간 연결을 통한 미스매칭 해소 나. 일시 및 장소  1) 일시 : 2022.11.29.(화) ~ 2022.11.30.(수)  2) 장소 : 전남대학교 용지관 다. 주관 : 교육부, 한국연구재단 라. 주최 : 전남대학교, 성균관대학교, 서울시립대학교, 서",2022-11-22 11:39:03.0
컴퓨터정보통신공학과과,디지털 MICE Young Leaders A to Z 교육 프로그램 교육생 모집 안내(~11/30),https://ce.jnu.ac.kr/bbs/ce/2114/832748/artclView.do,디지털 MICE Young Leaders A to Z 교육 프로그램 교육생 모집 안내  ○ 교육 목적 - MICE산업의 디지털전환에 맞춘 이론․실습 교육 프로그램 운영을 통한 학생 역량 강화  - 광주․전남(여수) 지역의 핵심분야인 관광․MICE산업에 대한 관심도 제고 및 지역 내 MICE산업 인재 양성   ○ 교육 일정구분기간장소(1차) MICE 입문과정11월 25일(금)～26일(토)(2일간)전남대학교 여수캠퍼스청경마루 2층(2차) 디지털 Young MICE 리더 과정12월 2일(금)～3일(토)(2일간)전남대학교 여수캠퍼스청경마루,2022-11-22 09:33:50.0
컴퓨터정보통신공학과과,취업 특강 안내(11/29 15:00),https://ce.jnu.ac.kr/bbs/ce/2114/832746/artclView.do,,2022-11-22 09:26:51.0
컴퓨터정보통신공학과과,[소프트웨어중심대학사업단] 2022 하반기 소중마일리지 신청 안내(접수:~11/28),https://ce.jnu.ac.kr/bbs/ce/2114/832742/artclView.do,"가. 2차(하반기) 마일리지 접수기간, 검증 및 평가, 이의신청 및 최종발표 일정 - 접수기간: 22년 11월 14일 ~ 11월 28일 (오전 9시까지) - 검증 및 평가: 22년 11월 28일 ~ 12월 2일 - 이의신청: 22년 12월 5일 ~ 12월 6일 - 최종발표: 22년 12월 15일(목) 예정  ※ 2022년 7월~2022년 11월까지 마일리지 실적을 증빙할 수 있는 학생  ※ 상기일정은 내부 제반 상황에 따라 변경될 수 있음나. 신청방법: 전남대학교 소프트웨어중심대학사업단 소중마일리지 신청사이트에 접속하여 관련된 증빙",2022-11-22 09:22:22.0
컴퓨터정보통신공학과과,공대6호관 101호(정독실) 개인물품 반출 협조 안내(11/21~12/20 종강 시까지),https://ce.jnu.ac.kr/bbs/ce/2114/832708/artclView.do,"우리대학 6호관 정독실에 대하여 공간사용 조정에 따른 재정비를 하고자 하오니, 정독실 내 사물함 및 개인물품이 기간내에 반출될 수 있도록 협조하여 주시기 바랍니다.◇ 아    래 ◇1. 장  소: 공과대학 6호관 101호(정독실)2. 내  용: 정독실 내 개인물품 및 사물함 반출3. 기  간: 2022. 11. 21. ~ 2022. 12. 20.(화) 종강시 까지4. 연락처: 공대 행정실(☎530-1615) ※ 위 기간 동안 정리되지 않은 물품은 임의 폐기 예정임.",2022-11-21 16:36:30.0
컴퓨터정보통신공학과과,AI·Cloud 인재양성 아카데미 중급-AI심화과정 모집 안내(~11/28),https://ce.jnu.ac.kr/bbs/ce/2114/832350/artclView.do,"광주전남지역혁신플랫폼 지역사회혁신본부에서는 전남대학교(평생교육원)와 네이버 클라우드, 으뜸정보기술과 함께 실무형 AI 클라우드 인력 양성 교육 프로그램을 운영하오니, 많은 참여 바랍니다○ 참여대상- 광주∙전남권 소재 15개 대학 소속 대학(원) 재학생, 휴학생, 졸업생 (졸업 후 2년 이내)​-------------------------------------------------------------------------------------------------------------------------------※ 광주∙전남권",2022-11-16 17:48:00.0
컴퓨터정보통신공학과과,KT AIVLE(에이블) School 모집(~11/21 15:00),https://ce.jnu.ac.kr/bbs/ce/2114/832348/artclView.do,KT AIVLE(에이블) School 모집 모집기간 ㅇ 지역인재 추천 모집기간 : ~11.21.(월) 15:00까지 / 첨부 엑셀양식  ※ 지역인재 전형 추천시 서류 전형 면제ㅇ 일반 교육생 모집기간 : ~12.5일  지원자격 대부분 온라인 교육이나 미니프로젝트/빅프로젝트 수행 시 오프라인 교육 일부 진행 지원방법 첨부 엑셀 파일을 작성 후 eb8916@jnu.ac.kr 메일 신청( 문의: 530-1922 공대 취업진로상담실),2022-11-16 17:45:05.0
컴퓨터정보통신공학과과,미래형운송기기·친환경스마트선박 기술 창업 워크숍 안내(11/24~26),https://ce.jnu.ac.kr/bbs/ce/2114/832292/artclView.do,,2022-11-16 11:23:45.0
컴퓨터정보통신공학과과,2022학년도 동계 계절학기 타 대학교(제주대) 수학 신청 안내(~11/16 16:00),https://ce.jnu.ac.kr/bbs/ce/2114/832240/artclView.do,"2022학년도 동계 계절학기 타 대학교 운영계획을 다음과 같이 안내하오니 수학을 희망하는 학생은 수학신청원을 해당 기한까지 학과사무실로 제출해 주시기 바랍니다.가. 지원자격: 2022년도 2학기 현재 재적중인 자※ 당해학기 졸업(수료)을 목적으로 계절수업을 수강하고자 하는 자는 그 계절수업이 속한 정규학기에 재학한 자에 한함.나.  교류대학 수: 1개 대학만 가능(우리 대학+타 대학교류 가능, 타 대학+타 대학 불가)다. 계절학기 총 수강 가능 학점: 6학점 이내(우리 대학 수강학점과 교류대학 수강학점 포함)라. 타 대학 계절학기",2022-11-15 17:56:02.0
컴퓨터정보통신공학과과,동절기 난방 운영 안내(2022. 11. 21. ~ 2023. 3. 11.),https://ce.jnu.ac.kr/bbs/ce/2114/832095/artclView.do,"1. 난방기간: 2022. 11. 21. ~ 2023. 3. 11.2. 난방온도: 실내평균 17도 이하 유지3. 중앙난방 운영 기준- 난방실시: 외기온도 5도 이하- 난방중단: 실내온도 17도 이상- 난방시간: 8:30~17:50(외기온도에 유동적 대응)※ 공대 4, 7호관 운전모드를  난방 으로 전환하여 사용(냉방 운전 시 작동 정지 됨)4. 개발난방 제어: 점심시간(11:50), 운휴시간(16:30~17:00), 퇴근 후(17:50, 22:00) 실내기 자동 OFF5. 사용자 준수사항: 난방 기준에 따른 적정온도 준수, 부재 시",2022-11-14 18:11:03.0
컴퓨터정보통신공학과과,글로벌 ICT 표준 컨퍼런스2022(GISC2022) 안내,https://ce.jnu.ac.kr/bbs/ce/2114/831727/artclView.do,,2022-11-07 13:45:55.0
컴퓨터정보통신공학과과,AI·Cloud 인재양성 아카데미 중급과정(2차) 참여자 모집 안내(~11/9),https://ce.jnu.ac.kr/bbs/ce/2114/831696/artclView.do,"[AI Cloud 인재양성 아카데미 중급과정(2차) 참여자 모집 안내(기간 연장)]광주전남지역혁신플랫폼 지역사회혁신본부에서는 전남대학교(평생교육원)와 네이버 클라우드, 으뜸정보기술과 함께 실무형 AI 클라우드 인력 양성 교육 프로그램을 운영하오니, AI 클라우드 기술에 관심있는 대학(원)생들의 많은 참여 바랍니다. ○ 참여대상- 광주∙전남권 소재 15개 대학 소속 대학(원) 재학생, 휴학생, 졸업생 (졸업 후 2년 이내) ○ 전형일정(접수기간 연장)- 접수 :  ~  22.11.9.(수) 18:00- 최종발표 및 안내 :  22.1",2022-11-07 09:44:54.0
컴퓨터정보통신공학과과,2022학년도 광주·전남 공동교육혁신센터 학습역량 강화 프로그램 참여자 모집(~11/15),https://ce.jnu.ac.kr/bbs/ce/2114/831503/artclView.do,광주 전남 공동교육혁신센터에서는 5개 참여대학 대학생의 학습역량 강화를 위한 2022학년도 학습역량 강화 프로그램 참여자 모집을 다음과 같이 안내합니다.가. 개요 1) 프로그램명: 광주 전남 공동교육혁신센터 학습역량 강화 프로그램 2) 운영기간: 2022년 11월 3) 참여대상: 광주 전남 공동교육혁신센터 5개 참여대학 재학생 4) 주요내용: 학습 목표설정 전략/ 시간관리 전략/ 학습전략 나. 신청 1) 신청기간: 2022. 11. 02.(수) ~ 11. 15.(화) 2) 신청방법: 온라인 구글 설문으로 참가신청서 작성  ※ 세부내,2022-11-03 14:58:37.0
컴퓨터정보통신공학과과,2022년 하반기 대학원 총장명예장학(CNU GS-PHF) 선발 안내(신청: ~11/18),https://ce.jnu.ac.kr/bbs/ce/2114/831397/artclView.do,"2022학년도 하반기 대학원 총장명예장학(CNU GS-PHF) 추가 선발 계획을 다음과 같이 안내하오니 많은 신청바랍니다.   1. 지원자격    가. 선정기준 : 본부 및 학과 선정기준에 모두 충족하는 2023학년도 전기 일반대학원 석 박사통합과정 신입생(합격자)과정본부 선정기준(기준1, 2 모두 충족 필요)학과 선정기준석 박사통합[기준1] 동일 계열 학과 졸업생 + 전일제 학생[기준2] 학부 졸업평점 3.75(4.5만점) 이상인 학생※ 외국인 학생은 위 기준을 준용하여 적용▶전자컴퓨터공학과 : 학과장 추천서 제출▶ICT융합시스템",2022-11-03 09:57:09.0
컴퓨터정보통신공학과과,2022학년도 2학기 「CNU 취업에이스+」참여자 모집 안내(신청: ~12/2),https://ce.jnu.ac.kr/bbs/ce/2114/831340/artclView.do,"학기 중 수업 및 기타 활동으로 취업준비가 어려운 학생들이 동계방학 동안에 직무별 취업동아리를 결성하고 팀 단위로 집중적인 취업교육을 받아, 2023년 상반기 신입사원 및 인턴 채용에 지원할 수 있도록 2022학년도 2학기 「CNU 취업에이스+」를 다음과 같이 운영합니다.   1. 프로그램 개요프로그램명운영기간주요내용2022학년도 2학기「CNU 취업에이스+」 22. 12. 26.(월)~  23. 2. 16.(목)- 취업동아리 결성 및 직무별 스터디- 취업특강 및 멘토링- 모의면접- 성과발표회 및 수료식- 팀 당 지원금 10만원 지원",2022-11-02 15:04:23.0
컴퓨터정보통신공학과과,[LINC 3.0사업단] 포스코 스틸브릿지 2022년 동계 현장실습교육과정 모집 안내(~11/6),https://ce.jnu.ac.kr/bbs/ce/2114/831313/artclView.do,우리대학 학생들의 산업현장에 대한 이해증진 및 진로탐색을 위해 포스코 스틸브릿지 2022년 동계 현장실습교육과정 모집을 다음과 같이 안내하오니 많은 학생들의 참여바랍니다. 가. 기업(기관)명: 포스코 스틸브릿지 나. 모집인원: 총 30명 ~ 35명 다. 모집기간: 2022. 10. 31.(월)   11. 6.(일) 라. 신청방법:  메일(eb8916@jnu.ac.kr) 또는 학과사무실(공7-226) 제출 ※ 메일 제출 시 본인 서명 후 스캔하여 pdf파일 제출 마. 제출서류 : (붙임2)포스코스틸브릿지 현장실습 신청서 라. 실습기간,2022-11-02 13:52:40.0
컴퓨터정보통신공학과과,머신러닝을 활용한  쏘카 의 실생활 적용 사례 특강 안내(11/8 14:00),https://ce.jnu.ac.kr/bbs/ce/2114/831301/artclView.do,,2022-11-02 11:53:51.0
컴퓨터정보통신공학과과,프랑스 Clermont 공과대학 교환학생 프로그램 설명회 개최 안내(11/21 14:00),https://ce.jnu.ac.kr/bbs/ce/2114/831300/artclView.do,"우리 자매대학인 프랑스 Clermont Auvergne INP 국제처 관계자가 방문함에 따라 공과대학 재학생을 대상으로 교환학생 프로그램 설명회를 진행하고자 하오니, 많은 학생들의 참석바랍니다. 가. 일시: 2022. 11. 21.(월) 14:00 ~ 15:00 (60분)  나. 장소: 공과대학 4호관 2층 대회의실 다. 방문자: Raphael T. Beilicke, Head of International Relations Office 라. 설명회 내용: 프랑스 Clermont 대학 소개, 교환학생 프로그램 소개 및 Q A 마. 참",2022-11-02 11:51:29.0
컴퓨터정보통신공학과과,"2022학년도 2학기 스마트 학습기기 대여 서비스 운영 안내(~10/30,기한연장)",https://ce.jnu.ac.kr/bbs/ce/2114/830823/artclView.do,2022학년도 2학기를 맞아 광주전남권역 내 학습자의 원격수업 참여를 독려하고 취약계층 학습자의 원격강좌 학습을 지원하기 위하여 다음과 같이 스마트 학습기기 대여 서비스를 운영합니다.◎ 사업내용: 원격강의 수강을 위한 노트북 컴퓨터 대여◎ 대여수량: 50대(1인 1대로 제한)◎ 참여대상: 광주전남권역 내 대학생◎ 신청기간: 2022. 10. 05.(수) ~ 2022. 10. 16.(일)   2022. 10. 17.(월) ~ 2022. 10. 30.(일)◎ 결과발표: 2022. 10. 31.(월) 14:00 (공지사항 확인)◎ 대여기,2022-10-27 14:02:07.0
컴퓨터정보통신공학과과,「삼성 청년 SW 아카데미」9기 교육생 모집 안내(~11/7),https://ce.jnu.ac.kr/bbs/ce/2114/830798/artclView.do,,2022-10-26 18:07:47.0
컴퓨터정보통신공학과과,2023학년도 전기 일반대학원 입학 설명회 안내(ICT융합시스템공학과: 4단계 BK21 사업 선정 학과),https://ce.jnu.ac.kr/bbs/ce/2114/830680/artclView.do,2023학년도 전기 일반대학원 입학 설명회 안내- ICT융합시스템공학과 - 2023학년도 전기 일반대학원 신입생 모집과 관련하여 입학설명회 자료를 붙임과 같이 첨부하오니 일반대학원 ICT융합시스템공학과 입학에 관심 있는 학생들의 확인 바랍니다. ▷ 대학원 소개 : ICT융합시스템공학과 소개 및 대학원 과정 안내▷ 연구실 소개 : ICT융합시스템공학과 16개 연구실 소개▷ 지원 및 혜택 : 전남대학교 재원 지원 및 혜택 안내▷ 대학원 입학 안내 : 2023학년도 전기 일반대학원 일반전형 입학 안내          ICT융합시스템공학과,2022-10-25 18:11:42.0
컴퓨터정보통신공학과과,2023학년도 전기 일반대학원 입학 설명회 안내(전자컴퓨터공학과 컴퓨터정보통신전공),https://ce.jnu.ac.kr/bbs/ce/2114/830679/artclView.do,2023학년도 전기 일반대학원 입학 설명회 안내- 전자컴퓨터공학과 컴퓨터정보통신전공 -  2023학년도 전기 일반대학원 신입생 모집과 관련하여 입학설명회 자료를 붙임과 같이 첨부하오니 일반대학원 전자컴퓨터공학과 컴퓨터정보통신전공 입학에 관심 있는 학생들의 참고 바랍니다. ▷ 대학원 소개 : 전자컴퓨터공학과 컴퓨터정보통신전공 소개 및 대학원 과정 안내▷ 연구실 소개 : 전자컴퓨터공학과 컴퓨터정보통신전공 11개 연구실 소개▷ 지원 및 혜택 : 전남대학교 재원 지원 및 혜택 안내▷ 대학원 입학 안내 : 2023학년도 전기 일반대학원 일반,2022-10-25 18:10:15.0
컴퓨터정보통신공학과과,[인공지능혁신공유대학사업단] 2022년 캡스톤디자인 산학연계 경진대회 안내(신청:10/24~11/14),https://ce.jnu.ac.kr/bbs/ce/2114/830510/artclView.do,인공지능혁신공유대학사업단에서 2022년 캡스톤디자인 산학연계 경진대회를 개최합니다. 1. 경진대회 개요 가. 목적  1) 인공지능혁신공유대학 참여학과에서 수행한 전체 캡스톤디자인 결과물에 대한 산학연계성을 고려한 성과 경진대회 개최  2) 캡스톤디자인 수행 결과의 활용성 및 사회적 파급력 등을 평가하여 우수 성과자 포상  3) 캡스톤디자인 결과물을 활용한 지역 사회문제 해결 및 경제 활성화를 통한 공헌 방안 모색  나. 일정 : 2022. 11. 29.(화) 다. 주제 : 캡스톤디자인 교과목 참여 주제 라. 분야 : 4개 분야 중,2022-10-24 11:08:26.0
컴퓨터정보통신공학과과,『2022 전남대학교 테크페어』개최 안내(11/8~10),https://ce.jnu.ac.kr/bbs/ce/2114/830504/artclView.do,"우리 대학 산학연계 활동 다양화로 지역사회와의 산 학 연 관 공유가치를 창출하고 개방 소통 협력의 장을 마련하고자 다음과 같이 『2022 전남대학교 테크페어』를 개최합니다. 가. 행사명: 2022 전남대학교 테크페어  산학연협력이 곧 미래의 핵심동력 나. 일시: '22. 11. 8.(화) 10:30 ~ '22. 11. 10.(목) 17:00  - 개막식: '22. 11. 8.(화) 10:30/ 용지관 1층 컨벤션 홀  - 폐막식: '22. 11. 10.(목) 16:00다. 장소: 용지관 일원(컨벤션홀, 광주은행홀, 송촌양재봉홀),",2022-10-24 10:38:31.0
컴퓨터정보통신공학과과,개인형 이동장치(PM) 안전관리 안내,https://ce.jnu.ac.kr/bbs/ce/2114/830437/artclView.do,,2022-10-21 15:33:29.0
컴퓨터정보통신공학과과,2022년도 예비군 기본훈련 3차(8H) 대상자 안내(11/24),https://ce.jnu.ac.kr/bbs/ce/2114/830410/artclView.do,"가. 훈련대상 : 대학직장 예비군에 편성된 교수, 학생 (대상자에게 별도 문자 발송)       ※ 졸업, 휴학, 수업연한 초과(졸업/수료 유보), 수료자는 참석 불가   나. 훈련장소 : 제503보병여단 3대대(삼각산 예비군훈련장)   다. 훈련일정     1) 일자 : 2022. 11. 24.(목)     2) 대상 : 128명   라. 유의사항      1) 지정된 훈련기간 내 참석이 제한되는 학생은 예비군 홈페이지에서 전국단위/휴일 예비군훈련 신청     2) 훈련 편성이후 훈련 일정 자율선택 또는 전국단위/휴일 신청자",2022-10-21 11:40:02.0
컴퓨터정보통신공학과과,2022학년도 2학기 기초창의설계경진대회 개최 안내(신청: 11/14~21),https://ce.jnu.ac.kr/bbs/ce/2114/830268/artclView.do,"공학교육혁신센터에서는 창의적 설계교육을 통하여 학습 동기(motivation) 부여 및 팀워크 활동의 중요성을 인식시키고, 발표회를 통한 자신감과 성취감 향상의 기회를 제공하여 향후 설계활동의 동기를 부여하기 위한 목적으로 다음과 같이 『2022 기초창의설계경진대회(2학기)』을 개최하고자 합니다.   - 다    음 -    1. 명    칭: 2022 기초창의설계 경진대회(2학기)2. 일    시: 2022. 12. 1.(목) 14:00~3. 장    소: 공과대학 2호관 영명홀4. 신청기간: 2022. 11. 14.(월) 09:",2022-10-20 10:48:54.0
컴퓨터정보통신공학과과,2022년 동계 국제워크캠프 참여자 모집 안내(11/7~9),https://ce.jnu.ac.kr/bbs/ce/2114/830226/artclView.do,"코로나19 사회적 거리두기 완화 등 팬데믹 이후 중단된 국제워크캠프 운영을 통해 재학생들의 국제경험 확대와 교육 불평등 해소 등 SDGs 달성에 협력하는  2022년 동계 국제워크캠프 참여자 를 모집합니다. 가. 활동기간: 2023. 1월 2월 [2주 이내] 나. 활동국가: 캄보디아, 인도네시아(4개 프로그램) 다. 활동대상: 대학생 9명 라. 활동내용: 교육, 환경보호, 문화교류 등   마 지원서 제출◦ 제출기간: 2022.11.7.(월) 11.9.(수) ◦ 제출장소: 학생과(도서관 별관 1층) ◦ 제출방법: 방문 또는 우편 접수",2022-10-19 17:42:47.0
컴퓨터정보통신공학과과,AI·Cloud 인재양성 아카데미 초·중급과정 안내,https://ce.jnu.ac.kr/bbs/ce/2114/830161/artclView.do,붙임 1. AI Cloud 인재양성 아카데미 초중급과정 참여자 모집요강 1부.  끝.,2022-10-19 14:23:26.0
컴퓨터정보통신공학과과,2022 KHNP 원전 작업로봇 시뮬레이션 경진대회 개최 안내(접수: 10/17~30 24:00),https://ce.jnu.ac.kr/bbs/ce/2114/830039/artclView.do,한국수력원자력(주)에서는 안전한 원전 운영 및 종사자의 안전성 향상을 위해 제 2회 KVRC (KHNP Virtual Robot Challenge 2022)을 아래와 같이 개최합니다. 여러분들의 많은 참여 부탁드립니다.   공식 대회 홈페이지: https://www.kvrc2022.com/◎ 명칭 : 제 2회 KHNP 원전 작업로봇 시뮬레이션 경진대회 [KVRC 2022]◎ 주최/주관 : 한국수력원자력(주)◎ 참가 자격 : 시뮬레이션을 활용한 비행 로봇(드론) 제어 기술에 관심이 있는 개인/단체/중소기업/학교◎ 참가 단위 : 개인,2022-10-18 13:22:44.0
컴퓨터정보통신공학과과,2023학년도 1학기 KIST 유럽연구소 글로벌 인턴십 프로그램 참가자 모집(~10/17 18:00),https://ce.jnu.ac.kr/bbs/ce/2114/829938/artclView.do,우리대학 학생들의 국제적 현장 실무 감각 및 업무 수행 능력 증진을 위해 2023학년도 1학기 KIST 유럽연구소 글로벌 인턴십 프로그램 참가자를 모집하고자 합니다.    1. 파견기간: 2023학년도 1학기2. 파견기관: KIST-Europe 연구소 (독일 자르브뤼켄 소재) 3. 추진일정 가. 선발공고 및 접수: 2022. 10. 12.(수) ~ 10. 17.(월) 오후 6시 나. 접수방법: 요청 서류(모집 계획 P. 3 참조)를 이메일 sammie@jnu.ac.kr 제출  다. 본교 추천인원 선정 및 발표: 2022. 10. 1,2022-10-17 14:47:28.0
컴퓨터정보통신공학과과,LG화학 2022년 동계 현장실습교육과정 모집 안내(10/17~21 17:00),https://ce.jnu.ac.kr/bbs/ce/2114/829937/artclView.do,"□ 추진일정추천학생 모집(학교)󰋯모집기간: 10.17(월) ~ 10. 21(금) 17:00까지󰋯직무별 희망학생 해당학과 문의- 제출처: 전남대학교 LINC 3.0 사업단 현장실습 담당, jjjno7@jnu.ac.kr모집분야󰋯생산기술, 공무(기계), 공무(전기), 환경서류 제출󰋯제출기간: 10. 21(금)까지󰋯추천서 및 추천인원 리스트 취합본을 현장실습 담당자가 LG화학 인재확보팀에 회신온라인 채용 설명회󰋯일자: 10. 21(금) 14:00 ~ 16:00󰋯화상회의 번호: 251 382 94349 (비밀번호: 693910)",2022-10-17 14:45:08.0
컴퓨터정보통신공학과과,2022 SK Tech Summit 안내,https://ce.jnu.ac.kr/bbs/ce/2114/829707/artclView.do,,2022-10-13 09:57:04.0
컴퓨터정보통신공학과과,2022 테스트기술워크샵 참여자 모집 공고(접수: ~10/17),https://ce.jnu.ac.kr/bbs/ce/2114/829644/artclView.do,"2022 테스트기술워크샵 참여자 모집 공고   ▶ 행사안내 - 행사명 : 2022 테스트기술워크샵 - 주   제 : 반도체 테스트 보드와 소켓의 최신 연구 동향 - 일   시 : 2022년10월 25일 화요일 13:30 - 장   소 : 수원컨벤션센터 203    ▶ 참여대상 - 광주 전남 소재 15개 대학 재학생 및 휴학생, 졸업생(졸업 후 2년 이내)   광주대, 광주여대, 남부대, 동강대, 동신대, 목포대, 목포해양대, 순천대, 순천제일대, 전남대, 전남과학대, 전남도립대, 조선대, 초당대, 호남대   ▶ 모집안내 - 모집기간",2022-10-12 14:53:36.0
컴퓨터정보통신공학과과,[인공지능혁신공유대학사업단] AI기반 아이디어 및 시스템 개발 경진대회 안내,https://ce.jnu.ac.kr/bbs/ce/2114/829611/artclView.do,"우리대학 및 인공지능혁신공유대학 사업단에서는 학생들의 현장 적응 능력 및 전공 역량 강화를 위해 다음과 같이  AI기반 아이디어 및 시스템 개발 경진대회 를 개최합니다. 가. 참가분야분 야내  용평가 방법Track A - AI 기반 서비스 개발 - 시청각을 이용한 AI 서비스 개발 - 자율주행을 이용한 AI 서비스 개발개발계획서 개발결과물 시연, 발표Track B - AI 기반 서비스 아이디어 공모 아이디어 기획(안), 발표  나. 참가대상: 전남대학교 재학생으로 구성된 팀(구성원 5명 이하) 또는 개인 다. 대회일정구분내용일정Tr",2022-10-12 10:15:21.0
컴퓨터정보통신공학과과,2022 전국민 참여 ICT 표준 챌린지(~10/14),https://ce.jnu.ac.kr/bbs/ce/2114/829599/artclView.do,"□ 공모개요    ㅇ (공 모 명)  2022 전국민 참여 ICT 표준 챌린지  공모전 ㅇ (주    최) 과학기술정보통신부 ㅇ (주    관) 한국정보통신기술협회 ㅇ (응모자격) 전 국민 누구나(개인 또는 3인 이내 팀) ㅇ (공모분야) 영상(3분 이내), 카드뉴스(8컷~10컷, 만화형식 포함), 삽화/포스터 등 ㅇ (공모주제) ICT 표준의 역할과 중요성을 알리는 작품         □ 접수기간 및 방법 ㅇ (접수기간) 〜 10. 14.(금) 까지 ㅇ (접수방법) 이메일 접수 contest@tta.or.kr - 제출서류: 응모신",2022-10-12 09:26:31.0
컴퓨터정보통신공학과과,2022 스마일게이트 윈터데브캠프 모집 (~10/19),https://ce.jnu.ac.kr/bbs/ce/2114/829596/artclView.do,"1. 모집대상- 미래 개발자를 꿈꾸며 3개월간 캠프에 참여 가능한 청년- 모집 지역 내 모임 및 협업 활동이 가능한 분 2. 모집지역- 경북, 경남, 전라/제주, 강원/충청 3. 모집 기간- ~ 10/19(수) 17:00* 모집 마감일은 전지역 동일합니다. 4. 주요활동- 현업 개발멘토 기본강의 수강- 팀 협업 및 대규모 개발 프로젝트 진행 5. 활동장소- 온라인 6. 활동기간- 3개월 (2022년 11월 말 ~ 2023년 2월) 7. 활동혜택- 현업 개발자의 멘토링 및 강의- 전문가 코드리뷰- 대규모 개발 프로젝트 경험- 매월 활",2022-10-12 09:23:00.0
컴퓨터정보통신공학과과,2022년 대학생을 위한 오픈소스SW 라이선스 교육 안내,https://ce.jnu.ac.kr/bbs/ce/2114/829585/artclView.do,"한국저작권위원회에서는 대학생을 대상으로 오픈소스SW 라이선스 교육을 아래와 같이 실시하오니, 관심있는 학생들의 참여바랍니다.   - 아     래 -    가. 교육내용: 오픈소스SW 라이선스의 이해 나. 교육대상: SW중심대학 및 일반대학 IT관련 학과 재학생 및 졸업예정자 다. 교육일시: 2022.10.20.(목) 15:00~17:00 라. 교육인원: 50명 내외 마. 교육방법: 온라인 zoom 교육 바. 신청방법: 정보전산원 담당자에게 전화 또는 이메일로 신청 ※ 신청자에게는 zoom 교육 주소를 e-mail로 별도 송부 예정",2022-10-11 20:18:30.0
컴퓨터정보통신공학과과,2022학년도 2학기 광주·전남 공동교육혁신센터 기초학력 증진 프로젝트 참여 안내(~10/12),https://ce.jnu.ac.kr/bbs/ce/2114/829393/artclView.do,"광주 전남 공동교육혁신센터에서는 5개 참여대학 대학생의 기초 학습역량 향상을 위한 2022학년도 2학기 기초학력 증진 프로젝트 참여자 모집을 다음과 같이 안내합니다.가. 개요 1) 프로그램명: 광주 전남 공동교육혁신센터 기초학력 증진 프로젝트 2) 운영기간: 2022년 10월 ~ 2023년 1월 3) 참여대상: 광주 전남 공동교육혁신센터 5개 참여대학 재학생 4) 주요내용: 기초과학 4개 교과목(수학, 물리, 화학, 생물) 온라인 학습콘텐츠 제공 나. 신청 1) 신청기간: 2022. 10. 7.(금) ~ 10. 12.(수) 2) 신",2022-10-07 11:57:08.0
컴퓨터정보통신공학과과,제17회 KOTRA 외국인투자기업 채용박람회 안내(11/14~15),https://ce.jnu.ac.kr/bbs/ce/2114/829385/artclView.do,"KOTRA에서는 외국인투자기업의 우수 인재 확보 및 청년 구직자의 취업 지원을 위해 「제17회 외국인투자기업 채용박람회」를 개최하고, 다음과 같이 안내합니다. □ 행사개요○ 행 사 명: 제17회 외국인투자기업 채용박람회○ 일시/장소: 2022. 11. 14(월) - 15(화) 양일 진행/ COEX 3층 D hall○ 주최/주관: 산업통상자원부/ KOTRA, 서울특별시, 금융감독원○ 개최규모: 국내소재 외국인투자기업 180여개사, 구직자 약 10,000명(예상)○ 프로그램 #9312; 기업상담관: 기업 HR담당자와 1:1 대면상담 진",2022-10-07 11:13:07.0
컴퓨터정보통신공학과과,2022학년도 하반기 도전장학(미래) 선발 안내(~10/26),https://ce.jnu.ac.kr/bbs/ce/2114/829353/artclView.do,"「2022학년도 하반기 도전장학(미래) 선발 계획」을 다음과 같이 공고하오니 우수한 인재들이 많이 신청할 수 있도록 홍보하여 주시기 바랍니다.가. 장학생 선발 1) 자격: 2023년 2월 학사과정 졸업예정자로서 2023학년도 전기 우리 대학교 일반대학원에 진학하려는 일반전형 학생(학 석사연계과정생도 지원 가능)  ※ 직전학기 성적 평균평점 2.5이상 (전남대학교 장학규정 제3조(장학생의 자격)) 2) 장학금: 인문사회계열 1,700천원, 자연예체능계열 2,300천원  ※ 단, 지원액은 가용예산 범위에 따라 다소 변동 가능 3) 제출",2022-10-07 09:21:09.0
컴퓨터정보통신공학과과,2022 대국민미래과학기술 아이디어 오디션 개최 안내(접수: ~10/14),https://ce.jnu.ac.kr/bbs/ce/2114/829223/artclView.do,,2022-10-05 17:03:38.0
컴퓨터정보통신공학과과,2022학년도 2학기 글로벌커뮤니케이션잉글리쉬 학점 미취득자 교과목 이수 안내(~12/16),https://ce.jnu.ac.kr/bbs/ce/2114/829093/artclView.do,"2014~2018학년도 신입학자, 2016~2020학년도 편입학자 중 글로벌커뮤니케이션잉글리쉬(이하 글커잉) 교과목 학점 미취득 학생은 아래 글로벌커뮤니케이션잉글리쉬 대체 방안 중 택1하여 이수바랍니다. 글로벌커뮤니케이션잉글리쉬 학점 미취득시 졸업이 불가하오니 이 점 유의바랍니다. 1. 대상자 : 글커잉 학점 미취득자 중 2022학년도 2학기 글커잉 성적 인정 희망자 2. 대체 방안 (택 1)  1) 대체교과목 이수 : 해당 교과목 중 1과목 이수   교과목명 학점 비고   기초영어 3 #9312;대체교과목 중 기 이수교과목이 있는",2022-10-04 15:57:37.0
컴퓨터정보통신공학과과,[LINC 3.0사업단] 2022년 2학기 캡스톤디자인 지원 설명회 개최 안내,https://ce.jnu.ac.kr/bbs/ce/2114/829078/artclView.do,"우리대학 재학생들의 취 창업역량 강화 및 캡스톤디자인 교과목 운영의 성과확산을 위하여 「2022년 2학기 캡스톤디자인 지원 설명회」를 개최합니다.    1. 행사 명: 2022년 2학기 캡스톤디자인 지원 설명회연번구분일시장소비고1여수캠퍼스2022. 10. 6.(목), 10:30~12:002공학관 118호   2광주캠퍼스2022. 10. 12.(수), 15:30~17:00G R Hub 1층 세미나실   3온라인2022. 10. 13.(목), 16:00~17:00Zoom 활용(회의ID: 895 966 5978)    2. 일시 및 장소",2022-10-04 14:50:01.0
컴퓨터정보통신공학과과,[대학교육혁신본부] iU-GJ글쓰기상담실 운영 안내,https://ce.jnu.ac.kr/bbs/ce/2114/829018/artclView.do,"대학교육혁신본부에서는 학생들의 글쓰기 역량을 강화하기 위하여 을 운영하고 있습니다.iU-GJ 글쓰기 상담실에서는 학생들이 언제든지 편리하게 온라인 상에서 글쓰기 상담을 신청할 수 있고, 상담 결과 또한 온라인으로 확인 가능합니다. 학생들의 많은 참여 바랍니다. ■ iU-GJ 글쓰기 상담실 : https://iugj.iwcc.kr ■ 신청 대상 : 광주전남 지역고교생, 광주전남지역혁신 참여대학 재학생  ※ 광주전남지역혁신 참여대학 : 광주대학교, 광주여자대학교, 남부대학교, 동강대학교, 동신대학교, 목포대학교, 목포해양대학교, 순천대",2022-10-04 09:15:03.0
컴퓨터정보통신공학과과,[LINC 3.0사업단]2022년 2학기 캡스톤디자인 교과목 지원 안내(~10/31),https://ce.jnu.ac.kr/bbs/ce/2114/828909/artclView.do,"재학생의 취 창업역량강화를 위한 2022년 2학기 캡스톤디자인 교과목에대하여 지원하고자 하오니 참여바랍니다.    가. 지원 대상: 캡스톤디자인 교과목 수강생 중 사업단 참여학과(부) 3,4학년 및 대학원생 나. 지원 내용연번유형지원 내용지원 금액1일반형재료비, 실험비, 회의비재학생 1인 기준 20만원2기업연계형재료비, 실험비, 회의비재학생 1인 기준 30만원3기업연계 기반학제간 융합형재료비, 실험비, 회의비재학생 1인 기준 30만원4글로벌형재료비, 실험비, 회의비재학생 1인 기준 30만원: 세부내용 [붙임]참조 다. 지원 기간:",2022-09-29 14:39:19.0
컴퓨터정보통신공학과과,[인공지능혁신공유대학사업단] 2022년 인공지능 시스템 개발 경진대회 안내(접수: 9/26~10/7),https://ce.jnu.ac.kr/bbs/ce/2114/828882/artclView.do,"인공지능혁신공유대학사업단과 AI융합대학에서는 『2022년 인공지능 시스템 개발 경진대회』를 다음과 같이 개최하오니 관심있는 학생의 참여를 위하여 홍보 요청 드립니다.   1. 대회 개요 가. 목적  1) AI 분야의 우수인재 발굴, 양성, 연구 저변 확대 및 인공지능혁신공유대학사업단의 교육성과 확산과 대국민 수용성 증    대  2) 인공지능혁신공유대학사업단이 보유한 실험 실습 장비를 효율적으로 활용    나. 대상  1) 전남대학교 재학생  2) 1팀/5명 이하 학생이 참여(지도 교수/대학원생 지도)    다. 장소: 추후공지",2022-09-29 10:04:40.0
컴퓨터정보통신공학과과,[인공지능혁신공유대학사업단] AWS 클라우드 활용 특강 안내(신청: ~9/30),https://ce.jnu.ac.kr/bbs/ce/2114/828726/artclView.do,◎ 신청 날짜 : ~9월 30일(금)까지◎ 수강 날짜 : 10월 04일(화)~10월 05일(수)◎ 신청 링크 : https://forms.gle/rrtT7NUC5vdSht627,2022-09-27 10:54:33.0
컴퓨터정보통신공학과과,2022학년도 2학기 수강취소 안내(9/26~27 17:00),https://ce.jnu.ac.kr/bbs/ce/2114/828675/artclView.do,2022학년도 2학기 수강취소와 관련하여 다음과 같이 안내하오니 수강 취소를 희망하는 학생들은 지정된 기간 내에 신청바랍니다.❍ 신청기간: 2022. 9. 26.(월) 09:00 ~ 9. 27.(화) 17:00❍ 취소절차: 학생이 인터넷으로 포털에서 직접 수강취소 신청 교과목 개설학과에서 취소 승인❍ 취소방법: 전남대학교 포털사이트(http://portal.jnu.ac.kr)에 접속한 후  교육지원 내학사행정 수업 수강신청 수강취소 신청  선택❍ 수강취소 과목범위  - 수강취소 신청과목은 2과목 이내로 하되 취소 후 수강학점은 1학,2022-09-26 16:01:43.0
컴퓨터정보통신공학과과,「광주광역시와 함께 찾는 내일 박람회」안내(9/29~30),https://ce.jnu.ac.kr/bbs/ce/2114/828636/artclView.do,"가. 행사명 : 광주광역시와 함께 찾는 내일 박람회 (9.29.(목) ~ 30.(금), 2일간)  ※ 온라인채용관 운영 : kepiworkfair.com (9.13.(화) ~ 10.5.(수))나. 장소 : 김대중컨벤션센터 다목적홀(서구 상무누리로 30, 1층)다. 주최 : 광주지방고용노동청, 광주광역시, 북구, 광산구라. 주관 : 한국고용정책연구원, 광주경제고용진흥원마. 참가자 혜택  - 구직등록 작성 후 연내 면접 시 5만원 면접비 지원 (※예산소진시까지)  - 워크넷 가입 동의 및 개인정보활용동의 필수  - 경품 추첨 행사 (태",2022-09-26 14:45:41.0
컴퓨터정보통신공학과과,[인공지능혁신공유대학사업단] COSS 서포터즈 추가 모집 안내(9/20~30),https://ce.jnu.ac.kr/bbs/ce/2114/828374/artclView.do,"전남대학교 인공지능혁신공유대학사업단에서는 디지털 혁신공유대학사업을 홍보하고 학생들의 혁신공유대학사업 참여를 활성화하기 위하여 아래와 같이 COSS 서포터즈를 모집하오니 많은 관심과 지원 부탁드립니다.1. 목적  : 디지털 혁신공유대학사업 홍보 및 학생들의 혁신공유대학사업 참여 제고2. 모집 대상  가. 참여학과 재학생 중 혁신공유대학사업에 관심이 있는 학생으로 혁신공유대학사업의 홍보와 참여할 수 있는 학생  나. 인스타그램, 유튜브, 블로그 등 SNS 활동 및 매체 활용이 가능한 학생  다. 그래픽 편집, 글쓰기, 영상 편집 등 콘",2022-09-22 14:08:06.0
컴퓨터정보통신공학과과,2022학년도 2학기 런투런 및 학습코칭 운영 안내(~2023.1.20.),https://ce.jnu.ac.kr/bbs/ce/2114/828150/artclView.do,"교육혁신본부 교수학습센터는 맞춤형 학습지원을 통한 대학생의 자기주도 학습역량 강화를 위해 런투런 및 학습코칭 프로그램을 운영하고 있습니다. 이번 학기에 런투런 및 학습코칭 프로그램을 통해 대학생들이 학습습관 등을 개선하는 데 도움을 받을 수 있으니 참여바랍니다. 1) 프로그램 소개프로그램 명내용런투런(Run to learn)ㆍ학업저성취자 대상 일대일 학습 및 정서 상담ㆍ방식: 대면 또는 비대면(Zoom), 최소 3일 전에 신청ㆍ내용: 학습동기, 학습전략, 학습목표, 정서 및 스트레스 등 상담온라인 학습코칭ㆍ학습전략 수준 파악 후 맞",2022-09-20 10:33:36.0
컴퓨터정보통신공학과과,2022학년도 2학기 면담지도교수 배정 내역,https://ce.jnu.ac.kr/bbs/ce/2114/828117/artclView.do,2022학년도 2학기 면담지도교수 배정 내역 아래와 같습니다. ◎ 면담 방법 : 교수님과 사전 연락 후 방문  (연락처 안내 : 학과소개   교수진   교수 / 교수진 소개(클릭)) ※ 면담 지도교수님과의 상담 내역이 자계부에 등록되면 장학사정시 점수(진로상담) 반영됨(장학안내(클릭)) ◎ 지도교수 찾기 : Ctrl + F   본인 학번 검색  교수명학번교수명학번교수명학번교수명학번교수명학번김명진154678김영철223373남지승172737박재형195381박호성201660김명진184750김영철164206남지승223386박재형175762,2022-09-20 09:40:11.0
컴퓨터정보통신공학과과,2022학년도 제2학기 최종 등록(9/29~30 16:00) 및 휴학 신청 기간 안내,https://ce.jnu.ac.kr/bbs/ce/2114/828115/artclView.do,"우리 대학교에서는 2022학년도 제2학기 최종 등록기간을 다음과 같이 공고하오니 등록금을 납부하지 못한 학생은 기한 내에 등록금을 납부하시기 바랍니다. ■ 다 음 ■1. 기 간 : 2022. 9. 29.(목) ~ 9. 30.(금) 16:00 [2일간]➣ 2022. 2학기 수업연한 초과자도 위 기간 내에 등록금 납부2. 납부장소 : 광주은행, 농협(지역농협 포함), 국민은행, 신한은행 전국 본 지점3. 휴학 신청 : 전남대포털➝로그인➝교육지원➝내학사행정➝학적➝휴학신청   ◇ 휴학 신청기간 ◾ 일반휴학(미등록) : 2022. 9. 29",2022-09-20 09:31:03.0
컴퓨터정보통신공학과과,2022학년도 전기(2023년 2월 졸업예정) 외국어영역 점수 및 논문 제출 안내,https://ce.jnu.ac.kr/bbs/ce/2114/827798/artclView.do,○  제출 안내졸업자격 영역전공영역(논문)외국어영역(공인어학시험 성적표)제출대상2023년  2월 졸업예정자2019학년도 이후 입학한 23년 2월 졸업예정자 중 생활영어1 또는 생활영어2 미이수자제출기간'22. 12. 14.(수) ~ '23. 1. 17.(화)1차(졸업예비사정) : '22. 10. 19.(수) ~ '22. 11. 8.(화) 2차(졸업사정) : '22. 12. 14.(수) ~ '23. 1. 17.(화)제출서류1. 논문 1부.(제본 필수) ▸ 교수님께 최종 확인 받은 후 제본 진행 ▸ 최종 논문 내지에 지도교수 서명 또,2022-09-16 15:50:34.0
컴퓨터정보통신공학과과,외국인 유학생 관련 학사 및 체류관리 안내 자료,https://ce.jnu.ac.kr/bbs/ce/2114/827603/artclView.do,"외국인 유학생의 원활한 학사적응과 정착지원을 위하여 학사 및 체류관리 관련 자료를 붙임과 같이 안내하오니, 적극 활용바랍니다.◎ 안내 자료   구분 구분 주요 언어 내용 비고   정보 안내 플랫폼 E-guidebook 영문, 중문 - 학사 및 체류(비자)관련 기본사항 등 https://international.jnu.ac.kr/Academic/GuideBook   인스타그램 국문, 영문 - 유학생 대상 교내 외 문화체험, 학사 및 한국생활 정보 카드뉴스 형태로 제공 계정명: @chonnam_oia   유튜브 국문, 영문 - 유학생",2022-09-15 09:45:53.0
컴퓨터정보통신공학과과,수사기관 사칭 ‘보이스피싱’ 주의 안내,https://ce.jnu.ac.kr/bbs/ce/2114/827538/artclView.do,"최근 검찰 경찰 등을 사칭하며 범죄에 연루되었다는 기관사칭형 보이스피싱이 다시 증가하고 있습니다. 비교적 사회경험이 적은 20대 이하의 피해자가 가장 많으며, 30대부터 60대 이상까지 적지 않은 피해가 발생하고 있습니다. 특히, 다액피해는 사회생활을 오래 한 40대 이상에게 발생하는 경우가 많습니다. ※ 최근 41억 원 보이스피싱 피해 발생(의사) - [KBC뉴스] 참조일반인들이 수사기관의 조사 등을 거의 경험하지 못한 상태라는 점을 악용하여 강압적인  목소리로 협박하고, 판단력이 흐려진 피해자에게 현금 인출 전달 및 계좌이체 등",2022-09-14 15:15:09.0
컴퓨터정보통신공학과과,"[인공지능혁신공유대학사업단] 2022년 2학기 캡스톤디자인 과제 모집 안내(~9/30, 기간연장)",https://ce.jnu.ac.kr/bbs/ce/2114/827452/artclView.do,"인공지능혁신공유대학사업단에서는 2022년 2학기 캡스톤디자인 과제 모집을 아래와 같이 안내하오니 많은 관심 부탁드립니다. 1. 사업목적 가. 학생들 스스로 기획 및 설계, 제작을 통하여 창의성과 실무능력을 함양함과 동시에 협업을 통한 상호 복합적인 팀워크 능력을 보유한 창의인재 육성 및 취업활성화에 기여 나. 인공지능혁신공유대학사업단 참여학과의 학생들이 융합과정에서 습득한 학문 지식을 바탕으로 한 실무형 인재양성 2. 신청대상 가.『인공지능혁신공유대학사업』5개 참여학과의 캡스톤디자인 교과목 수강생 나. 2022년 2학기 캡스톤디자인",2022-09-14 09:19:42.0
컴퓨터정보통신공학과과,2022년 하반기 학·석사학위연계과정 학부연구생 장학사업 선발 계획 안내(~9/15),https://ce.jnu.ac.kr/bbs/ce/2114/827441/artclView.do,구분  2022년 하반기  학 석사학위연계과정 학부연구생 장학사업 비고   신청자격 1. 학 석사학위연계과정생으로 선발되어 재학 중인 자 - 4학기 이상 재학자로서 수업연한 이내 자 2. 지원연구실 지도예정교수 추천을 받은 자 선발가능 인원 기존: 55명 신규: 97명   신청기간 '22. 9. 15.(목) 11시 까지     선발절차 1. 지원신청서 작성(신청자) 2. 추천서 작성(지도예정교수) 3. 추천자명단 제출(학장) 4. 선발 확정 및 공고(대학원혁신본부)     활동기간 '22. 9. 20.(화) ~  23. 1.,2022-09-13 18:06:21.0
컴퓨터정보통신공학과과,2022학년도 2학기 교과구분 정정 신청 안내(~9/20),https://ce.jnu.ac.kr/bbs/ce/2114/827431/artclView.do,"1. 신청 대상  : 휴 복학에 따른 교과과정 적용년도 변경, 부 복수전공 선발, 모집단위간이동(전과) 및 국내 타대학 교류로 인한 교과구분 상이 학생 ▶ 교육과정 적용 기준 : 당초 입학년도 교육과정 적용, 단, 학적변동(복학, 재입학)으로 입학년도 교육과정 적용이 어려울 경우 복학하는 학년도의 소속학년 학생이 입학했던 당시의 교육과정으로 변경 할 수 있음. 2. 신청 유의사항  1) 휴 복학 및 전과에 따른 교과과정 적용년도 변경자의 경우 적용받는 교과과정에 따라 필수 과목이 달라질 수 있으므로 교과과정 적용년도 반드시 확인",2022-09-13 17:12:39.0
컴퓨터정보통신공학과과,[공학교육혁신센터] 2022 Capstone Design 지원사업(추가모집)(~9/16),https://ce.jnu.ac.kr/bbs/ce/2114/827383/artclView.do,"공학교육혁신센터에서는 전공 이론 및 실습과정을 바탕으로 축적한 문제해결능력을 토대로, 산업체 또는 지역사회가 필요로 하는 Capstone Design 프로젝트 주제를 발굴하여 창의성, 실무능력, 팀 워크 등 실무능력 향상에 도움을 주고자 『2022 Capstone Design 지원사업(추가모집)』 다음과 같이 실시하고자 합니다.1. 지원 분야지원 분야내 용모집인원(팀)비고Capstone Design 지원사업다학제형다양한 전공으로 구성된 팀 간 융합 프로젝트 수행6팀 이상2개 이상의 非유사계열 전공사회기여형지역사회의 다양한 문제들을",2022-09-13 14:55:57.0
컴퓨터정보통신공학과과,AI·Cloud 인재양성 아카데미 중급과정 참여자 모집 안내(~9/14),https://ce.jnu.ac.kr/bbs/ce/2114/827380/artclView.do,"광주전남지역혁신플랫폼 지역사회혁신본부에서는 전남대학교(평생교육원)와 네이버 클라우드, 으뜸정보기술과 함께 실무형 AI 클라우드 인력 양성 교육 프로그램을 운영합니다. AI 클라우드 기술에 관심있는 대학(원)생들의 많은 참여 바랍니다. ​ ○ 참여대상 - 광주∙전남권 소재 15개 대학 소속 대학(원) 재학생, 휴학생, 졸업생 (졸업 후 2년 이내) ​ ※ 광주∙전남권 소재 대학 (15교) - 광주권(7): 광주대, 광주여대, 남부대, 동강대, 전남대, 조선대, 호남대 - 전남권(8): 동신대, 목포대, 목포해양대, 순천대, 순",2022-09-13 14:51:48.0
컴퓨터정보통신공학과과,2022년 우주전파재난 예측 인공지능(AI) 경진대회 개최 안내(접수: 9/13~11/14),https://ce.jnu.ac.kr/bbs/ce/2114/827335/artclView.do,"국립전파연구원 우주전파센터에서는 우주전파환경 관측데이터 분석에 AI 기술을 접목하고, 우주전파재난에 대한 관심 유도와 저변 확대를 위해 다음과 같이 「2022년 우주전파재난 예측 인공지능(AI) 경진대회」를 개최하오니 많은 참여바랍니다. 가. 대 회 명: 2022년 우주전파재난 예측 AI 경진대회 나. 주최/주관: 국립전파연구원 우주전파센터    ※ 협력: 한국지능정보사회진흥원(NIA) 다. 주요내용: 위성 태양풍 관측자료와 국내 지구자기장 관측자료를 활용한 한반도 지자기 교란 지수 예측 모델 개발 라. 참가대상: 대한민국 국민 모",2022-09-13 11:30:24.0
컴퓨터정보통신공학과과,2022년도 예비군 기본훈련 2차(8H) 대상자 안내,https://ce.jnu.ac.kr/bbs/ce/2114/827273/artclView.do,"2022년도 예비군 기본훈련 2차(8H) 대상자를 붙임과 같이 알려드리니 훈련 대상자는 확인 바랍니다.가. 훈련대상 : 대학직장 예비군에 편성된 교수, 학생   ※ 졸업, 휴학, 수업연한 초과(졸업/수료 유보), 수료자는 참석 불가나. 훈련장소 : 제503보병여단 3대대(삼각산 예비군훈련장)다. 훈련일정 : 대상자에게 별도 문자 발송구 분10.11.(화)10.12.(수)인 원218203라. 유의사항1) 개인별 훈련일자 안내   ※ 동일 학과 소속이라도 훈련 일자가 다르므로 반드시 확인2) 지정된 훈련기간 내 참석이 제한되는 학생은",2022-09-13 09:43:10.0
컴퓨터정보통신공학과과,ECONOVATION 24기 신입회원 모집 안내(9/5~16 23:59),https://ce.jnu.ac.kr/bbs/ce/2114/826855/artclView.do,"💙ECONOVATION 24기 신입회원 모집 안내💙안녕하세요. 전남대학교 IT 개발 동아리 에코노베이션입니다.에코노베이션과 함께할 2022년 2학기 신입회원을 모집합니다.👏👏👏 😢 전공이 코딩과 무관하다고요?🤓 코딩이 처음이라고요?🤔 코딩에 관심은 많지만 조언을 구할 사람이 없다고요? 에코노베이션은  열정   협업   성실  만 있다면 실력에 상관없이 누구든지 지원하실 수 있습니다! 😆 ⭐  모집분야웹, 애플리케이션, 게임, AI, AR/VR 개발 분야IT 관련 디자인 / 기획(PM) 분야 ⭐  모집대상3학기 이상",2022-09-06 15:42:05.0
컴퓨터정보통신공학과과,2022학년도 동계 계절학기 개설교과목 수요조사 실시 안내(9/8~16),https://ce.jnu.ac.kr/bbs/ce/2114/826733/artclView.do,우리 대학 학생을 대상으로 2022학년도 동계 계절학기 개설교과목에 대한 수요조사를 다음과 같이 실시합니다. 가. 신청기간: '22. 9. 8.(목) ~ 9. 16.(금) 나. 신청대상: 계절학기 수강 희망 학생 다. 신청방법: 전남대학교 포털(http://portal.jnu.ac.kr) 로그인 교육지원 내 학사행정 수업 계절학기 계절수업 개설과목 수요조사 라. 기타: 2과목까지 수요조사 신청 가능   ※ 담당자: 학사과 임지영(530-1063)   붙임  계절학기 개설교과목 수요조사 방법 안내 1부. 끝.,2022-09-05 17:13:07.0
컴퓨터정보통신공학과과,2022학년도 2학기 감성공감 참여 안내(9/13~25),https://ce.jnu.ac.kr/bbs/ce/2114/826729/artclView.do,"교육혁신본부 교수학습센터에서는 우리대학 핵심역량 중 감성역량의 세부역량인 문화예술역량 향상을 목적으로 감성공감을 2학기에 새롭게 운영합니다. 1) 감성공감 공모 내용구분내용신청 기간ㆍ2022. 9. 13.(화) ~ 9. 25.(일) 까지신청 대상ㆍ전임교수, 대학생(전 학년)모둠 구성ㆍ전임교수 1명 + 대학생 3~4명모임 내용ㆍ교수와 학생이 문화예술역량 향상을 목적으로 문화예술(독서, 영화, 전시회, 음악회 등) 활동 후 역사, 문화, 철학(가치), 시사(정책) 분야 등 자유롭게 주제를 선정하여 토론하는 모임신청 방법ㆍ교육혁신본부 누",2022-09-05 17:11:22.0
컴퓨터정보통신공학과과,2022학년도 2학기 시민역량 제작소 참여 안내(9/1~13),https://ce.jnu.ac.kr/bbs/ce/2114/826727/artclView.do,"교육혁신본부 교수학습센터에서는 우리대학 핵심역량 중 공동체역량의 세부역량인 시민역량 강화를 위해 시민역량 제작소를 2학기에 새롭게 운영합니다. 1) 신청 기간: 2022년 9월 1일(목)~9월 13일(화)2) 신청 대상: 본교 대학생3) 신청 형태: 모둠(구성원 4~5명) 또는 개인(공모 마감 후 모둠 형성 지원)4) 신청 방법: 교육혁신본부 누리집(https://ile.jnu.ac.kr)5) 활동 내용: 시민역량 이해 및 실천 활동6) 활동 주제: 17가지 지속 가능한 발전 목표(SDGs) 등7) 참여 혜택: 모둠활동인증 장학금,",2022-09-05 17:09:57.0
컴퓨터정보통신공학과과,2022학년도 2학기 실험실습교과목 수강생 안전교육 이수 안내(~9/30),https://ce.jnu.ac.kr/bbs/ce/2114/826723/artclView.do,"2022학년 2학기 과학기술분야 연구실의 연구활동종사자에 대한 안전교육을 아래와 같이 실시하오니 교육대상자는 안전교육을 반드시 이수바랍니다.  (교육방법) 연구실안전관리통합시스템(http://safety.jnu.ac.kr) 또는 모바일안전교육(msafety.jnu.ac.kr)을 통한 안전교육 이수(붙임2, 3의 매뉴얼 참조)  ※ 코로나19 상황에 따라 신규, 정기 교육대상 구분없이  온라인 이수  가능(한시적)  (교육기간) 2022. 8. 22.(월) ~ 2022. 9. 30.(금)  (교육대상) 교수, 조교, 직원, 대학",2022-09-05 17:07:52.0
컴퓨터정보통신공학과과,2022학년도 2학기 광주전남권역 대학원격교육지원센터 스마트 학습기기 대여 서비스 안내(8/30~9/25),https://ce.jnu.ac.kr/bbs/ce/2114/826323/artclView.do,광주전남권역 대학원격교육지원센터에서는 2022학년도 2학기를 맞아 권역 내 학습자의 원격수업 참여 독려 및 취약계층 학습자의 원격강좌 학습 지원을 위하여 스마트 학습기기 대여 서비스를 아래와 같이 운영합니다.가. 사업내용: 원격강의 수강을 위한 노트북 컴퓨터 대여나. 대여수량: 50대(1인 1대로 제한)다. 참여대상: 광주전남권역 내 대학생라. 신청기간: 2022. 8. 30.(화) ~ 9. 25.(일)(기간연장)마. 결과발표: 2022. 9. 14.(수) 14:00 권역센터 통합 누리집(www.gjudec.com) 공지사항바. 대,2022-08-31 16:49:52.0
컴퓨터정보통신공학과과,"2022학년도 2학기 동행장학생 선발 안내(9/14~30, 기간연장)",https://ce.jnu.ac.kr/bbs/ce/2114/826317/artclView.do,"2022학년도 2학기 동행장학생 선발을 다음과 같이 시행하오니 많은 학생들의 지원바랍니다. 가. 선발인원: 168명(학업장려유형 111명, 취업지원유형 57명)나. 장학금액(1인당): 1,800,000원다. 접수기간: 2022. 9. 14.(수) 09:00 ~ 9. 30.(금) 18:00 (휴일포함)라. 지원(신청) 방법 - 전남대학교 포털사이트(http://portal.jnu.ac.kr) 로그인   교육지원   내 학사행정   장학   동행장학금 신청에 접속하여 지원서 및 계획서 작성마. 선발계획: 붙임 및 홈페이지 공지사항 공고",2022-08-31 16:46:45.0
컴퓨터정보통신공학과과,AI·Cloud 인재양성 아카데미 초중급과정 참여자 모집 안내,https://ce.jnu.ac.kr/bbs/ce/2114/826265/artclView.do,붙임 1. AI Cloud 인재양성 아카데미 초중급과정 참여자 모집요강,2022-08-31 11:57:57.0
컴퓨터정보통신공학과과,[소프트웨어중심대학사업단] 학부-대학원 공동운영 프로그램(그룹스터디) 모집 안내,https://ce.jnu.ac.kr/bbs/ce/2114/826260/artclView.do,붙임  1. 2022년 전남대학교 소프트웨어중심대학사업 학부-대학원 공동운영 프로그램 계획[2학기] 1부.       2. 2022년 전남대학교 소프트웨어중심대학사업단 학부-대학원 공동운영 프로그램 신청서양식 1부.,2022-08-31 11:38:50.0
컴퓨터정보통신공학과과,[소프트웨어중심대학사업단] 2022년 SW교학상장 프로그램 안내,https://ce.jnu.ac.kr/bbs/ce/2114/826259/artclView.do,붙임  1. 2022년 전남대학교 소프트웨어중심대학사업단 SW교학상장 프로그램 운영 계획(2학기) 1부.       2. 2022년 전남대학교 소프트웨어중심대학사업단 SW교학상장 프로그램 제출서류양식 1부.,2022-08-31 11:35:57.0
컴퓨터정보통신공학과과,2022학년도 제2학기 추가 등록기간 안내(9/14~16 16:00),https://ce.jnu.ac.kr/bbs/ce/2114/825956/artclView.do,"우리 대학교에서는 2022. 8. 22.(월) ~ 8. 25.(목) 등록을 실시하였으나 아직까지 등록금을 납부하지 못한 학생이 있어 다음과 같이 추가 등록기간과 휴 복학 기간을 설정 시행하오니 기간내에 등록금 납부와 휴 복학하시기 바랍니다. ■ 다 음 ■1. 등록금 납부 기간 : 2022. 9. 14.(수) ~ 9. 16.(금) [3일간] 16:00까지➣ 2022. 2학기 수업연한 초과자도 위 기간 내에 등록금 납부2. 납부장소 : 광주은행, 농협(지역농협 포함), 국민은행, 신한은행 전국 본 지점3. 휴‧복학 신청 : 전남대포털➝",2022-08-29 09:21:56.0
컴퓨터정보통신공학과과,2022학년도 2학기 중 광주시내 통학버스 운행 안내,https://ce.jnu.ac.kr/bbs/ce/2114/825743/artclView.do,"2022학년도 2학기 중 광주시내 통학버스를 다음과 같이 운행하고자 합니다. 가. 운행목적: 재학생 등교 지원  나. 운행기간: 2022. 09. 01.(목) ~ 2022. 12. 20.(화) [토, 일, 공휴일 제외] 다. 운행노선 및 운행시간 1) 농성동/광천동 방면횟수양동 주공아파트농성역교원공제회관광천지구대옆 (롯데하이마트)무등경기장경신여고사거리학교 (용봉탑)1회07:3507:4007:4307:4507:4807:5007:552회08:1508:1808:2108:2508:2808:3008:40 2) 첨단방면 횟수첨단 월계중 금호아",2022-08-24 14:01:07.0
컴퓨터정보통신공학과과,2022학년도 2학기 셔틀버스(광주↔여수캠퍼스) 운행 안내,https://ce.jnu.ac.kr/bbs/ce/2114/825737/artclView.do,"2022학년도 2학기 행정업무 지원을 위한 셔틀버스를 다음과 같이 운행하고자 합니다. 가. 운행 목적: 광주 여수캠퍼스간 행정업무 지원 나. 운행 기간: 2022. 09. 01.(목) ~ 12. 20.(화) [토, 일, 공휴일 제외] 1) 운행 방식: 학사운영에 따른 단계별 버스 운행 2) 학사운영에 따른 단계별 버스 운행 계획학사운영 방안셔틀버스 운행현황탑승인원비 고대면수업학기 중 운행시간 적용탑승 정원(41~44명)※ BCP 비상대책위원회에서 결정된 학사운영 방안에 따라 셔틀버스 운행제한적 대면수업(1단계, 1주 기준 교내 확진",2022-08-24 13:50:21.0
컴퓨터정보통신공학과과,2021학년도(제70회) 후기 학위수여식 안내(학위복 대여: 8/26),https://ce.jnu.ac.kr/bbs/ce/2114/825701/artclView.do,"□ 학위수여식가. 일시: 2022. 8. 26.(금) 10:00나. 장소: 민주마루다. 메타버스 기반 학위수여식: 학위수여식 및 홍보 영상 게시, 학위수여자 명단 Wall, 아바타 학위복 등라. 졸업증서, 학위기 및 상장 배부 : 학과 배부(공7-226)마. 학위복(학사,석사,박사) 대여  - 대여기간 : '22. 8. 26.(금) 9시~11시 50분  - 대여장소 : 공7-226",2022-08-24 10:36:09.0
컴퓨터정보통신공학과과,2021학년도 후기(2022년 8월) 학부 졸업대상자 졸업여부 확인 안내(~8/19 18:00),https://ce.jnu.ac.kr/bbs/ce/2114/825346/artclView.do,"2021학년도 후기(2022년 8월) 졸업대상자의 졸업여부를  미리해본 졸업사정 에 반영하였기에 알려드리니, 해당 학생은 사전에 졸업 가능여부를 확인 바랍니다.가. (학생) 졸업 가능여부 확인기간: 2022. 8. 19.(금) 18:00까지나. (단과대학) 졸업사정 결과 변경 공문 제출 기한: 2022. 8. 19.(금) 18:00까지다. 졸업가능 여부 확인 방법: 우리 대학 포탈 로그인   내학사행정   졸업   졸업자격확인   미리해본졸업사정o 졸업여부에 나타나는 결과  - 졸업확정자:  졸업확정     - 수료자:  학위취득예",2022-08-18 17:57:43.0
컴퓨터정보통신공학과과,2021학년도 후기 학위수여식 추진을 위한 축하 응원메시지 및 영상 제출(~8/22 11:00),https://ce.jnu.ac.kr/bbs/ce/2114/825310/artclView.do,"2021학년도 후기 학위수여식 추진을 위한 축하 응원메시지 및 축하 영상 제출을 요청드리오니 협조하여 주시기 바랍니다. ▣ 요청 내용 ▣   구분 내 용   활용 계획 『CNU 메타버시티 기반 학위수여식』을 이용하여 축하 메시지 및 영상 게시 - 메타버스 플랫폼 안에 학부 및 대학원 졸업생 대상의 졸업 축하 플래카드(현수막) 및 영상을 게시하여, 학생들에게 실제 행사가 거행되는 현실감 제공   축하 응원 메시지 - 학생들이 제작한 플래카드(현수막) 원본파일(JPG 등) 제출 - 디자인 시안 원본 파일로 제공 요망 ※ 학과(부)별 2",2022-08-18 15:34:26.0
컴퓨터정보통신공학과과,2022학년도 2학기 학생건강검진 실시 안내(8/24~9/8),https://ce.jnu.ac.kr/bbs/ce/2114/825308/artclView.do,"보건진료소에서는 학생 개인의 건강관리를 위해 (연 1회)건강검진을 권장하고 있습니다.    1. 건강검진 일시 및 장소  - 2022. 8. 24.(수) ~ 9. 8.(목) / 09:30~11:30, 13:00~16:30 - 광주캠퍼스 보건진료소(제1학생마루 2층)    2. 검진 대상자 가. 생활관 입주 희망자 중 건강검진이 필요한 학생 나. 재학생(본인 건강상태 점검)    3. 건강검진 항목 및 비용  - 항목: 기초체격, 혈압, 소변(요단백, 요당), 혈액(B형간염, 빈혈(여학생)), 흉부 X선 - 비용: 3,000원(학생의",2022-08-18 15:31:10.0
컴퓨터정보통신공학과과,2022학년도 동계 국제자원활동 단원 모집 안내,https://ce.jnu.ac.kr/bbs/ce/2114/825307/artclView.do,"코로나19 사회적 거리두기 완화와 라오스 출입국 제한 방역지침 완화('22.5.9.)에 따라 팬데믹 이후 중단된 국제자원활동 운영을 통해 재학생들의 국제경험을 확대하고자 하오니 많은 학생들의 참여바랍니다. 가. 활동기간: 2022.12.28.(수) 2023.1.26.(목) [4주] 나. 활동국가: 라오스(왕위앙 폰쑹 마을) 다. 활동대상: 대학생 11명, 인솔 직원 1명(총 12명) 라. 활동내용: (교육) 영어, 한글, 컴퓨터, 주말교실/ (노작) 폰쑹 마을회관 지붕공사※ 공고문 주소(URL): https://www.jnu.ac.",2022-08-18 15:29:45.0
컴퓨터정보통신공학과과,2022학년도 2학기 국가장학금 2차 신청 안내(8/17~9/23),https://ce.jnu.ac.kr/bbs/ce/2114/825306/artclView.do,"2022학년도 2학기 국가장학금 2차 신청 일정을 다음과 같이 안내하오니 신청바랍니다.     2022년부터 국가장학금 지원금액 확대   - (5~6구간) 1,840천원   1,950천원, (7구간) 600천원   1,750천원, (8구간) 337.5천원   1,750천원 - (기초ㆍ차상위) 2,600천원   첫째자녀 3,500천원, 둘째자녀 등록금 전액 - (다자녀) 기초ㆍ차상위~8구간 셋째자녀 이상 2,250천원~2,600천원   등록금 전액 ※ (9구간) 국가장학금Ⅱ유형 예산 범위 내 대학 자체 계획에 따라 지원 가능   가.",2022-08-18 15:20:51.0
컴퓨터정보통신공학과과,2022년 전남대 대학생활 디딤돌 꿈틔움(도서지원) 안내,https://ce.jnu.ac.kr/bbs/ce/2114/825008/artclView.do,"우리 대학 저소득층 학생들의 학교 적응능력 함양 및 교육격차 해소를 위해 다음과 같이  2022년 전남대 대학생활 디딤돌 꿈틔움(도서지원) 프로그램 을 운영합니다. 가. 대상: 전남대 학부 재학생 중「국민기초생활보장법」제2조1호(수급권자),  2호(수급자), 제10호(차상위계층)에 해당하는 학생 나. 접수기간: 2022. 8. 12.(금) ~ 8. 26.(금) 다. 선발인원: 50명 라. 지원내용: 1인당 최대 6만원 상당의 전공 교양 서적 및 취업관련 도서 지원 ※ 담당자: 입학과 윤석로(530-6077)붙임 2022년 전남대 대",2022-08-16 13:59:52.0
컴퓨터정보통신공학과과,아시아 파견 CAMPUS Asia AIMS 국가장학 프로그램 참가자 선발 공고(~8/28),https://ce.jnu.ac.kr/bbs/ce/2114/825007/artclView.do,□ 교환학생 개요교환학생은 우리 대학의 국외 자매대학에서 1~2학기 동안 교과과정을 이수하고 성적을 인정받습니다. 이 기간 동안 우리대학에 등록금을 내고 재학생 신분을 유지해야 하며 대신 자매대학에서는 등록금 면제를 받습니다. 단 교환학생을 마친 후 우리대학에서 마지막 정규학기(4학년 2학기/ 8학기)를 이수해야 합니다. □ 모집 기간: 2022. 8. 8.(월) ~ 8. 28.(일) □ 지원방법: 국제협력과 홈페이지 온라인 지원온라인지원 바로가기 (직접 서류 제출 불필요) □ 신청자격: 아래 모든 자격(5개 항목)을 갖추어야 함,2022-08-16 13:58:06.0
컴퓨터정보통신공학과과,2022학년도 2학기 2차 국가근로장학금 학생 신청 안내(8/17~9/15),https://ce.jnu.ac.kr/bbs/ce/2114/824709/artclView.do,2022학년도 2학기 2차 국가근로장학금 학생 신청 기간을 다음과 같이 안내합니다. 가. 신청기간: '22. 8. 17.(수) 09:00 ~ 9. 15.(목) 18:00나. 신청자격: 대한민국 국적을 소지한 자 중 대학교에 재학 중인 학생으로 다음의 기본 요건을 충족한 학생 - 성적요건: 직전학기 성적 1.75(70점/100점 만점) 이상 - 학자금 지원구간: 8구간 이하다. 신청방법: 한국장학재단 홈페이지 및 모바일 앱을 이용하여 신청  ※ 상세 신청방법  붙임  참고라. 근로기간: 2022. 9. ~ 2023. 2.마. 신청제외,2022-08-10 10:01:47.0
컴퓨터정보통신공학과과,SK하이닉스 채용설명회 및 상담 안내(8/22 14:00),https://ce.jnu.ac.kr/bbs/ce/2114/824653/artclView.do,"SK하이닉스 채용설명회 및 상담 안내 이번 채용설명회는 하반기 공채(8.18.(목)~8.26.(금) 채용 공고 및 서류접수가 진행될 예정) 대비, 하이닉스 팀장의 특강(15분), HR의 회사소개(15분), 졸업 선배들과의 Q A(60분)으로회사생활, 면접 요령 및 SKCT 시험 준비 등 선배들의 생생한 얘기들을 통해 하이닉스 채용 지원에 도움을 받으실 수 있습니다- 일시: 2022.8.22.(월) 14:00~- 장소: 공과대학4호관 코스모스홀- 내용: 졸업 선배들과의 Q A시간에 자기소개서 첨삭, 면접, 인적성검사 준비 방법 등 상",2022-08-09 16:35:18.0
컴퓨터정보통신공학과과,2022 뉴스빅데이터 해커톤 안내(접수:8/5~9/5),https://ce.jnu.ac.kr/bbs/ce/2114/824536/artclView.do,붙임    1. 공고문 1부.         2. 지원신청서 1부.         3. 과제설명서 1부.,2022-08-08 09:27:45.0
컴퓨터정보통신공학과과,2022 농넷 농산물 가격 예측 AI 경진대회 개최 안내(신청:~8/28),https://ce.jnu.ac.kr/bbs/ce/2114/824460/artclView.do,공모 주제 : 농산물 가격 예측 AI 모델 개발상세 정보 : https://aifactory.space/competition/detail/2091주최/주관/운영주최/주관 : 한국농수산식품유통공사운영 : 인공지능팩토리 참가대상인공지능을 통한 문제해결에 관심있는 14세 이상의 대한민국 국민 누구나개인 및 팀 (개인이 두 개 이상의 팀에 중복으로 참여 불가)기간 및 일정참가신청 : 2022. 7. 27. (수) ~ 2022. 8. 28. (일) 15:00참가신청폼 : https://forms.gle/jAwfUQPBLFzhH9RP7사전설명,2022-08-05 11:10:53.0
컴퓨터정보통신공학과과,2022학년도 2학기 외국인 버디 프로그램 참가자 선발 안내(신청: ~8/9),https://ce.jnu.ac.kr/bbs/ce/2114/824415/artclView.do,"외국인 유학생(신/편입, 교환학생)의 대학생활 적응력을 높이고, 재학생의 글로벌 역량을 강화하기 위하여 다음과 같이 2022학년도 2학기 외국인 버디 프로그램을 운영하고자 하오니 관심있는 학생들의 많은 참여바랍니다.가. 지원 자격: 학부 재학생나. 주요 일정   구 분 일 정 내 용   모집 공고 및 신청서 접수 2022. 7. 29.(금) ~ 8. 9.(화) - 국제협력본부 홈페이지 온라인접수   면접대상자 발표 2022. 8. 11.(목) 국제협력본부 홈페이지 게시   선발면접 (외국어구술 및 면접) 2022. 8. 12.(금)",2022-08-04 17:41:30.0
컴퓨터정보통신공학과과,2022학년도 2학기 수강신청 시행 안내,https://ce.jnu.ac.kr/bbs/ce/2114/824376/artclView.do,1. 주요일정업무내용기간시간대상내용수강인원 조정 22.7.26.(화) 7.29.(금)09:00～18:00 전공: 강좌 주관학과 교양: 강좌 협력학과 학년별 수강인원 관리 자과/타과/부전공 수강인원 조정 분반정보의 사무실 번호 입력수강희망과목예약 신청'22.8.1.(월)~8.2.(화)09:00～18:00 학부 전 학년 공통 학부생만 해당(대학원생 제외) 수강희망과목 예약을 했더라도 수강신청이 확정된 것이 아니며 반드시 수강신청기간에 수강신청을 해야함. 모바일 수강희망과목예약 가능(09:00~18:00)수강신청대학원생',2022-08-04 14:06:18.0
컴퓨터정보통신공학과과,2022년 Power Engineer School Summer Camp(제26기) 참가 신청 안내(~8/8 11:00),https://ce.jnu.ac.kr/bbs/ce/2114/824351/artclView.do,"한국전력기술(주) 인재개발교육원에서 실시하는 Power Engineer School Summer Camp(제26기)를 아래와 같이 알려드리오니 신청 바랍니다.    가. 교육기간: 2022. 8. 23.(화) ~ 8. 26.(금), 4일 나. 교육방법: 온라인 교육(ZOOM 영상시스템) 다. 교육과목: 에너지산업 인재양성 기본역량 프로그램(붙임2 참조) 라. 신청기준 - 학년: 2~3학년 재학생 - 학점: 전 학기까지 100점 환산 80점 이상인 학생 - 기타: 캠프 기 참가자 제외 마. 추천인원: 학교별 2명 바. 선발기준: 전",2022-08-03 17:54:37.0
컴퓨터정보통신공학과과,『2022 학생포트폴리오 경진대회』안내(신청: 8/16~26),https://ce.jnu.ac.kr/bbs/ce/2114/824124/artclView.do,공학교육혁신센터에서는 학생들에게 향후 취업 및 진학 인터뷰 시에 유용하게 활용될 수 있는 개인별 포트폴리오 작성의 기회를 제공하여 적극적인 자기 계발 및 커리어 관리를 유도하고자 『2022 학생포트폴리오 경진대회』을 개최하고자 합니다.- 다 음 - 1. 명 칭: 2022 학생포트폴리오 경진대회2. 신청기간: 2022.08.16.(화) ~ 2022.08.26.(금)3. 심사일자: 2022.09.02.(금)(예정)4. 대회방식: 서면심사5. 참가자격: 공고일 현재 공과대학 및 공학대학 재학생으로써 분야별 세부내용 참가자격을 충족하는 자,2022-07-29 17:55:54.0
컴퓨터정보통신공학과과,[2~4학년] 2022학년도 2학기 수강신청 안내,https://ce.jnu.ac.kr/bbs/ce/2114/823925/artclView.do,2022학년도 2학기 컴퓨터정보통신공학과/컴퓨터정보통신공학전공 2~4학년 수강신청 안내❏ 수강신청 방법   수강신청 방법 전남대학교 포털(http://portal.jnu.ac.kr) ➔ 로그인 ➔ 교육지원 ➔ 내학사행정 ➔ 수업 ➔ 수강신청 ➔ 수강신청(학부) 또는 수강신청(간편)    ❏ 수강신청 일정   구 분 기 간 시 간 비 고   수강희망과목 예약 8월 1일(월) ~ 8월 2일(화) 9:00~18:00 - 포털 로그인 ➔ 교육지원 ➔ 내학사행정 ➔ 수업 ➔ 수강신청안내 ➔ 수강희망과목 예약 - 최대 10과목 예약 가능(시간,2022-07-27 15:37:54.0
컴퓨터정보통신공학과과,[1학년] 2022학년도 2학기 수강신청 안내,https://ce.jnu.ac.kr/bbs/ce/2114/823894/artclView.do,2022학년도 컴퓨터정보통신공학과 1학년 수강신청 안내    ※ 타과 개설 교과목 여석 문의 시 전화예절을 지켜주시기 바랍니다.    ❏ 수강신청 방법   수강신청 방법 전남대학교 포털(http://portal.jnu.ac.kr) ➔ 로그인 ➔ 교육지원 ➔ 내학사행정 ➔ 수업 ➔ 수강신청 ➔ 수강신청(학부) 또는 수강신청(간편)   ❏ 수강신청 일정 구 분 기 간 시 간 비 고  수강희망과목 예약 8월 1일(월) ~ 8월 2일(화) 9:00~18:00- 포털 로그인 ➔ 교육지원 ➔ 내학사행정 ➔ 수업 ➔ 수강신청안내 ➔ 수강희망과목,2022-07-27 10:51:14.0
컴퓨터정보통신공학과과,2022학년도 2학기 등록금재원 교내 장학금 관련 마일리지 점수 확인 안내(7/27 10:00 ~29 17:00),https://ce.jnu.ac.kr/bbs/ce/2114/823865/artclView.do,"1. 확인 기간 : 2022년 7월 27일(수) 10:00 ~ 29일(금) 17:00 2. 확인 방법 : 학과학생마일리지사이트(http://ecescholarship.kr) ▶ 로그인(ID: 학번, 초기PW: 학번) ▶ 본인 마일리지 점수 확인 3. 문의사항 : 062)530-1751 (컴퓨터정보통신공학과, 전자컴퓨터공학부 컴퓨터정보통신공학전공)4. 학과학생 마일리지  장학 사이트 내 학과학생 마일리지실제 반영 학생 마일리지학부학생 마일리지 점수(1000점) 총점(1000점) : 0 점 자기계발활동 기록부 점수(500점) : 점 학",2022-07-26 18:05:39.0
컴퓨터정보통신공학과과,2022년 에너지밸리 전문인력 양성과정(상반기) 안내(학점연계과정),https://ce.jnu.ac.kr/bbs/ce/2114/823812/artclView.do,"교육명 2022년 하반기 에너지밸리 전문인력 양성과정   주관 한국전력공사, 광주전남지역혁신플랫폼, 에너지밸리기업개발원   목적 ⦁이전공공기관의 지역인재 채용 의무화 제도에 맞춘 지역인재 양성 ⦁에너지밸리기업 취업 지원을 위한 네트워크 구축 ⦁광주전남지역 지자체와 대학, 지역혁신기관 간 협력을 통한 지역혁신생태계 구축   대상 에너지밸리협약기업에 취업을 희망하는 광주ㆍ전남지역 대학 4학년생 및 초과학기생   기간 ⦁2021년 9월 1일 목요일 ~ 12월 15일 목요일 (2학기 16주, 3시간/주) ⦁매주 목요일 18:00 ~",2022-07-25 17:20:20.0
컴퓨터정보통신공학과과,"기업수요맞춤형 AI클라우드 인력양성 [초급과정] 참여자 모집(1차 접수: ~8/3, 2차접수: 8/4~17)",https://ce.jnu.ac.kr/bbs/ce/2114/823617/artclView.do,"○ 프로그램명 : 기업수요맞춤형 AI클라우드 인력양성 [초급과정] 참여자 모집광주전남지역혁신플랫폼 지역사회혁신본부에서는 전남대학교(평생교육원)와 네이버 클라우드, 으뜸정보기술과 함께 실무형 AI 클라우드 인력 양성 교육 프로그램을 운영합니다.AI 클라우드 기술에 관심있는 대학(원)생들의 많은 참여 바랍니다. ○ 참여대상- 광주∙전남권 소재 15개 대학 소속 대학(원) 재학생, 휴학생, 졸업생 (졸업 후 2년 이내)※ 광주∙전남권 소재 대학 (15교)- 광주권(7): 광주대, 광주여대, 남부대, 동강대, 전남대, 조선대, 호남대- 전",2022-07-21 16:38:23.0
컴퓨터정보통신공학과과,지속가능한 에너지 활용을 위한 인공지능경진대회 안내(접수: ~8/22),https://ce.jnu.ac.kr/bbs/ce/2114/823569/artclView.do,,2022-07-21 13:40:51.0
컴퓨터정보통신공학과과,한국디스플레이산업협회 2022 디스플레이 채용박람회 개최 안내(신청: 7/4~24),https://ce.jnu.ac.kr/bbs/ce/2114/823376/artclView.do,"안녕십니까한국디스플레이산업협회 채용박람회 운영사무국 입니다. 우리 협회는 오는 8월 10일~12일 코엑스 1층 A홀에서 K-Display 전시와 연계하여 채용박람회를 개최합니다. 금년도는 LG디스플레이, 삼성디스플레이 등 패널 기업을 비롯하여 강소기업 총 22개사가 참가합니다. 아울러, 참여 구직자에게 실질적인 취업 기회의 장을 제공하기 위해 현직자 상담관(채용상담), 면접관(채용면접), 취업컨설팅관(면접 헤어, 면접 메이크업, 면접 이력서 사진촬영, 퍼스널컬러진단, 이력서 컨설팅, 면접스피치 컨설팅, K-DISPLAY 전시투어,",2022-07-19 11:18:00.0
컴퓨터정보통신공학과과,"2022 학생 포트폴리오 교육 참가자 모집 안내(신청: 7/18~22, 선착순 모집)",https://ce.jnu.ac.kr/bbs/ce/2114/823315/artclView.do,공학교육혁신센터에서는 포트폴리오 작성의 필요성에 관한 이해와 동기를 부여하고 재학생의 자기계발 능력 함양 및 효과적 전달 능력 개발을 돕고자 『2022 학생 포트폴리오 교육』을 실시하고자 합니다. 관심있는 학생들이 참여 바랍니다.      - 다    음 -    1. 명    칭: 나를 브랜드로 만드는 포트폴리오 제작2. 교육일시: 2022. 8. 1.(월) 13:30 ~17:30(4시간)3. 교육장소: 공과대학 2호관 영명홀4. 신청기간: 2022. 7. 18.(월) 09:00 ~ 2022. 7. 22.(금) 18:005. 신청,2022-07-18 13:55:51.0
컴퓨터정보통신공학과과,2022 ECONOVATION SUMMER DEV(접수:~7/29),https://ce.jnu.ac.kr/bbs/ce/2114/823292/artclView.do,"2022 ECONOVATION SUMMER DEV안녕하세요! 전남대학교 개발 동아리 에코노베이션입니다!ECONOVATION은 한 학기 동안 웹, 앱, 인공지능, 게임, 보안 등 다양한 분야의 프로젝트를 진행하고 방학 중 DEV(최종 발표회)를 통해 결과물을 발표합니다.이번 여름에도 개발 과정에서 경험한 문제 해결과 가치를 나누고자 ECONOVATION SUMMER DEV를 개최합니다.2022 SUMMER DEV는 에코노베이션에서 한 학기 동안 진행했던 프로젝트를 만나 볼 수 있는 좋은 기회인데요!약 2년간 코로나 펜데믹 상황으로 인",2022-07-18 09:22:32.0
컴퓨터정보통신공학과과,[현대삼호중공업(주)] 채용연계형 인턴(조선설계 및 생산관리) (~7/22 17:00),https://ce.jnu.ac.kr/bbs/ce/2114/823251/artclView.do,"현대삼호중공업(주) 채용연계형 인턴(조선설계 및 생산관리) 모집 - 현장실습 연계과정1. 실습 대상학과 : 기계공학부, 전기공학, 전자공학, 컴퓨터정보통신공학2. 실습 기간 : 2022.9.1. ~ 12.23.3. 자격 요건(필수) : 학점 3.5이상 / 토익 750 or 오픽 IM2 or 토스 130점 이상                         *4학년 2학기 졸업예정자 중 당사 인턴근무로 졸업에 문제가 없는 인원4. 우대 사항 : 직무관련 자격증 보유자 우대5. 접수 기간: 2022.7.22. 17시까지6. 실습기간 실습비",2022-07-15 14:16:13.0
컴퓨터정보통신공학과과,[한국남부발전] 제3회 KOSPO 웹서비스 경진대회 개최 안내(접수:7/11~31),https://ce.jnu.ac.kr/bbs/ce/2114/823107/artclView.do,붙임   제3회 KOSPO 웹서비스 정보보안 경진대회 안내 및 작성 양식 1부.  끝.,2022-07-13 14:10:26.0
컴퓨터정보통신공학과과,2022학년도 상반기 대학원 총장명예장학(CNU GS-PHF) 추가 선발 안내(~7/29),https://ce.jnu.ac.kr/bbs/ce/2114/823096/artclView.do,"2022학년도 상반기 대학원 총장명예장학(CNU GS-PHF) 추가 선발 계획을 다음과 같이 안내하오니 많은 신청바랍니다.   1. 지원자격    가. 선정기준 : 본부 및 학과 선정기준에 모두 충족하는 2022학년도 후기 일반대학원 석 박사통합과정 신입생(합격자)과정본부 선정기준(기준1, 2 모두 충족 필요)학과 선정기준석 박사통합[기준1] 동일 계열 학과 졸업생 + 전일제 학생[기준2] 학부 졸업평점 4.0(4.5만점) 이상인 학생※ 외국인 학생은 위 기준을 준용하여 적용▶전자컴퓨터공학과 : 학과장 추천서 제출▶ICT융합시스템공",2022-07-13 13:40:13.0
컴퓨터정보통신공학과과,2022학년도 2학기 한국장학재단 학자금 대출 신청 안내,https://ce.jnu.ac.kr/bbs/ce/2114/822971/artclView.do,"2022학년도 2학기 학자금 대출 기본계획을 붙임과 같이 알려드리오니, 원할한 학자금 대출이 이루어질 수 있도록 확인 바랍니다.가. 대출신청 및 실행기간구분등록금 대출분납연계 대출 및 생활비 대출취업 후 상환 전환 대출신청2022. 7. 6.(수)~10. 13.(목)2022. 7. 6.(수)~11. 17.(목)2022. 7. 6.(수)~11. 21.(월)실행2022. 7. 6.(수)~10. 13.(목)2022. 7. 6.(수)~11. 18.(금)2022. 7. 6.(수)~11. 22.(화) 나. 신청 및 실행방법 한국장학재단 홈페이",2022-07-12 11:18:40.0
컴퓨터정보통신공학과과,2022년 상반기 도전장학(미래) 추가 선발 계획 안내(~7/27),https://ce.jnu.ac.kr/bbs/ce/2114/822787/artclView.do,"「2022년 상반기 도전장학(미래) 추가 선발 계획」을 다음과 같이 공고하오니 우수한 인재들의 많은 신청 바랍니다.1. 장학생 선발 가. 자격: 2022년 8월 학사과정 졸업예정자로서 2022학년도 후기 우리 대학교 일반대학원에 진학하려는 자 (학.석사연계과  정생도 지원 가능)  ※ 직전학기 성적 평균평점 2.5이상 (전남대학교 장학규정 제3조(장학생의 자격))  나. 장학금: 인문사회계열 1,700천원, 자연예체능계열 2,300천원  ※ 단, 지원액은 가용예산 범위에 따라 다소 변동 가능함 다. 제출서류   대상 제출 서류 제출",2022-07-08 16:43:18.0
컴퓨터정보통신공학과과,2022 LINC 3.0 하계 창업역량강화 프로그램 (AI 로봇 제작) 안내(접수:~7/21 17:00),https://ce.jnu.ac.kr/bbs/ce/2114/822782/artclView.do,LINC 3.0 사업단에서는 우리대학 학생들의 창의적 역량강화를 위하여 「2022 하계 창업역량강화 프로그램 (AI 로봇 제작)」을 운영하오니 학생들의 많은 참가 바랍니다.□ 개요 ㅇ 프로그램명: 2022 LINC 3.0 하계 창업역량강화 프로그램(AI 로봇 제작) ㅇ 교육기간: 2022. 7. 25.(월) ~ 8. 26.(금) (5주간) ㅇ 교육장소: 전남대 창업아지트 (산학협력2호관 108호) ㅇ 대상: 전남대 대학(원)생 20명  * 수료학생은 전남대 창업동아리에 가입되어 추가 지원 실시  * 모집인원 초과시 인터뷰를 실시하여,2022-07-08 16:32:19.0
컴퓨터정보통신공학과과,[인공지능혁신공유대학사업단] 2022년 인공지능 시스템 개발 경진대회 개최 안내(접수:7/11~22),https://ce.jnu.ac.kr/bbs/ce/2114/822634/artclView.do,"인공지능혁신공유대학사업단에서는 AI 분야의 우수인재 발굴, 양성, 연구 저변 확대 및 교육 성과 확산과 대국민 수용성 증대를 위한 『2022년 인공지능 시스템 개발 경진대회』를 다음과 같이 개최하오니 관심있는 학생의 참여바랍니다.   1. 대회 개요 가. 목적  1) AI 분야의 우수인재 발굴, 양성, 연구 저변 확대 및 인공지능혁신공유대학사업단의 교육 성과 확산과 대국민 수용성 증대  2) 인공지능혁신공유대학사업단이 보유한 실험 실습 장비를 효율적으로 활용 나. 대상  1) 전남대학교 재학생  2) 1팀/5명 이하 학생이 참여(지",2022-07-07 15:54:56.0
컴퓨터정보통신공학과과,전남대학교 증명발급 서비스 개선 사항 안내(시행: 7/5부터),https://ce.jnu.ac.kr/bbs/ce/2114/822625/artclView.do,"종합서비스센터 증명발급 방법을 다음과 같이 개선하여 안내하오니 서비스 이용 시 참고바랍니다.가. 주요 개선 사항 구분 기존 개선  학생 해외 증명 발급1. 학교방문   증명서 발급   씰 처리   민원인 직접 해외 우편 발송 ※ 학교 방문이 어려울 경우 민원 우편으로 증명서 신청     1. 학교방문   증명서 발급   직접 해외 우편 발송2. 해외 우편서비스우편증명서 발송서비스 가입   수수료 결제   학교 접수   학교에서 증명서 발송3. e-메일 서비스종합서비스센터 공용 메일 주소로 신청 (해외 대학, 기관에서 요청받은 내용,",2022-07-07 15:36:09.0
컴퓨터정보통신공학과과,외국인 유학생 온라인 한국 법령 이해 교육 이수 안내(~8/31),https://ce.jnu.ac.kr/bbs/ce/2114/822572/artclView.do,"교육부는 외국인 유학생의 원활한 유학 생활 지원을 위해 「성폭력 방지법」에 따른 성폭력 예방교육(연 1회 1시간 이상 의무)를 포함하여 유학생 대상으로 한국 생활 적응을 위한 관계 법령 교육 추진을 요청한 바 있으며, 교육국제화역량 인증위원회에서 해당 사항을 금년도부터 교육국제화역량 인증제 평가지표에 반영하기로 결정함에 따라 우리 대학 한국 법령 이해 교육 이수대상 유학생들은 교육 이수바랍니다.      가. 교육대상 : 정규 학위과정(학부, 대학원) 유학생( 22. 4. 1. 기준 재학생)   나. 이수기간 :  22. 1. 1.",2022-07-07 10:30:27.0
컴퓨터정보통신공학과과,2022학년도 2학기 신규 국가유공자(자녀 포함) 및 가족장학금 신청 안내(~7/12),https://ce.jnu.ac.kr/bbs/ce/2114/822412/artclView.do,"2022학년도 2학기 재학생 신규 국가유공자(자녀 포함) 등 법정 장학 또는 가족장학 대상자를 우선 선발하여 장학금을 지급하고자 하오니, 해당 학생은 증빙서류를 학과사무실로 제출하시기 바랍니다. ▶제출기한 : ~2022년 7월 12일(화)▶제출장소 : 학과사무실(공7-226) 제출▶제출서류 : 해당 증빙 서류  ◎ 장학 대상자 및 자격 구분수혜자격증빙서류장학금비고재학생 신규 국가유공자 또는 그의 자녀 등 법정 장학대상자독립유공자예우에 관한 법률 제15조제2항 해당자, 국가유공자 등 예우 및 지원에 관한 법률 제22조제1항 해당자,",2022-07-06 09:14:54.0
컴퓨터정보통신공학과과,입자 형태 분석 모델 개발 해커톤 개최 안내(접수:6/27~8/8),https://ce.jnu.ac.kr/bbs/ce/2114/822338/artclView.do,,2022-07-05 15:40:22.0
컴퓨터정보통신공학과과,NHN Cloud make IT 광주 컨퍼런스 개최 안내(신청: 6/27~7/11),https://ce.jnu.ac.kr/bbs/ce/2114/822255/artclView.do,,2022-07-05 09:20:07.0
컴퓨터정보통신공학과과,2022학년도 광주·전남 공동교육혁신센터 IT역량 강화 프로그램 참여 안내(신청:7/4~17),https://ce.jnu.ac.kr/bbs/ce/2114/822063/artclView.do,,2022-07-01 15:48:06.0
컴퓨터정보통신공학과과,[소프트웨어중심대학사업단] 제3회 오아시스 해커톤 참가자 모집 안내(접수: 6/20 ~ 7/11),https://ce.jnu.ac.kr/bbs/ce/2114/821905/artclView.do,호남지역 지역사회 현안에 관심을 갖고 문제를 해결하기 위해 참신한 서비스를 만들어 나갈 호남지역 대학생 여러분의 해커톤 참가를 기다립니다. ▶ 주제 : 호남지역 문제 해결을 위한 서비스 개발(교육/환경/사회/창업/관광) ▶ 기간 및 일정 - 접수기간 :  2022년 6월 20일(월) ~ 7월 11일(월) 23시 59분 - 대회기간 : 7월 15일(금) ~ 7월 21일 - 온라인 해커톤 7월 17일(일) ~ 7월 19일(화) - 오프라인 해커톤 7월 20일(수) ~ 7월 21일(목) (장소 : 여수 JCS 호텔) ▶ 참가 대상 - 호,2022-06-30 16:04:44.0
컴퓨터정보통신공학과과,2022학년도 제2학기 등록 안내(8/22~25),https://ce.jnu.ac.kr/bbs/ce/2114/821872/artclView.do,"2022학년도 제2학기 등록금 납부를 다음과 같이 공고하오니 등록에 차질 없으시기 바랍니다. 1. 기 간: 2022. 8. 22.(월) ~ 8. 25.(목) 16:00까지 [4일간]2. 장 소: 광주은행, 농협(지역농협 포함), 국민은행, 신한은행 전국 본 지점3. 등록금 분할납부 방법가. 신청대상: 경제사정으로 정해진 기간내에 등록금 전액 납부가 어려워 분할납부하고자 하는 학생[신청제외자 : 학부 및 대학원 신입생, 전액 장학금 수혜자, 미등록 휴학예정자, 수업연한초과자]나. 신청기간 : 2022. 7. 4.(월) ～ 7. 29.",2022-06-30 14:58:55.0
컴퓨터정보통신공학과과,광주전남 대학생 에너지전환 아카데미 프로그램 교육생 모집 안내(신청:6/27~7/18),https://ce.jnu.ac.kr/bbs/ce/2114/821689/artclView.do,광주전남지역혁신플랫폼 지역사회혁신본부에서는 광주 전남 대학인재들의 에너지전환 인식 제고를 위한 프로그램을 아래와 같이 운영하오니 관심 있는 학생들의 참여바랍니다. 가. 주요일정   구분 일정 비고   교육기간 2022.07.19.(화) ~ 07.29.(금) -   모집기간 2022.06.27.(월) ~ 07.18.(월) 선착순 접수    나. 모집과정 및 인원   프로그램명 교육대상 및 모집인원 교육내용 교육장소 교육생 혜택   광주전남 대학생 에너지전환 아카데미 [예비 초급과정] 광주 전남지역 에너지기업 및 에너지전환 분야에 관심,2022-06-29 10:22:49.0
컴퓨터정보통신공학과과,"2022학년도 2학기 부·복수(연계)·융합전공, 마이크로디그리 취소 및 신청 안내",https://ce.jnu.ac.kr/bbs/ce/2114/821688/artclView.do,"2022학년도 2학기 부 복수(연계) 융합전공 취소 및 이수자 선발을 아래와 같이 실시하오니 해당 일정에 따라 신청하시기 바랍니다.   1. 허용 학과(부) 및 전공 가. 복수전공 및 부전공: 간호대학, 수의과대학, 약학대학, 예술대학(디자인학과 및 미술학과 제외), 의과대학, 치의학전문대학원 학 석사통합과정, 자율전공학부를 제외한 전 학과(부) 나. 융합복수전공: 로봇공학융합전공, 미래에너지공학융합전공, 지능실감미디어융합전공  ※ 2학기 융합전공 신청 허용은 융합(복수)전공에 한함   2. 지원 자격 및 선발 기준 가. 복수(연계",2022-06-29 10:18:51.0
컴퓨터정보통신공학과과,2022년도 용봉캠퍼스 전기설비 정기검사에 따른 정전 안내(7/3 9:00~13:00),https://ce.jnu.ac.kr/bbs/ce/2114/821610/artclView.do,"전남대학교 용봉캠퍼스 전기설비 정기검사에 따라 다음과 같이 정전을 안내하오니 참고바랍니다.  가. 정전 일시정전일시대상 캠퍼스비 고7. 3. (일) 09:00~13:00 (4시간)용봉캠퍼스캠퍼스 전체 정전   ※ 정전시간은 현장여건에 따라 단축 또는 연장될 수 있음  나. 정전 사유 : 자가용전기설비에 대한 정기검사   다. 영향 : 검사 기간 중 전기 사용 불가  바. 협조사항    - 실험장비, 승강기 및 전산장비 등 중요 시설 장비가 정전으로 인한 피해가 발생하지 않도록 조치바랍니다.",2022-06-28 14:07:53.0
컴퓨터정보통신공학과과,[인공지능혁신공유대학사업단] AI 산학융합프로젝트 교육생 모집(신청:6/28~7/1),https://ce.jnu.ac.kr/bbs/ce/2114/821582/artclView.do,붙임    1. AI 산학융합프로젝트 계획 1부.        2. AI 산학융합프로젝트 신청서 1부.  끝.,2022-06-28 13:21:50.0
컴퓨터정보통신공학과과,ICT학점연계 프로젝트 인턴십 안내(신청: 6/29~7/12),https://ce.jnu.ac.kr/bbs/ce/2114/821579/artclView.do,붙임    1. ICT학점연계프로젝트인턴십_학생 지원 매뉴얼(일정포함) 1부.         2. 관련 서식 1부.  끝.,2022-06-28 11:50:40.0
컴퓨터정보통신공학과과,2022년도 2학기 대학직장 예비군 전입 신청 및 개인 정보 수정 안내(7/1~),https://ce.jnu.ac.kr/bbs/ce/2114/821463/artclView.do,"2022년도 2학기 재학생 중 대학직장 예비군(전남대학교연대 소속)으로 편성되지 않은 학생은 예비군연대로 전입 신청 및 정확한 훈련 안내를 위하여 개인 정보를 수정바랍니다.  가. 대상 : 2022년도 2학기 대학(원) 재학생(신입, 편입, 복학, 전과생 포함)    1) 신청 기간 : 2022. 7. 1.(금) ~    2) 신청 절차 : 전남대학교 포털 내 학사행정 병무 예비군 전입 신청    3) 전입 신청 4~5일 경과 후 예비군 홈페이지에서 소속 부대 변경 여부 확인  나. 소속 부대 확인 및 개인 정보 수정 절차   구분",2022-06-27 10:26:08.0
컴퓨터정보통신공학과과,[소프트웨어중심대학사업단] 1차 학생·교수 대학원 진로·설계 상담 프로그램 안내(6/22~7/20),https://ce.jnu.ac.kr/bbs/ce/2114/821395/artclView.do,붙임    소프트웨어중심대학사업단 학생 교수 상담일지 1부.  끝.,2022-06-24 17:23:41.0
컴퓨터정보통신공학과과,LINC 3.0 게임제작과정 프로그램 특강 안내(운영: 7/4~8/4),https://ce.jnu.ac.kr/bbs/ce/2114/821343/artclView.do,,2022-06-24 11:25:47.0
컴퓨터정보통신공학과과,[소프트웨어중심대학사업단] AIAI DEEP LEARNING SUMMER SCHOOL 안내(신청: ~6/30),https://ce.jnu.ac.kr/bbs/ce/2114/821292/artclView.do,"전남대, 경북대, 아주대 소프트웨어중심대학사업단에서 공동으로 진행하는 AIAI DEEP LEARNING SUMMER SCHOOL을 아래와 같이 운영하고자 하오니 관심있는 학생들의 많은 신청 바랍니다.1. 행사명 : AIAI DEEP LEARNING SUMMER SCHOOL2. 교육 기간 : 22. 7. 19.(화) ~ 7. 21.(목) / 09:00 ~ 17:00, 8시간3. 교육 장소 : 온라인 ZOOM(녹화동영상 제공)4. 교육 내용 : 딥러닝 기초 및 실습, CNN/RNN 실습 등5. 교육 대상 : 딥러닝을 실습해 보면서 배우",2022-06-23 16:05:00.0
컴퓨터정보통신공학과과,[소프트웨어중심대학사업단] 코딩집중교육 JAVA(신청:6/23~30),https://ce.jnu.ac.kr/bbs/ce/2114/821284/artclView.do,,2022-06-23 15:39:49.0
컴퓨터정보통신공학과과,2022 대학생 금융보안캠프 개최 안내(신청: 6/21~7/13),https://ce.jnu.ac.kr/bbs/ce/2114/821249/artclView.do,"저희 원은 매년 금융보안에 특화된 인재 발굴 및 양성을 위하여 대학(원)생 대상으로 금융보안캠프를 개최하고 있습니다.금융보안에 관심이 있는 우수한 학생이 참가할 수 있도록 신청 하기 바랍니다. 아이디어 경연 및 온라인 캠프에 불참 시 수료증이 발급되지 않으니, 참가자가 행사 일정 및 장소를 고려하여 신청하기 바랍니다. [행사 개요]o 행 사 명 : 2022 대학생 금융보안캠프o 행사일정 :  22. 7. 4.(월) ~ 7.29.(금) 아이디어 경연 예선               22. 8. 8.(월) ~ 8.11.(목), 온라인 캠",2022-06-23 11:15:54.0
컴퓨터정보통신공학과과,외국인 유학생 취업역량강화 교육 프로그램 시행 안내(접수: 6/21~7/5),https://ce.jnu.ac.kr/bbs/ce/2114/821174/artclView.do,"가. 지원자격 : 교내 재학 중인 외국인 유학생(대학원생 포함)나. 선발일정 : 2022. 6. 21.(화) ~ 7. 5.(화)다. 프로그램 일정 : 2022. 7. 12.(화) ~ 7. 13.(수)라. 내 용 : 외국인 근로자 체류자격, 진로설정, 직무적합성 맞춤형 입사서류 가이드, 1:1 개별 컨설팅 등마. 활동혜택  - 무료 교육 및 컨설팅 제공  - 자기계발활동기록부 점수 인정  - 교육 수료증 발급바. 추진일정일정주요내용비고 22.06.21.(화) ~  22.07.05.(화)모집공고 및 신청서 접수- 공고: 홈페이지 및 문",2022-06-22 14:46:55.0
컴퓨터정보통신공학과과,외국인 유학생 온라인 성폭력 예방교육 참여 안내(~8/31),https://ce.jnu.ac.kr/bbs/ce/2114/821153/artclView.do,"교육부는 외국인 유학생의 원활한 유학 생활 지원을 위해 「성폭력 방지법」에 따른 성폭력 예방교육(연 1회 1시간 이상 의무)를 포함하여 유학생 대상으로 한국 생활 적응을 위한 관계 법령 교육 추진을 대학에 요청한 바 있으며,교육국제화역량 인증위원회에서 해당 사항을 금년도부터 교육국제화역량 인증제 평가지표에 반영하기로 결정함에 따라 교내 외국인 유학생들은 온라인 성폭력 예방교육을 이수하여 주시기 바랍니다.      가. 교육대상 : 정규 학위과정(학부, 대학원) 유학생( 22. 4. 1. 기준 재학생)   나. 이수기간 :  22.",2022-06-22 10:50:43.0
컴퓨터정보통신공학과과,[네이버 커넥트재단] 부스트코스 코칭스터디 :  PY4E 2022 모집 안내,https://ce.jnu.ac.kr/bbs/ce/2114/821077/artclView.do,,2022-06-21 13:10:23.0
컴퓨터정보통신공학과과,2022년도 예비군 기본훈련(8H) 훈련 대상자 안내,https://ce.jnu.ac.kr/bbs/ce/2114/821055/artclView.do,"가. 훈련대상 : 대학직장 예비군에 편성된 교수, 학생(대상자 별도 문자 발송함)      ※ 졸업, 휴학, 수업연한 초과(졸업/수료 유보), 수료자는 참석 불가  나. 훈련장소 : 제503보병여단 3대대(삼각산 예비군훈련장)  다. 훈련일정 : 붙임 참조(전국단위훈련 기 신청자는 전국단위훈련 참가)구 분7.12.(화)7.13.(수)7.14.(목)7.18.(월)전국단위인 원2502542522506  라. 협조사항     1) 개인별 훈련일자 안내      ※ 동일 학과 소속이라도 훈련 일자가 다르므로 반드시 확인 후 안내    2)",2022-06-21 09:31:36.0
컴퓨터정보통신공학과과,[소프트웨어중심대학사업단] 제2차 SW전공융합 특화교육 모집 안내(신청: 6/20~30),https://ce.jnu.ac.kr/bbs/ce/2114/821022/artclView.do,,2022-06-20 17:21:06.0
컴퓨터정보통신공학과과,[LINC 3.0 사업단]2022학년도 1학기 캡스톤디자인 교과목 지원 안내(~7/4),https://ce.jnu.ac.kr/bbs/ce/2114/820846/artclView.do,"□ 지원유형유형정의기업연계형학생이 기업에서 발견한 문제점을 기업과 연계하여 해결하는 과제전공기반형전공 내 자율 주제를 선정하여 해결하는 과제□ 지원대상 1) 공통요건   - LINC사업단 참여학부(과) 2022년 1학기 캡스톤디자인 교과목 수강생 중 3, 4학년을 대상으로 팀 구성(최소 2명이상)   - 지원 종료 후 결과보고서 원본 제출  * 타 사업 지원 과제 중복 지원 불가 및 LINC 3.0사업 경진대회에 반드시 참가해야 함  2) 유형별 요건 및 지원금유   형팀 구성 요건지원기업연계형지도교수 + 기업(기관) 담당자 + 3",2022-06-17 17:26:21.0
컴퓨터정보통신공학과과,[광주전남지역혁신플랫폼] AI클라우드 인력양성 프로그램 신청 안내(6/17~7/1),https://ce.jnu.ac.kr/bbs/ce/2114/820844/artclView.do,,2022-06-17 17:23:41.0
컴퓨터정보통신공학과과,5G 최신기술 동향 세미나 안내(6/20),https://ce.jnu.ac.kr/bbs/ce/2114/820830/artclView.do,1. 일시: 2022.6.20.(월) 13:00~17:002. ZOOM 진행  접속 ID : 996 8082 2505 / P.W : 909422링크: https://jnu-ac-kr.zoom.us/j/99680822505?pwd=S1NNN2VjcEJ0aTh3Z2F6UFF6dlEzQT09,2022-06-17 17:14:22.0
컴퓨터정보통신공학과과,2022학년도 제2학기 휴학·복학 신청 안내,https://ce.jnu.ac.kr/bbs/ce/2114/820824/artclView.do,1. 신청기간 가. 휴학휴학 종류신청 기간대상자일반휴학(등록)2022. 8. 22.(월) ~ 10. 28.(금)  등록금 납부 후 휴학을 원하는 자일반휴학(미등록)2022. 8. 22.(월) ~ 8. 25.(목)  등록금 납부하지 않고 휴학을 원하는 자※ 등록 기간 내에만 휴학 신청 가능휴학연장2022. 8. 22.(월) ~ 8. 25.(목)  휴학 만료일이 2022. 8. 31.까지인 자군휴학(복무신고)입영일 한 달 전 ~ 입영일  학기 중에 군입대하는 학생 중 미등록으로 군휴학을 원하는 자는 일반휴학(미등록) 신청 승인 후 복무,2022-06-17 17:08:57.0
컴퓨터정보통신공학과과,2022학년도 2학기 학부 및 대학원 재입학 실시 안내(접수: 7/6~12),https://ce.jnu.ac.kr/bbs/ce/2114/820796/artclView.do,2022학년도 2학기 학부 및 대학원 재입학 실시에 대해 알려드리니 재입학 희망학생은 아래 일정에 따라 원서를 제출하여 주시기 바랍니다.가. 세부 일정   업무명 일정 비고   실시 공고 2022. 6. 16.(목) 대학 홈페이지 공지(본부)   재입학 원서접수 2022. 7. 6.(수) ~ 7. 12.(화) 학과사무실(공7-226) 제출   대상자 내신 2022. 7. 13.(수) ~ 7. 19(화) 학과(부)   단과대학   재입학 허가 2022. 7. 28.(목) 대학 홈페이지 공지(본부)   나. 재입학 대상자 및 제외자 대,2022-06-17 16:06:29.0
컴퓨터정보통신공학과과,2022학년도 하계방학 전남대학교 리걸클리닉 법률지원단 운영 일정 안내,https://ce.jnu.ac.kr/bbs/ce/2114/820687/artclView.do,"우리 대학 구성원의 복지향상을 위해 무료로 운영중인 「전남대학교 리걸클리닉 법률지원단」의 2022학년도 하계방학 운영 일정을 다음과 같이 안내하오니, 법률자문이 필요한 구성원들의 이용바랍니다.  가. 장소 : 대학본부 2층 법률지원단실  나. 지원대상 : 우리 대학 교직원 및 그 가족, 학생  다. 운영일정 및 자문위원 : 【붙임1】    - 2022.06.29.(수) / 2022.07.13.(수) / 2022.07.27.(수) / 2022.08.10.(수) / 2022.08.24.(수)  라. 상담 및 자문 내용 : 법률자문이 필",2022-06-16 16:31:00.0
컴퓨터정보통신공학과과,Samsung Open Source Companions 3기 모집 안내(6/15~7/3),https://ce.jnu.ac.kr/bbs/ce/2114/820652/artclView.do,붙임   SOS_Companions_ApplyForm 1부.  끝.,2022-06-16 14:48:28.0
컴퓨터정보통신공학과과,[소프트웨어중심대학사업단] 제1차 SW라이선스 취득지원 안내(신청: 6/13~22),https://ce.jnu.ac.kr/bbs/ce/2114/820560/artclView.do,,2022-06-15 15:41:31.0
컴퓨터정보통신공학과과,2022학년도 15기 총장명예학생(PHS) 선발 안내(7/18~8/5),https://ce.jnu.ac.kr/bbs/ce/2114/820559/artclView.do,"교육혁신본부에서는 모교에 대한 자부심과 비판적 사고력, 창의적 문제해결 능력을 바탕으로 학문후속세대 및 글로컬리더로서의 열정을 갖춘 미래 인재를 양성하고자 2022학년도 총장명예학생(PHS)을 선발합니다. 가. 지원 자격구분지원 자격신청유형성적우수- 평점평균 3.8 이상 우수자- 1학년: 직전학기(계절학기 제외), 2학년: 전체학기외국인- 평점평균 3.0 이상- 한국어능력자격시험(TOPIK) 5등급 이상학과추천- 창의성, 인성, 학업 역량을 겸비하여 발전 가능성을 학과로부터 인정 받은 자- 학과(부)별 2명 이내 추천공통- 1~2학",2022-06-15 15:40:14.0
컴퓨터정보통신공학과과,2022학년도 하계 계절학기 수강취소 기간 및 방법 안내,https://ce.jnu.ac.kr/bbs/ce/2114/820449/artclView.do,2022학년도 하계 계절학기 수강취소에 관한 사항 안내(1) 수강취소 기간 및 방법 구분수강취소 기간환불 금액취소 방법개강 전수강취소2022. 6. 16.(목) 09:00 ～ 6. 17.(금) 18:00전액학생포털을 이용하여 학생 본인이 직접 전산 취소개강 후수강취소2022. 6. 24.(금) 09:00 ~ 2022. 7. 1.(금) 18:00수강료의 2/3환불2022. 7. 2.(토) 09:00 ～7. 5.(화) 18:00수강료의 1/2환불2022. 7. 5.(화) 18:00 이후 수강취소 및 환불 불가 ※ 수강취소 절차: 전남대,2022-06-15 09:17:38.0
컴퓨터정보통신공학과과,2022학년도 2학기 학부생 학·석사학위연계과정 모집 안내(7/4~15),https://ce.jnu.ac.kr/bbs/ce/2114/820379/artclView.do,"1. 학 석사학위연계과정  : 학칙 제19조 제5항에 의거 학사학위과정과 대학원 교과과정을 상호 연계하여 졸업(수료)학점을 취득함으로써 학사 및 석사과정 수업연한을 단축하여 학사학위와석사학위 취득이 가능한 학사제도 2. 모집학과 : 전 학과(의학과, 수의학과 제외) 3. 지원자격 및 특전사항구 분주 요 내 용지원자격□ 지원가능학과 : 학부과정의 주(복수)전공에 해당하는 대학원 학과(전공)□ 아래의 요건을 모두 갖춘 자  ⊙ 4학기(2학년 2학기)이상 이수자로서 총 72학점이상 취득자(다만, 약학부는 80학점 이상 취득자)  ⊙ 편입",2022-06-14 15:18:42.0
컴퓨터정보통신공학과과,2021학년도 후기(2022년 8월) 학부 졸업(수료)대상자 유보 신청 안내(6/27~7/8),https://ce.jnu.ac.kr/bbs/ce/2114/820327/artclView.do,"2021학년도 후기(2022년 8월) 학부 졸업(수료) 대상자 중 2022학년도 2학기 학적사항을 ""재학""으로 유지하고자 희망하는 학생은, 졸업(수료) 유보를 신청하기 바랍니다. 1. 신청기간 : 2022. 6. 27.(월) ~ 2022. 7. 8.(금) 18시까지 (추가 신청 기간 없음)2. 신청방법 : 전남대학교 포털사이트(http://arsam.jnu.ac.kr/)   교육지원   내 학사업무   등록   학부 졸업(수료)유보 선택3. 졸업(수료) 유보 고지서 출력(학생 개별 출력) :포털   등록   학부 졸업(수료)유보",2022-06-14 10:54:17.0
컴퓨터정보통신공학과과,2022학년도 하계방학 중 셔틀버스(광주↔여수캠퍼스) 운행 안내(6/22~8/31),https://ce.jnu.ac.kr/bbs/ce/2114/820324/artclView.do,"2022학년도 하계방학 중 원활한 행정업무 지원 및 우편물, 도서 운송 등을 위하여 광주 여수캠퍼스 간 셔틀버스 운행을 아래와 같이 안내하고자 합니다.    1. 운행목적 : 광주   여수캠퍼스 간 행정업무 지원 2. 운행기간 : 2022. 6. 22.(수) ~ 2022. 8. 31.(수) 3. 차량운행 : 매주 4회(월, 화, 목, 금) 운행(공휴일 제외) 4. 차량지원(공용차량) - 광주캠퍼스 : 41인승(월), 41인승(금) / 주 2회 - 여수캠퍼스 : 44인승(화), 44인승(목) / 주 2회 5. 승차장소 가. 광주캠퍼스",2022-06-14 10:46:03.0
컴퓨터정보통신공학과과,2022년(하) 롯데장학재단 롯데 39기 멘토링 장학생 신규 선발 안내(~6/17),https://ce.jnu.ac.kr/bbs/ce/2114/820307/artclView.do,"'22년(하) 롯데 39기 멘토링 장학생 신규 선발을 안내합니다.     가. 선발인원: 7명 (대학 추천인원 10명 *1.4배수 추천)  ※ 대학(본부) 추천순위: #9312; 성적우수자   #9313; 이수학점   #9314; 소득분위 순으로 10명 추천    나. 롯데 멘토링 장학생 추천 기준 1) 대상: 초 중 고등학생 학습지도(영어,수학 등)를 할 수 있는 대학생   ※ 지원불가: 실습,교환/인턴/연수,군입대,ROTC,휴학 등의 사유로 지속적인 멘토링 활동이 어려운 자 2) 학년: (2022년 2학기 기준) 2학년 학부재학",2022-06-14 10:07:48.0
컴퓨터정보통신공학과과,공과대학「AI INTERVIEW STUDIO」운영 안내,https://ce.jnu.ac.kr/bbs/ce/2114/820300/artclView.do,AI 및 비대면 면접을 준비하는 취업준비생들에게 실습 공간을 제공하기 위하여 마련한 「AI INTERVIEW STUDIO」를 안내하오니 많은 이용 바랍니다. 가. 운영장소 : 공과대학 7호관 1층  AI INTERVIEW STUDIO 나. 운영시간 : 평일 09:00~18:00다. 이용대상 : 공과대학 재학생 및 졸업생라. 운영내용- 개인별 AI 면접 실습 및 모의면접 결과 피드백 제공- AI INTERVIEW STUDIO 공간 대여마. 신청방법 : 전화(062-530-1922) 또는 방문 신청(공대7호관 115호 취업진로상담실)바,2022-06-14 09:46:55.0
컴퓨터정보통신공학과과,[ICT이노베이션스퀘어] SW개발 공모전(장애인 생활개선 및 복지향상) 참가자 모집(~6/19),https://ce.jnu.ac.kr/bbs/ce/2114/820297/artclView.do,,2022-06-14 09:42:25.0
컴퓨터정보통신공학과과,2022학년도 전공연계 봉사활동 참여팀 모집 안내(6/13~23),https://ce.jnu.ac.kr/bbs/ce/2114/820220/artclView.do,"전문적 지식을 습득하는 대학생들이 지역사회 발전에 필요한 조직적인 봉사활동 참여 활성화로 리더십을 배양하고 공동체 의식을 함양하는 2022학년도 전공연계 봉사활동 프로그램을  아래와 같이 공모하오니 많은 학생들의 참여 바랍니다. 가. 사 업 명: 2022학년도 전공연계 봉사활동 나. 사업기간: '22. 7월 '22. 9월 다. 참여대상: 학과(부) 재학생  라. 선발팀수: 7팀 내외  마. 지원금(1팀당): 1,000천원~3,000천원 바. 접수기간: '22.6.13.(월)~6.23.(목) 사. 접수방법: (붙임2) 사업계획서 작성",2022-06-13 15:18:34.0
컴퓨터정보통신공학과과,[한국SW산업협회] SW실무인재양성 아카데미 - 채용확정형 교육생 모집 안내,https://ce.jnu.ac.kr/bbs/ce/2114/819869/artclView.do,붙임    한국SW산업협회_기업멤버십_SW캠프_사업홍보_책자 1부.  끝.,2022-06-08 09:56:39.0
컴퓨터정보통신공학과과,[반도체설계교육센터] 2022 IDEC 하계 단기 강좌 안내,https://ce.jnu.ac.kr/bbs/ce/2114/819764/artclView.do,,2022-06-07 14:42:48.0
컴퓨터정보통신공학과과,경제사정 곤란자 지원 장학(학부생) 선발 안내(신청: 6/3~14 18:00),https://ce.jnu.ac.kr/bbs/ce/2114/819732/artclView.do,"1. 지원 기준  ○ (지원 대상)  21. 11월 ~  22. 5월 기간*에  학부모 등** 비자발적 실직 또는 폐업으로 경제사정이 곤란한 학부생에게 심사 후 지원         * '21. 11월 이전 비자발적 실직 또는 폐업이 발생하였으나 긴급 경제사정 곤란 장학금을 수혜 받지 않은 경우 지원 가능         ** 미혼인 경우: 부모, 본인  /  기혼인 경우: 본인, 배우자에 해당  ○ (지원 장학) 대상자에 따라 장학금 재원 구분하여 선발    - 국가장학금Ⅱ유형: 국가장학금 신청자로서 소득구간 산정자(9~10구간 포",2022-06-07 13:47:19.0
컴퓨터정보통신공학과과,2022학년도 하계방학 공과대학 직무분석 경진대회 안내(접수: ~7/3),https://ce.jnu.ac.kr/bbs/ce/2114/819688/artclView.do,1. 목적  - 현재 직무별 수시 채용이 증가하고 있으나 산업과 직무에 대한 이해 부족  - 산업과 직무를 직접 분석해 보는 기회를 통해 산업과 직무 선택의 미스 매치 감소  - 성공 취업을 위한 목표 지향적 취업 전략 수립 2. 운영 개요  - 참여대상 : 공과대학 재학생 1~4학년(팀 구성 2~5인)  - 운영인원 : 100여명(예정)  - 운영기간 : 2022. 7. 6.(수) ~ 2022. 8. 17.(수)  - 운영방법 : 희망 산업 및 직무분석 온라인 특강 진행 후 프레젠테이션 발표 평가를 통해 우수 팀 선발 및 시상3.,2022-06-07 10:33:27.0
컴퓨터정보통신공학과과,K-디지털 챌린지 : 2022메타버스 개발자 경진대회 안내(접수: 5/31~6/28),https://ce.jnu.ac.kr/bbs/ce/2114/819527/artclView.do,"과학기술정보통신부 / 한국전파진흥협회, 한국메타버스산업협회에서 아래와 같이 2022 메타버스 개발자 경진대회 참여자를 모집하오니 관심있는 분들의 많은 참여 바립니다.1. 행사명 : K-디지털 챌린지: 2022 메타버스 개발자 경진대회2. 주 제 : 지정과제 및 자유과제에 기재된 과제 중 택 13. 기  간 : (예선) 출품작 접수: ~ '22. 8. 22.(월)            1차 서면평가: '22. 8. 26.(금)            2차 발표/시연평가: '22. 9. 1.(목) ~ 9. 2.(금)            (본",2022-06-02 18:08:38.0
컴퓨터정보통신공학과과,2022학년도 진로탐방 지원 계획 안내(2022.6.7.~2023.1.30.)(마감),https://ce.jnu.ac.kr/bbs/ce/2114/819520/artclView.do,"1. 개요  가. 명칭: 진로탐방 지원  나. 목적: 학과(전공) 특성에 맞는 기업체, 연구소, 대학, 전시회 방문 지원을 통해 관련 분야 기술동향 이해 및 진로 설정에 도움 제공  다. 대상: 컴퓨터정보통신공학과, 전자컴퓨터공학부 컴퓨터정보통신공학전공 소속 학생  라. 기간: 2022. 06. 07.(화) ~ 2023. 01. 30.(월)2. 운영방법   구분 팀   신청기간 2022. 06. 7.(화) ~ 2023. 01. 23.(월)   신청방법 학과(전공) 특성에 맞는 탐방기관을 택하여 팀 대표가 신청서를 작성 후 방문 예정",2022-06-02 17:15:16.0
컴퓨터정보통신공학과과,[DCMI사업단] 2022년 스마트제조 현장 중심 특화교육 프로그램 안내,https://ce.jnu.ac.kr/bbs/ce/2114/819424/artclView.do,- 6/8(월)까지 회원가입 및 교육신청- 온/오프라인 중 1종류만 수강하여도 수료증 발급 가능- 6/10(금) 학과로 수료증 일괄 발급 예정- 수강생들은 각 해당학과 조교선생님을 통해 수료증 및 경품 수령 가능,2022-05-31 18:32:44.0
컴퓨터정보통신공학과과,[DCMI사업단] ACU 3D모델링 자격증 취득 과정 안내(선착순 모집),https://ce.jnu.ac.kr/bbs/ce/2114/819423/artclView.do,,2022-05-31 18:28:44.0
컴퓨터정보통신공학과과,2022년도 대학직장 예비군훈련 계획 안내,https://ce.jnu.ac.kr/bbs/ce/2114/819361/artclView.do,2022년도 대학직장 예비군훈련 계획을 다음과 같이 알려드리니 훈련 일정을 참고하기 바랍니다.  1. 훈련 일정  가. 기본훈련(1차)(9일)/동원보충대대훈련(15일)   구 분 기본훈련(1차)(9일) 동원보충대대훈련(6일)   4시간 6시간 8시간 3111대대 3112대대 3113대대   일 자 7. 4.(월) 7. 5.(화) 7. 6.(수) 7. 7.(목) 7. 11.(월) 7. 12.(화) 7. 13.(수) 7. 14.(목) 7. 18.(월) 11. 7.(월) 11. 8.(화) 11. 10.(목) 11. 11.(금) 11. 1,2022-05-31 13:06:03.0
컴퓨터정보통신공학과과,삼성SDS 2022년 알고리즘 특강 안내(신청: ~6/13),https://ce.jnu.ac.kr/bbs/ce/2114/819281/artclView.do,안녕하세요! 삼성SDS입니다.2022년 알고리즘 특강으로 인사드립니다.알고리즘 특강은 여름방학 2주 동안 삼성SDS 현직 전문가를 모셔 단기간에 대학생 여러분의 알고리즘 실력이 향상될 수 있도록 알고리즘의 기초   활용부터 고급 알고리즘까지 단계별 교육을 무료로 지원하는 과정입니다.체계적인 알고리즘 강의가 필요하다 느끼시는 분!여름방학을 통해 자신을 한층 성장시키고 싶으신 분! 단기간에 알고리즘 실력을 향상시킬 수 있는 기회이니 놓치지 마세요.자세한 사항은 포스터를 통해 확인할 수 있습니다.포스터 내 URL 및 QR코드를 통해 신청,2022-05-30 14:57:37.0
컴퓨터정보통신공학과과,2022학년도 1학기 도전장학생(돋움) 선발 계획 안내(6/2~8),https://ce.jnu.ac.kr/bbs/ce/2114/819239/artclView.do,"2022학년도 1학기 도전장학생(돋움) 선발을 다음과 같이 시행하오니 많은 학생들의 지원바랍니다. 가. 선발인원(예정): 110명(학부재학생 105명, 외국인학생 5명)나. 장학금액(1인당): 1,800천원다. 접수기간: 2022. 06. 02.(목) 09:00 ~ 06. 08.(수) 18:00 [7일간]라. 신청방법   전남대학교포털사이트(http://portal.jnu.ac.kr)에 로그인 후   교육지원   내학사행정  장학   도전장학   장학금신청에 접속하여 도전계획서 작성 및 제출   마. 선발계획: 붙임파일 및 홈페이지",2022-05-30 10:05:49.0
컴퓨터정보통신공학과과,2022학년도 하계 계절학기 제주대학교 교류수학 허가자 학번 부여(수강신청: 5/30~6/2),https://ce.jnu.ac.kr/bbs/ce/2114/819163/artclView.do,"2022학년도 하계 계절학기 제주대학교 교류수학 허가자 명단을 붙임과 같이 알려드리니, 제주대학교 학사일정에 따라 수학하시기 바랍니다.  ◎ 수업기간 : 2022. 6. 27.(월) ~ 2022. 7. 15.(금)  ◎ 수강신청기간 : 2022. 5. 30.(월) ~ 6. 2.(목) (선착순마감) ◎ 수강신청방법    제주대학교 수강신청시스템 (http://sugang.jejunu.ac.kr(클릭))   아래 빨강색 비밀번호 초기화클릭   본인 핸드폰 선택   로그인   수강신청   ※ ID : 제주대학교에서 부여받은 학번 / PW",2022-05-27 15:04:51.0
컴퓨터정보통신공학과과,한국알프스 채용설명회 안내(6/2 12:00),https://ce.jnu.ac.kr/bbs/ce/2114/819039/artclView.do,"한국알프스 채용 설명회 안내드리오니 학생들의 참여바랍니다.○ 일시 : 2022. 6. 2.(목) 12:00~13:00○ 장소 : 공대7호관 117호○ 내용 : 회사소개, 직무소개, 채용계획(6월말), 선배와의 대화○ 대상 : 공학전공(기계, 전자정보통신공학부, 산업공학, 물리 등등) *참가자 샌드위치, 커피 제공",2022-05-26 16:04:29.0
컴퓨터정보통신공학과과,[소프트웨어중심대학사업단] 공동 AI 경진대회 안내(접수:6/13~7/24),https://ce.jnu.ac.kr/bbs/ce/2114/818973/artclView.do,1. 행사명 : 2022 SW중심대학 공동 AI 경진대회2. 주  제 : (예선) 심리 성향 예측 AI 모델 개발 / (본선) 한글 이미지 OCR솔루션 모델 개발3. 기  간 : (예선)  22. 8. 1.(월) ~ 8. 26.(금) / (본선)  22. 9. 8.(월) ~ 10. 7.(금)4. 장  소 : 온라인5. 참가대상 : SW중심대학 소속학생 개인 또는 팀 (최대 5인)6. 접수기간 :  22. 6. 13.(월) ~ 7. 24.(일)7. 참가방법 : 온라인 예선참가접수 (http://bit.ly/SW_AI) *  본선은 진,2022-05-26 09:19:20.0
컴퓨터정보통신공학과과,KT AIVLE School (에이블스쿨) 2기 모집(취업연계형) 안내(~5/27),https://ce.jnu.ac.kr/bbs/ce/2114/818934/artclView.do,,2022-05-25 15:49:06.0
컴퓨터정보통신공학과과,국제학생증 ISIC 무료발급 행사 안내(~5/29),https://ce.jnu.ac.kr/bbs/ce/2114/818897/artclView.do,"해외에서 학생 신분을 증명할 수 있으며, 항공권, 숙소 등 다양한 할인 혜택을 가지고 있는 국제학생증 ISIC(International Student Identity Card) 무료발급 행사를 안내합니다.   1) 발급대상: 전남대학교 재(휴)학생 (단, 외국인 학생은 불가)2) 행사기간: ~ 2022년 5월 29일(일)3) 발급절차  가. 온라인 신청서 등록: 전남대학교포털   국제학생증   온라인 신청서 클릭 나.  국제학생증 체크카드 인증비 지원 카드 발급 신청하기  클릭 다. 비대면계좌 등록 및 체크카드 발급 신청 라. 업무",2022-05-25 13:41:53.0
컴퓨터정보통신공학과과,2022학년도 2학기 1차 국가근로장학금 학생 신청 기간 안내(5/24~6/23),https://ce.jnu.ac.kr/bbs/ce/2114/818892/artclView.do,2022학년도 2학기 1차 국가근로장학금 학생 신청 기간을 다음과 같이 안내하오니 신청바랍니다.    가. 신청기간: '22. 5. 24.(화) 09:00 ~ 6. 23.(목) 18:00  나. 신청자격: 대한민국 국적을 소지한 자 중 대학교에 재학 중인 학생으로 다음의 기본 요건을 충족한 학생 - 성적요건: 직전학기 성적 1.75(70점/100점 만점) 이상 - 학자금 지원구간: 8구간 이하다. 신청방법: 한국장학재단 홈페이지 및 모바일 앱을 이용하여 신청 ※ 상세 신청방법  붙임  참고  라. 근로기간: 2022. 9. ~ 20,2022-05-25 13:36:29.0
컴퓨터정보통신공학과과,2022학년도 2학기 국가장학금 1차 신청 안내(5/24~6/23),https://ce.jnu.ac.kr/bbs/ce/2114/818888/artclView.do,"2022학년도 2학기 국가장학금 1차 신청 일정을 다음과 같이 안내하오니 국가장학금 신청바랍니다.  2022년부터 실질적 반값등록금 실현을 위해 국가장학금 지원금액 확대   - (5~6구간) 1,840천원   1,950천원, (7구간) 600천원   1,750천원, (8구간) 337.5천원   1,750천원 - (기초ㆍ차상위) 2,600천원   첫째자녀 3,500천원, 둘째자녀 등록금 전액 - (다자녀) 기초ㆍ차상위~8구간 셋째자녀 이상 2,225천원~2,600천원   등록금 전액 ※ (9구간) 국가장학금Ⅱ유형 예산 범위 내 대학",2022-05-25 13:31:39.0
컴퓨터정보통신공학과과,2022학년도 2학기 등록금재원 교내 장학금 신청 안내(6/7~7/22 17:00),https://ce.jnu.ac.kr/bbs/ce/2114/818882/artclView.do,"2022학년도 2학기 등록금재원 교내 장학금 신청 관련 사항을 안내하오니 장학 기본 충족 사항 및 신청 방법을 확인 후, 기간 내 많은 신청 바랍니다.  1. 신청 대상 : 2022학년도 1학기 이수자 ( 전자컴퓨터공학부 컴퓨터정보통신공학전공, 컴퓨터정보통신공학과 ) 2. 신청 기간 : 2022. 6. 7.(화) ~ 2022. 7. 22.(금) 17:00 [7주간] 3. 장학 기본 충족 사항  : 아래 사항을 만족하는 학생들을 마일리지 순으로 장학금 지급      - 직전학기 평균평점 2.5 이상인 자   - 해당학년 전공 9학점",2022-05-25 11:48:23.0
컴퓨터정보통신공학과과,2022년도 여름철 냉방운영 안내(6/13~9/2),https://ce.jnu.ac.kr/bbs/ce/2114/818651/artclView.do,"'22년 여름철 냉방을 아래와 같이 실시함을 알려드리오니, 각 대학(기관)에서는 구성원들에게 안내하여 주시기 바랍니다. 또한, 냉방 시 붙임 냉방온도 기준에 따른 실내 적정온도를 유지하여 온실가스 감축 및 에너지 절약에 적극 협조하여 주시기 바랍니다.1. 냉방기간 : 2022. 06. 13.(월) ~ 2022. 09. 02.(금)[59일, 공휴일 제외]  ※ 시험가동 : 6. 2.(목) ~ 6. 10.(금)2. 냉방온도 : 실내 평균온도 28℃ 이상 유지(정부 권고 사항)3. 중앙냉방 가동시간오 전오 후일 가동시간09:30 ~ 11",2022-05-24 14:03:07.0
컴퓨터정보통신공학과과,"(주)LS, 초록우산어린이재단 LS드림사이언스클래스 모집 공고(접수: 5/13~6/13)",https://ce.jnu.ac.kr/bbs/ce/2114/818406/artclView.do,,2022-05-19 17:53:46.0
컴퓨터정보통신공학과과,2022학년도 후기 일반대학원 입학 설명회 안내(ICT융합시스템공학과: 4단계 BK21 사업 선정 학과),https://ce.jnu.ac.kr/bbs/ce/2114/818113/artclView.do,2022학년도 후기 일반대학원 입학 설명회 안내- ICT융합시스템공학과 - 2022학년도 후기 일반대학원 신입생 모집과 관련하여 입학설명회 자료를 붙임과 같이 첨부하오니 일반대학원 ICT융합시스템공학과 입학에 관심 있는 학생들의 확인 바랍니다. ▷ 대학원 소개 : ICT융합시스템공학과 소개 및 대학원 과정 안내▷ 연구실 소개 : ICT융합시스템공학과 16개 연구실 소개▷ 지원 및 혜택 : 전남대학교 재원 지원 및 혜택 안내▷ 대학원 입학 안내 : 2022학년도 후기 일반대학원 일반전형 입학 안내      ICT융합시스템공학과는 4단,2022-05-17 10:56:02.0
컴퓨터정보통신공학과과,2022학년도 후기 일반대학원 입학 설명회 안내(전자컴퓨터공학과 컴퓨터정보통신전공),https://ce.jnu.ac.kr/bbs/ce/2114/818112/artclView.do,2022학년도 후기 일반대학원 입학 설명회 안내- 전자컴퓨터공학과 컴퓨터정보통신전공 -  2022학년도 후기 일반대학원 신입생 모집과 관련하여 입학설명회 자료를 붙임과 같이 첨부하오니 일반대학원 전자컴퓨터공학과 컴퓨터정보통신전공 입학에 관심 있는 학생들의 확인 바랍니다. ▷ 대학원 소개 : 전자컴퓨터공학과 컴퓨터정보통신전공 소개 및 대학원 과정 안내▷ 연구실 소개 : 전자컴퓨터공학과 컴퓨터정보통신전공 10개 연구실 소개▷ 지원 및 혜택 : 전남대학교 재원 지원 및 혜택 안내▷ 대학원 입학 안내 : 2022학년도 후기 일반대학원 일반,2022-05-17 10:54:33.0
컴퓨터정보통신공학과과,전남대학교 개교 70주년 기념 도서관  보물사냥꾼  행사 안내,https://ce.jnu.ac.kr/bbs/ce/2114/818085/artclView.do,,2022-05-17 09:19:49.0
컴퓨터정보통신공학과과,NAVER CLOVA AI RUSH 2022 안내(접수:~5/30),https://ce.jnu.ac.kr/bbs/ce/2114/818038/artclView.do,"CLOVA AI RUSH 2022 참가모집을 시작합니다!      [CLOVA AI RUSH 2022]☑실제 네이버 서비스 데이터를 활용해 AI 과제를 해결하고, 네이버 실무진이 멘토로 참여하는 AI 프로젝트 챌린지   ☑모든 본선 참가자에게는 수행비를 지원하고, 우수 참가자들에게는 상금과 채용특전까지!   ☑기존에 진행하던 AI 모델링 프로젝트와 함께 국내 최초 초대규모 AI '하이퍼클로바' 기술을 이용해 직접 서비스 기획을 할 수 있는 AI 기획 프로젝트 분야 신설   [참가분야]- AI 모델링 개발 / AI 서비스 기획   [",2022-05-16 14:39:01.0
컴퓨터정보통신공학과과,전남대학교 개교 70주년  도전 그린벨  개최 안내(접수: 5/20 9:00~21:00),https://ce.jnu.ac.kr/bbs/ce/2114/817793/artclView.do,,2022-05-12 10:42:14.0
컴퓨터정보통신공학과과,[소프트웨어중심대학사업단] SW 개발환경지원 안내(~5/25),https://ce.jnu.ac.kr/bbs/ce/2114/817686/artclView.do,"전남대학교 소프트웨어중심대학사업단에서는 전공교과목 및 SW개발프로젝트에 필요한 클라우드 플랫폼 및 서비스(NHN, NAVER, KT, AWS등)를 지원하고자 하오니 관심있는 학생들의 많은 신청 부탁드립니다.1. 추진일정  - 신청서 접수: ~22.5.25.  - 평가 및 선정: 22.5.26.~31.(화)  - 운영 및 지원: ~22.6.30.(목)2. 세부내용  - 사업대상: 소프트웨어중심대학사업 참여학과 교수, 학생 및 대학원생  - 신청방법: [붙임1] SW전공자 개발환경지원사업 신청서 작성 후 제출  - 제출방법: 이메일 제",2022-05-11 10:34:26.0
컴퓨터정보통신공학과과,2022학년도 1학기 광주·전남 공동교육혁신센터 기초학력 증진 프로젝트 참여 안내(신청: ~5/22),https://ce.jnu.ac.kr/bbs/ce/2114/817673/artclView.do,"광주 전남 공동교육혁신센터에서는 5개 참여대학 대학생의 기초 학습역량 향상을 위한 2022학년도 1학기 기초학력 증진 프로젝트 참여자를 다음과 같이 모집하오니, 많은 학생의 참여 바랍니다. 가. 개요 1) 프로그램명: 광주 전남 공동교육혁신센터 기초학력 증진 프로젝트 2) 운영기간: 2022년 5월 ~ 2022년 8월 3) 참여대상: 광주 전남 공동교육혁신센터 5개 참여대학 재학생 4) 주요내용: 기초과학 4개 교과목(수학, 물리, 화학, 생물) 온라인 학습콘텐츠 제공 나. 신청 1) 신청기간: 2022. 5. 9.(월) ~ 5.",2022-05-11 09:37:14.0
컴퓨터정보통신공학과과,전남대학교 IDEC 2022 스마트 전자회로설계 챌린지(접수:5/15~6/30),https://ce.jnu.ac.kr/bbs/ce/2114/817444/artclView.do,,2022-05-09 10:56:17.0
컴퓨터정보통신공학과과,정부재정지원사업 학생모니터링단 3기 모집 안내(~5/23),https://ce.jnu.ac.kr/bbs/ce/2114/817353/artclView.do,"대학본부에서 정부재정지원사업의 대내 외적 성과확산과 학생참여 활성화를 위해 재정지원사업 학생 모니터링단 3기를 모집합니다. 가. 모집 및 선발 1) 모집기간: 2022. 5. 6.(금)~5. 23.(월) 2) 지원방법: 모집기간 내 지원서 작성 후, 담당자 이메일(nabomm28@jnu.ac.kr) 제출 3) 지원자격: 기간 내 활동 가능한 우리 대학 학부 재학생, 사업 및 콘텐츠 창작에 관심이 있는 학생 4) 선발인원: 5팀 (개인 또는 2인 1팀) 5) 선발 절차 및 일정신청서 접수▶합격자 발표▶발대식 및 OT▶모니터링 활동▶수",2022-05-06 12:01:22.0
컴퓨터정보통신공학과과,2022학년도 하계 계절학기 타 대학교(제주대) 수학 신청 안내(~5/17 11:00),https://ce.jnu.ac.kr/bbs/ce/2114/817072/artclView.do,"2022학년도 하계 계절학기 타 대학교 운영계획을 다음과 같이 안내하오니 수학을 희망하는 학생은 수학신청원을 해당 기한까지 학과사무실로 제출해 주시기 바랍니다.가. 지원자격: 2022년도 1학기 현재 재적중인 자※ 당해학기 졸업(수료)을 목적으로 계절수업을 수강하고자 하는 자는 그 계절수업이 속한 정규학기에 재학한 자에 한함.나.  교류대학 수: 1개 대학만 가능(우리 대학+타 대학교류 가능, 타 대학+타 대학 불가)다. 계절학기 총 수강 가능 학점: 6학점 이내(우리 대학 수강학점과 교류대학 수강학점 포함)라. 타 대학 계절학기",2022-05-02 15:14:55.0
컴퓨터정보통신공학과과,[소프트웨어중심대학사업단] (주)NHN 인턴십 모집 및 추천학생 선발 안내(5/2~5/6),https://ce.jnu.ac.kr/bbs/ce/2114/816955/artclView.do,,2022-04-29 17:54:20.0
컴퓨터정보통신공학과과,2022년 상반기 도전장학(미래) 선발 계획 안내(신청: ~5/24),https://ce.jnu.ac.kr/bbs/ce/2114/816925/artclView.do,"「2022년 상반기 도전장학(미래) 추가 선발 계획」을 다음과 같이 공고하오니 우수한 인재들의 많은 신청바랍니다.  가. 장학생 선발    1) 자격 : 2022년 8월 학사과정 졸업예정자로서 2022학년도 후기 우리 대학교 일반대학원에  진학하려는 자 (학.석사연계과정생도 지원 가능)       ※ 직전학기 성적 평균평점 2.5이상 (전남대학교 장학규정 제3조(장학생의 자격))     2) 장학금 : 인문사회계열 1,700천원, 자연예체능계열 2,300천원       ※ 단, 지원액은 가용예산 범위에 따라 다소 변동 가능함",2022-04-29 15:18:07.0
컴퓨터정보통신공학과과,2022학년도 1학기 기초창의설계경진대회 개최 안내,https://ce.jnu.ac.kr/bbs/ce/2114/816718/artclView.do,"공학교육혁신센터에서는 창의적 설계교육을 통하여 학습 동기(motivation) 부여 및 팀워크 활동의 중요성을 인식시키고, 발표회를 통한 자신감과 성취감 향상의 기회를 제공하여 향후 설계활동의 동기를 부여하기 위한 목적으로 다음과 같이 『2022 기초창의설계경진대회(1학기)』을 개최하고자 합니다. 관심있는 학생들의 참여바랍니다.      - 다    음 -    1. 명    칭: 2022 기초창의설계 경진대회(1학기)2. 일    시: 2022. 6. 2.(목) 14:00~3. 장    소: 공과대학 5호관 A동 203호4. 신청",2022-04-27 13:54:32.0
컴퓨터정보통신공학과과,삼성 청년 SW 아카데미 교육생 모집 안내(5/2~16),https://ce.jnu.ac.kr/bbs/ce/2114/816689/artclView.do,"삼성이 주관하고 고용노동부가 후원하며, 아이들과 미래재단이 함께하는 '삼성 청년 SW 아카데미' 에서 8기 교육생을 모집하고자 합니다. '삼성 청년 SW 아카데미(Samsung Software Academy For Youth, 'SSAFY')는 취업 준비생들을 위해 소프트웨어 역량 향상 교육 및 다양한 취업 지원 서비스를 제공하여 취업에 성공할 수 있도록 돕는 프로그램입니다. ◎ 지원자격 - 만 29세 이하('92.7.1 이후 출생자) - 국내외 4년제 대학 졸업자 및 졸업예정자('22.8월), 전공무관 - 미취업자 대상◎ 모집기간",2022-04-27 09:57:03.0
컴퓨터정보통신공학과과,2022년 「전남대 입학과 SNS 서포터즈」선발 안내(4/29~5/11),https://ce.jnu.ac.kr/bbs/ce/2114/816670/artclView.do,전남대학교 입학본부는 고교생들을 대상으로 학과 및 각종 기관 체험 기회와 정보 제공에 도움을 주고 체험 후기 콘텐츠를 제작하는 프로그램을 아래와 같이 운영합니다. 프로그램에 참여할 「전남대 입학과 SNS 서포터즈」를 선발하고자 하니 관심 있는 학생들의 참여바랍니다.   1) 프로그램 개요프로그램명활동기간활동내용전남대 입학과SNS 서포터즈 22. 5. 27.(금) ~ 8. 31.(수)- 전남대학교 가이드 및 멘토링 활동 - 체험 후기 콘텐츠 생성(고교생) 도움 제공  2) 선발대상: 전남대학교 재학생  ※ 활동 기간 중 학적변동(휴학,2022-04-26 17:49:42.0
컴퓨터정보통신공학과과,검역정보 사전입력시스템(Q-code) 이용 안내,https://ce.jnu.ac.kr/bbs/ce/2114/816546/artclView.do,"중앙방역대책본부에서는 국제선 단계적 일상회복 등 해외 입국자 증가에 대비하여 4월 1일부터 인천 김해 대구국제공항으로 입국하는 모든 입국자를 대상으로 「검역정보 사전입력시스템(Q-code)」을 본격 운영하고 있으며 무안, 김포, 청주, 제주, 양양 등의 지방공항도 개항 일정에 맞추어 시스템 운영을 확대하고자 합니다.이에 각 기관(부서)에서는 대한민국 입국자가 입국 전 「검역정보 사전입력시스템(Q-code)」에 검역정보를 사전 입력하고 입국 시 신속한 검역조사를 받기 바라며 특히 외국인 유학생의 경우 입국 시 이용 바랍니다.붙임",2022-04-25 17:09:49.0
컴퓨터정보통신공학과과,[인공지능혁신공유대학사업단] COSS 서프터즈 모집 안내(4/19~27),https://ce.jnu.ac.kr/bbs/ce/2114/816447/artclView.do,"인공지능혁신공유대학사업단에서는 디지털 혁신공유대학사업을 홍보하고 학생들의 혁신공유대학사업 참여를 활성화하기 위하여 아래와 같이 COSS 서포터즈를 지원하고자 합니다. 1. 모집대상 가. 참여학과 재학생 중 혁신공유대학사업에 관심이 있는 학생으로 혁신공유대학사업의 홍보와 참여할 수 있는 학생  나. 인스타그램, 유튜브, 블로그 등 SNS 활동 및 매체 활용이 가능한 학생 다. 그래픽 편집, 글쓰기, 영상 편집 등 콘텐츠 제작을 즐겨하는 학생 라. 교내 외 서포터즈 등 여러 활동 참여 경험이 있는 학생 마. 활동 기간 중 학적변동(휴학",2022-04-25 09:44:06.0
컴퓨터정보통신공학과과,[소프트웨어중심대학사업단] 2022년도 하반기 K-SW스퀘어 글로벌교육 프로그램 안내(~4/26),https://ce.jnu.ac.kr/bbs/ce/2114/816199/artclView.do,"과학기술정보통신부 및 정보통신기획평가원에서 SW/IT 관련 학부생 대상 글로벌 기술개발 프로젝트 등 교육제공을 위한 [2022년 K-SW스퀘어 가을 프로그램] 참가자를 모집하오니, 많은 지원 바랍니다.1. 프로그램 안내  가. 기간/장소: 2022년 8월 28일 ~ 12월 16일(16주) / 미국 퍼듀대학교(K-SW스퀘어 신설)  나. 교육내용: SW관련 캡스톤디자인프로젝트 수행, 기술세미나 참여, 전공이론 및 영어교육 등  다. 참가비용: 약 1,600만원(참가비+숙박비+식비+항공권/비자/보험 등) 전액 SW중심대학사업단에서 지원",2022-04-20 14:59:42.0
컴퓨터정보통신공학과과,[인공지능혁신공유대학사업단] 2022년 동아리 활동 추가 모집 안내(4/15~27),https://ce.jnu.ac.kr/bbs/ce/2114/815775/artclView.do,"인공지능혁신공유대학사업단에서는『2차년도 2022년 동아리 활동 추가 모집』을 아래와 같이 안내하오니 많은 관심 부탁드립니다.   1. 목적 가. 인공지능 혁신공유대학사업 활성화 및 참여대학 학생 간 교류활동 증진 나. 오픈소스 교육 활성화 추진체계 확립 및 지원   2. 모집기간 가. 활동기간 : 2022. 5. 2(월) ~ 2023. 1. 27(금) (총 9개월) 나. 추가모집기간 : 2022. 4. 15(금) ~ 2022. 4. 27(수)   3. 모집대상 가. 인공지능과 관련된 학습, 연구, 창업 활동을 목적으로 하는 동아리",2022-04-14 13:24:49.0
컴퓨터정보통신공학과과,2022학년도 1학기 특수외국어(이탈리아어 및 라오스어) 특별강좌 운영에 따른 수강생 모집 안내(신청: 4/14~21),https://ce.jnu.ac.kr/bbs/ce/2114/815646/artclView.do,"글로벌교육원에서는 글로벌캠퍼스 조성 추진사업으로 우리 대학 구성원의 특수외국어교육 학습 진흥을 위하여 「2022학년도 1학기 특수외국어 특별강좌」를 운영 예정입니다. 이에 따라 특수외국어(이탈리아어 및 라오스어) 특별강좌 수강생 모집을 아래와 같이 안내하오니, 많은 신청바랍니다.가. 강좌 운영 개요 강좌명대상수강기간기타- 여행 이탈리아어- 여행 라오스어본교 학생및 교직원 2022. 4. 25.(월) ~ 5. 24.(화) 18:30 ~ 20:20[주 2시간, 5주]※ 이탈리어어(월) / 라오스어(화)- 강사: 한국외국어대학교 교수진-",2022-04-13 13:24:27.0
컴퓨터정보통신공학과과,KT AIVLE(에이블) School 2기 교육생 선발 안내(~4/19 17:00),https://ce.jnu.ac.kr/bbs/ce/2114/815616/artclView.do,"KT 전남/전북광역본부에서 AI/DX(인공지능/디지털전환) 청년 인재 양성을 목표로 고용노동부가 후원하고 KT가 운영하는 KT 에이블 스쿨 2기 교육생을 아래와 같이 선발하오니 참여바랍니다.  가. KT AIVLE School 개요 (1) KT가 정부와 함께 청년을 AI/DX 인재로 양성 및 취업까지 연계하는 프로그램 (2) 1년 2회 운영, 3년간 3,600명의 AI개발자, DX컨설턴트 육성(6개월 교육)나. 선발분야 (1) AI개발자, DX 컨설턴트다. 자격요건 - 전남대(학사이상) 졸업자 및  22년 8월 졸업예정자 - 만34",2022-04-13 10:26:42.0
컴퓨터정보통신공학과과,2022학년도 1학기 동원장학재단 장학생 선발 안내(4/26~5/4),https://ce.jnu.ac.kr/bbs/ce/2114/815605/artclView.do,"동원육영재단에서 (재)전남대학교동원장학재단에 출연한 기금을 기탁자의 뜻에 따라 자아개념과 성취욕이 투철하고, 국가와 사회 발전에 기여할 수 있는 우수 인재를 장학생으로 선발하고자 다음과 같이 공고합니다.2022년 4월 11일(재)전남대학교동원장학재단 1. 2022학년도 1학기 장학생 선발인원 및 장학금액    선발인원: 3명   선발 대상자: 3학년 1학기 학부 재학생(휴학자 및 6년제 특수대학 제외)   장학금액: 300만원   장학금 성격: 생활비 지원    2. 신청기간(장소): 2022 4. 26.(화) 09:00～ 5. 4",2022-04-13 10:13:16.0
컴퓨터정보통신공학과과,[소프트웨어중심대학사업단] AWS 클라우드 기초/심화 교육과정 신청 안내,https://ce.jnu.ac.kr/bbs/ce/2114/815538/artclView.do,,2022-04-12 17:21:32.0
컴퓨터정보통신공학과과,[인공지능혁신공유대학사업단] 2022년 1학기 캡스톤디자인 과제 모집 공고(4/7~13),https://ce.jnu.ac.kr/bbs/ce/2114/815222/artclView.do,"인공지능혁신공유대학사업단에서는 2차년도 2022년 1학기 캡스톤디자인 과제 모집을 아래와 같이 안내하오니 많은 관심 부탁드립니다.   1. 사업목적 가. 학생들 스스로 기획 및 설계, 제작을 통하여 창의성과 실무능력을 함양함과 동시에 협업을 통한 상호   복합적인 팀워크 능력을 보유한 창의인재 육성 및 취업활성화에 기여 나. 인공지능혁신공유대학사업단 참여학과의 학생들이 융합과정에서 습득한 학문 지식을 바탕으로 한 실무형 인재양성   2. 신청대상 가.『인공지능혁신공유대학사업』5개 참여학과의 캡스톤디자인 교과목 수강생 나. 2차년도",2022-04-06 19:20:44.0
컴퓨터정보통신공학과과,[인공지능혁신공유대학사업단] 2022년 동아리 활동 모집 공고(4/7~14),https://ce.jnu.ac.kr/bbs/ce/2114/815221/artclView.do,"인공지능혁신공유대학사업단에서는 2차년도 2022년 동아리 활동 모집을 아래와 같이 안내하오니 많은 관심 부탁드립니다.   1. 목적 가. 인공지능 혁신공유대학사업 활성화 및 참여대학 학생 간 교류활동 증진 나. 오픈소스 교육 활성화 추진체계 확립 및 지원   2. 모집기간 가. 활동기간 : 2022. 4. 18(월) ~ 2023. 1. 27(금) (총 10개월) 나. 모집기간 : 2022. 4. 7(목) ~ 2022. 4. 14(목)   3. 모집대상 가. 인공지능과 관련된 학습, 연구, 창업 활동을 목적으로 하는 동아리 나. 참여",2022-04-06 19:14:07.0
컴퓨터정보통신공학과과,2022학년도 런투런 및 학습코칭 참여 안내,https://ce.jnu.ac.kr/bbs/ce/2114/815218/artclView.do,"교육혁신본부 교수학습센터에서는 맞춤형 학습지원을 통한 대학생의 자기주도 학습역량 강화를 위해 런투런 및 학습코칭 프로그램을 운영하고 있습니다. 이번 학기에 런투런 및 학습코칭 프로그램을 통해 대학생들이 학습습관 등을 개선하는 데 도움을 받을 수 있습니다. 1. 프로그램 소개 프로그램 명 내용  런투런(Run to learn)ㆍ학업저성취자 대상 일대일 학습 및 정서 상담ㆍ방식: 대면 또는 비대면(Zoom), 최소 3일 전에 신청ㆍ내용: 학습동기, 학습전략, 학습목표, 정서 및 스트레스 등 상담 온라인 학습코칭ㆍ학습전략 수준 파악 후",2022-04-06 19:00:48.0
컴퓨터정보통신공학과과,[소프트웨어중심대학사업단] TOPCIT 정기평가 안내(~4/15),https://ce.jnu.ac.kr/bbs/ce/2114/815217/artclView.do,"1. 평가일시: 2022. 05. 21.(토), 9:30 ~ 12:00(고사실 입실완료 9:10)2. 평가장소: 전남대학교 용봉캠퍼스 AI융합대학 106호(예정) ※ 응시자 5인 미만일 경우 TOPCIT에서 제공하는 별도 장소에서 시행3. 운영일정구 분일 정내 용수요조사2022. 04. 01. ~ 04. 15.응시자 수요조사명단등록2022. 04. 16. ~ 04. 18.TOPCIT 응시자 명단등록정보등록2022. 04. 19. ~ 04. 22.단체접수자 정보등록응시료 납부2022. 04. 23. ~ 05. 10.사업단 방문 후 직",2022-04-06 18:58:17.0
컴퓨터정보통신공학과과,2022년도 전공 관련 기사 자격증 응시료 지원 신청(상시) 안내(마감),https://ce.jnu.ac.kr/bbs/ce/2114/815043/artclView.do,"2022년도 전공 관련 기사 자격증 응시료 지원(상시)을 아래와 같이 시행하오니 많은 신청바랍니다.          2022년도 전공 관련 기사 자격증 응시료 지원(상시) 신청 안내   신청 기한 상시 접수(예산 소진 시까지)   신청 방법 학과사무실(공7-226) 접수   제출 서류 #9312; (붙임 1) 신청서 1부. #9313; 국가기술자격증 사본 1부. #9314; 응시료 결제 영수증 또는 검정 수수료 납부 확인서 각 1부(필기, 실기 모두). #9315; 본인 명의 통장 사본 1부.     (붙임 1) 신청서 내 본인 서",2022-04-05 10:24:17.0
컴퓨터정보통신공학과과,2022년도 외국어 시험 응시료 지원 신청(상시) 안내(마감),https://ce.jnu.ac.kr/bbs/ce/2114/815041/artclView.do,2022년도 외국어 시험 응시료 지원(상시)을 아래와 같이 시행하오니 많은 신청바랍니다.    2022년도 외국어 시험 응시료 지원(상시) 신청 안내   신청 기간 상시 접수(예산 소진 시까지)   신청 방법 학과사무실(공7-226) 방문 제출   제출 서류 #9312; (붙임 1) 신청서 1부. #9313; 응시료 결제 영수증 1부. #9314; 외국어 시험 성적증명서 1부. #9315; 본인 명의 통장 사본 1부.     (붙임 1) 신청서 내 본인 서명 필수   결제 영수증 출력은 각 시험 관련 홈페이지에서  영수증 출력  또,2022-04-05 10:20:37.0
컴퓨터정보통신공학과과,2022학년도 1학기 글로벌커뮤니케이션잉글리쉬 학점 미취득자 교과목 이수 안내(~6/17)( 22.6.16. 업데이트),https://ce.jnu.ac.kr/bbs/ce/2114/815032/artclView.do,"2022.6.16. 업데이트 사항   ▶ 영어공인 인증 시험(TOEIC Speaking) 성적 환산 기준 변경2014~2018학년도 신입학자, 2016~2020학년도 편입학자 중 글로벌커뮤니케이션잉글리쉬(이하 글커잉) 교과목 학점 미취득 학생은 아래 글로벌커뮤니케이션잉글리쉬 대체 방안 중 택1하여 이수바랍니다. 글로벌커뮤니케이션잉글리쉬 학점 미취득시 졸업이 불가하오니 이 점 유의바랍니다. 1. 대상자 : 글커잉 학점 미취득자 중 2022학년도 1학기 글커잉 성적 인정 희망자 2. 대체 방안 (택 1)  1) 대체교과목 이수 :",2022-04-05 09:44:32.0
컴퓨터정보통신공학과과,2022년 「전남대 전공 알림아리」프로그램 운영을 위한 전공 알리미 선발 안내(~4/7),https://ce.jnu.ac.kr/bbs/ce/2114/814997/artclView.do,"2022 개정 교육과정 및 고교학점제 도입에 따라 전남대학교 입학본부는 진로 설정을 고민하는 고교생들에게 관심학과에 대한 정보 및 진학 설계에 도움을 주는 「전남대 전공 알림아리」 프로그램을 운영합니다. 프로그램에 참여할 전공 알리미 선발을 아래와 같이 시행하니 적극 참여하여 주시기 바랍니다.    1. 지원자격: 전남대학교 1~3학년 재학생 ※ 활동 기간 중 학적변동(휴학/자퇴/제적/졸업/졸업예정 등), 교환학생, 해외파견 등 예정자 지원 불가 2. 신청기간: 2022. 3. 31.(목) ~ 4. 7.(목) 3. 신청방법:  ht",2022-04-04 16:53:18.0
컴퓨터정보통신공학과과,2021학년도 후기(2022년 8월 졸업예정) 외국어영역 점수(~5/3) 및 논문(6/29~7/7) 제출 안내,https://ce.jnu.ac.kr/bbs/ce/2114/814991/artclView.do,"○  제출 안내   졸업자격 영역 전공영역(논문) 외국어영역(공인어학시험 성적표)   제출대상 2022년  8월 졸업예정자 2019학년도 이후 입학한 22년 8월 졸업예정자 중 생활영어1 또는 생활영어2 미이수자   제출기간 22. 6. 29.(수) ~ 7. 7.(목) 1차 : ~22. 5. 3.(화)  2차 : ~22. 7. 7.(목)   제출서류 1. 논문 1부.(제본 필수) ▸ 교수님께 최종 확인 받은 후 제본 진행 ▸ 최종 논문 내지에 지도교수 서명 또는 도장 날인하여 제출 ▸ 2명 이상 팀인 경우, 내용은 동일하게 작성",2022-04-04 16:14:05.0
컴퓨터정보통신공학과과,2022학년도 1학기 면담지도교수 배정 내역,https://ce.jnu.ac.kr/bbs/ce/2114/814951/artclView.do,2022학년도 1학기 면담지도교수 배정 내역 아래와 같습니다. ◎ 면담 방법 : 교수님과 사전 연락 후 방문  (연락처 안내 : 학과소개   교수진   교수 / 교수진 소개(클릭)) ※ 면담 지도교수님과의 상담 내역이 자계부에 등록되면 장학사정시 점수(진로상담) 반영됨(장학안내(클릭)) ◎ 지도교수 찾기 : Ctrl + F   본인 학번 검색      교수명 학번  교수명 학번  교수명 학번  교수명 학번  교수명 학번   김명진 162700  김영철 195186  김진술 151927  박수형 182578  박재형 223428,2022-04-04 12:16:15.0
컴퓨터정보통신공학과과,2022학년도 전남대학교 온라인 폭력예방교육 이수 안내(4/1~11/30),https://ce.jnu.ac.kr/bbs/ce/2114/814834/artclView.do,"대학 등 고등교육 기관은 관련 법령에 따라 매년 폭력예방교육(성희롱 성매매 성폭력 가정폭력)을 연 1회 이상 실시하여야 하는 바, 이에 우리 대학에서는 온라인과 집합교육을 병행하여 실시하고자 하오니 교내 전 구성원은 폭력예방교육을 이수바랍니다.  가. 교육기간 : 2022. 4. 1.(금) ~ 11. 30.(수)    ※ 신입생 : 입학 2개월 이내에 폭력예방교육 실시        (예시 : 3월 1일자 입학한 신입생의 경우 4월 30일까지 이수하여야 함)  나. 교육대상 : 전 구성원(전임 및 비전임교원, 조교, 직원(비정규직 포",2022-04-01 10:58:06.0
컴퓨터정보통신공학과과,영어 말하기 및 글쓰기 1:1 무료 코칭(학부 재학생 대상)  안내(3/29~6/14),https://ce.jnu.ac.kr/bbs/ce/2114/814500/artclView.do,"언어교육원에서는 우리 대학 학부 재학생의 자기주도학습 역량 강화를 통한 외국어 능력 함양을 위해 영어학습센터(English Learning Center)를 개설하여 영어학습지원 서비스를 제공하고자 합니다.   『원어민 강사 영어 말하기 및 글쓰기 1:1 무료 코칭』 서비스를 온라인으로 실시하오니, 재학생들의 많은 참여바랍니다. 가. 기  간: 2022. 03. 29.(화) ~ 06. 14.(화) 나. 신청방법: 전남대학교 언어교육원 홈페이지(https://lec.jnu.ac.kr/) 상단 메뉴-[영어학습센터(English Learn",2022-03-29 14:21:29.0
컴퓨터정보통신공학과과,[소프트웨어중심대학사업단] 2022 산학캡스톤디자인 모집공고(추가)(3/29~4/7),https://ce.jnu.ac.kr/bbs/ce/2114/814417/artclView.do,붙임    1. 2022년 전남대학교 소프트웨어중심대학사업단 산합협력프로젝트(캡스톤디자인) 추가모집 계획(안) 1부.          2. 산학협력프로젝트(캡스톤디자인) 신청서 및 관련서식 1부.  끝.,2022-03-28 18:13:03.0
컴퓨터정보통신공학과과,[미래형운송기기육성사업단] 2022학년도 1학기 혁신인재지원 장학생 선발 안내(~4/5),https://ce.jnu.ac.kr/bbs/ce/2114/814275/artclView.do,"1. 목적   □ 지역, 대학, 기업의 동반성장 협업체계 구축 및 특화사업 추진 □ 학부(컴퓨터정보통신공학과, 전자컴퓨터공학부) 및 대학원(ICT융합시스템공학과, 전자컴퓨터공학과) 재학생(수료생 포함)에게 현장실무 및 기술개발 경험의 기회 제공 2. 지원자격  「프로젝트LAB」, 「기술개발 및 사업화」, 「기업체 현업 프로젝트」에 참여하는 전남대학교 컴퓨터정보통신공학과, 전자컴퓨터공학부, (대학원) 전자컴퓨터공학과, ICT융합시스템공학과 소속 학부생 및 대학원생, 수료후연구생【 필수 조건 】  - 전남대학교 소속 재학생, 수료 후",2022-03-28 09:36:45.0
컴퓨터정보통신공학과과,2022학년도 1학기 동행장학생 선발 안내(4/4~12),https://ce.jnu.ac.kr/bbs/ce/2114/814215/artclView.do,"2022학년도 1학기 동행장학생 선발을 다음과 같이 시행하오니 많은 학생들의 지원 바라며, 지원서는 우리 대학교 포털사이트(장학)를 통하여 접수함을 알려드립니다.    가. 선발인원: 166명(학업장려유형 110명, 취업지원유형 56명)나. 장학금액(1인당): 1,800,000원 다. 접수기간: 2022. 4. 4.(월) 09:00 ~ 4. 12.(화) 18:00 (휴일포함)  라. 지원(신청) 방법 - 전남대학교 포털사이트(http://portal.jnu.ac.kr) 로그인   교육지원   내 학사행정   장학   동행장학금 신청",2022-03-25 16:21:09.0
컴퓨터정보통신공학과과,LG전자 VS연구소 SW채용연계형 신입 채용 설명회 안내(3/30),https://ce.jnu.ac.kr/bbs/ce/2114/814190/artclView.do,"LG전자 VS연구소에서는 자동차 전장 부품/솔루션 사업 성장에 따라 SW R D 분야 신입사원 대규모 채용을 진행하고 있습니다. 아래와 같이 캠퍼스리크루팅도 진행하오니 많은 참여 바랍니다. ▶캠퍼스리크루팅 안내   전남대 * 채용설명회일시 : 2022년 3월 30일(수) 12:00~13:30장소 : 공대7호관 217호 * 채용상담회일시 : 2022년 3월 30일(수) 14:00~16:00장소 : 공대7호관 1층 로비 *채용설명회에 참석해주신 모든 분들께 스타벅스 기프트카드, 샌드위치 제공하며 채용설명회 입장 전 코로나 자가진단검사",2022-03-25 14:39:09.0
컴퓨터정보통신공학과과,포털 아이디(학생 메일 주소) 변경 신청 안내(3/22~),https://ce.jnu.ac.kr/bbs/ce/2114/813820/artclView.do,"학번으로 구성된 포털 아이디 및 학생 메일 주소(학번@jnu.ac.kr)가 숫자 형식에 따른 불편함과 학번 정보 노출 등 이용 활성화에 제약이 있어 아래와 같이 포털 아이디(학생 메일 주소)를 변경할 수 있도록 개선하여 시행하오니 소속 학생들은 변경하여 주시기 바랍니다.- 아 래 -가. 대상- 재학중인 학부생 및 대학원생(22학년도 신입생, 교류/교환학생, 학점은행제 제외)나. 방법- (신청 메뉴) 전남대포털   로그인 - 나의 정보   ID 변경 메뉴를 통해 본인이 신청- (포털 아이디 변경) 학번   변경아이디(5 ~ 20자리",2022-03-22 15:09:01.0
컴퓨터정보통신공학과과,2022학년도 제1학기 최종 등록 및 휴학 신청 기간 안내,https://ce.jnu.ac.kr/bbs/ce/2114/813612/artclView.do,우리 대학교에서는 2022학년도 제1학기 최종 등록기간을 다음과 같이 공고하오니 등록금을 납부하지 못한 학생은 기한 내에 등록금을 납부하시기 바랍니다.   ■ 다      음 ■1. 기    간 : 2022. 3. 29.(화) ~ 3. 31.(목) 16:00 [3일간]  ➣ 2022. 1학기 수업연한 초과자도 위 기간 내에 등록금 납부2. 납입금 납부장소 : 광주은행 및 농협전국 본 지점(지역농협 포함)3. 휴학 신청 : 전남대포털➝로그인➝교육지원➝내학사행정➝학적➝휴학신청◇ 휴학 신청기간◾ 일반휴학(미등록) : 2022. 3. 29,2022-03-21 13:27:53.0
컴퓨터정보통신공학과과,[소프트웨어중심대학사업단] 2022년 산학협력프로젝트(캡스톤디자인) 모집 안내(~3/27),https://ce.jnu.ac.kr/bbs/ce/2114/813517/artclView.do,붙임    1. 2022년 전남대학교 소프트웨어중심대학사업단 산합협력프로젝트(캡스톤디자인) 운영 계획(안) 1부.        2. 산학협력프로젝트(캡스톤디자인) 신청서 및 관련서식 각 1부.  끝.,2022-03-18 20:14:30.0
컴퓨터정보통신공학과과,[소프트웨어중심대학사업단] ICT학점연계프로젝트인턴십 미국 실리콘밸리 인턴 모집(3/14~25),https://ce.jnu.ac.kr/bbs/ce/2114/813236/artclView.do,"▪ 프로그램명: 미국 ICT 학점연계 프로젝트 인턴십 과정▪ 신청기간: 2022. 3. 14.(월) ~ 2022. 3. 25.(금)▪ 신청방법: 취업 진로포털사이트(CAPD)-취업프로그램/현장실습에서 직접 신청▪ 신청대상: 2022학년도 2학기 기준 6학기 이상 등록학생(※23년 2월 졸업자 불가)▪ 신청전공: IT관련 전공, 부전공, 복수전공, 연계전공 중 택1▪ 제출서류: 지원서(붙임1), 영문이력서 및 자기소개서(붙임3), 개인정보활용동의서(붙임2), 재학증명서(영문), 성적증명서(영문), 자기계발활동기록부 각 1부.▪ 주요일",2022-03-16 19:17:33.0
컴퓨터정보통신공학과과,[인공지능혁신공유대학사업단] 2차년도 학생 대상 사업설명회 개최 안내(3/18),https://ce.jnu.ac.kr/bbs/ce/2114/813121/artclView.do,인공지능혁신공유대학사업단에서 사업 소개와 전반적인 프로그램 운영 내용 안내 및 정보 공유를 통한 참여율 향상 제고를 위한 사업설명회를 다음과 같이 개최하오니 관심있는 학생의 참여 바랍니다. 1. 사업설명회 개요 가. 목적 : 「인공지능혁신공유대학사업단」에 대한 소개와 전반적인 프로그램 운영 내용 안내 및 정보공유를 통한 참여율 향상 제고 나. 일정 : 2022.03.18.(금) 11:00 ~ 다. 장소 및 방법 : 온 오프라인 설명회 운영  1) 오프라인 : AI융합대학 210호  2) 온라인 : 참석 설문 응답 시 Zoom 링크,2022-03-15 22:06:14.0
컴퓨터정보통신공학과과,2022학년도 제1학기 수강취소 안내(3/28~29),https://ce.jnu.ac.kr/bbs/ce/2114/813120/artclView.do,❍ 신청기간 : 2022. 3. 28.(월) 09:00 ~ 3. 29.(화) 17:00❍ 취소절차 : 학생이 인터넷으로 포털에서 직접 수강취소 신청 교과목 개설학과에서 취소 승인❍ 취소방법 : 전남대학교 포털사이트(http://portal.jnu.ac.kr)에 접속한 후  교육지원 내학사행정 수업 수강신청 수강취소 신청  선택❍ 수강취소 과목범위  - 수강취소 신청과목은 2과목 이내로 하되 취소 후 수강학점은 1학점 이상을 유지해야 함(수업관리지침 제19조)❍ 수강취소 내역확인  - 수강취소 후 최종 수강신청 내역을 반드시 확인,2022-03-15 21:45:31.0
컴퓨터정보통신공학과과,2022학년도 1학기 교과구분 정정 신청 안내(3/14~21),https://ce.jnu.ac.kr/bbs/ce/2114/812676/artclView.do,"1. 신청 대상   : 휴 복학에 따른 교과과정 적용년도 변경, 부 복수전공 선발, 모집단위간이동(전과) 및 국내 타대학 교류로 인한 교과구분 상이 학생 ▶ 교육과정 적용 기준 : 당초 입학년도 교육과정 적용, 단, 학적변동(복학, 재입학)으로 입학년도 교육과정 적용이 어려울 경우 복학하는 학년도의 소속학년 학생이 입학했던 당시의 교육과정으로 변경 할 수 있음. 2. 신청 유의사항   1) 휴 복학 및 전과에 따른 교과과정 적용년도 변경자의 경우 적용받는 교과과정에 따라 필수 과목이 달라질 수 있으므로 교과과정 적용년도 반드시 확인",2022-03-10 15:29:16.0
컴퓨터정보통신공학과과,2022학년도 1학기 학습꿈터 참여 안내(~3/17),https://ce.jnu.ac.kr/bbs/ce/2114/812673/artclView.do,교육혁신본부 교수학습센터에서는 학사경고자를 포함한 학업저성취자의 기초 학습역량을 향상하고자 학습꿈터를 운영하고 있습니다. 학업 수행에 어려움을 겪고 있는 대학생이 학습꿈터에 참여할 수 있도록 적극적인 협조 부탁드립니다. 또한 교과목 학습에 도움을 줄 수 있는 대학원 및 대학 재학생이 이끄미로 참여할 수 있도록 안내 부탁드립니다. ○ 학습꿈터 공모 내용   구분 내용   모둠 신청 기간 ㆍ2022. 3. 17.(목)까지   모둠 형성 요청 기간 ㆍ2022. 3. 15.(화) 17시까지 ㆍ이끄미 및 따르미 추천을 받고 싶은 경우  모둠,2022-03-10 15:16:52.0
컴퓨터정보통신공학과과,2022학년도 1학기 이뭣고-교학상장 공모 안내(3/7~22),https://ce.jnu.ac.kr/bbs/ce/2114/812347/artclView.do,"교육혁신본부 교수학습센터에서는 2022학년도 1학기 신입생-교수 세미나: 이뭣고-교학상장 참여 모둠을 공모하오니 많은 관심과 참여 바랍니다.    가. 대상 - 지도교수: 전임교원 - 참여학생: 신입생(당해연도 입학생, 1학년 복학생, 전과생, 편입생, 외국인 유학생)                 도우미(2학년 이상 학과(부) 대학생) 나. 모둠 구성(1모둠 기준): 교수 1명, 신입생 4~5명, 도우미 1명(선택)  다. 모임 주제: 신입생의 자기이해, 대학생활, 전공 및 진로에 관해 이해를 돕는 내용 라. 공모 기간: 2022.",2022-03-07 16:44:12.0
컴퓨터정보통신공학과과,2022학년도 하계 계절학기 개설교과목 수요조사 실시 안내(3/8~18),https://ce.jnu.ac.kr/bbs/ce/2114/812323/artclView.do,우리 대학 학생을 대상으로 2022학년도 하계 계절학기 개설교과목에 대한 수요조사를 다음과 같이 실시합니다.가. 신청기간: '22. 3. 8.(화) ~ 3. 18.(금)나. 신청대상: 계절학기 수강 희망 학생다. 신청방법: 전남대학교 포털(http://portal.jnu.ac.kr) 로그인 교육지원 내 학사행정 수업 계절학기 계절수업 개설과목 수요조사라. 기타: 2과목까지 수요조사 신청 가능※ 담당자: 학사과 김지현(530-1063) 붙임    계절학기 개설교과목 수요조사 방법 안내 1부. 끝.,2022-03-07 16:01:29.0
컴퓨터정보통신공학과과,국제전기자동차엑스포 국제 대학생 자율주행 경진대회 안내,https://ce.jnu.ac.kr/bbs/ce/2114/812220/artclView.do,,2022-03-07 11:27:25.0
컴퓨터정보통신공학과과,"2022학년도 사물함 배정 및 정리 안내(사물함 신청: 3/14~15, 사물함 정리 기간: ~3/11)",https://ce.jnu.ac.kr/bbs/ce/2114/812130/artclView.do,"컴퓨터정보통신공학과, 전자공학과 학생회, 소프트웨어공학과 비대위에서 2022학년도 사물함 배정 관련 공지드립니다.○ 사물함 배정 1. 배정 기간 : 3월 14일(월) 18:00 ~ 21:00, 3월 15일(화) 09:00 ~ 13:00 2. 신청 장소 : 공대7호관 113호 3. 신청 방법 : 학생증 혹은 모바일 학생증 지참 후 사물함 번호 직접 방문 신청  ※ 학과 구별 없이 선착순○ 사물함 내 물건 정리 기간 : ~ 3월 11일(금) ※ 정리되지 않을 짐은 각 학과 학생회, 비대위에서 3월12일(토) ~ 13일(일) 정리 예정",2022-03-04 18:16:16.0
컴퓨터정보통신공학과과,코로나19 확진 및 격리 교원‧학생 발생 시 수업 운영 및 출석 인정 안내(2022.3.10. 업데이트),https://ce.jnu.ac.kr/bbs/ce/2114/811843/artclView.do,2022.3.10. 업데이트 사항   - 주요 유의 사항 추가 및 붙임 파일 수정 업로드  2022.3.7. 업데이트 사항    - 수동감시자 지정된 경우 추가  - 코로나19 양성 확진자 포털 등록 안내대학 코로나19 감염예방 관리 제5판 수정에 따라 코로나19 확진 및 격리 교원‧학생 수업 운영 및 출석 인정에 대한 주요 사항을 다음과 같이 알려드리니 상황 발생 시 신속하게 대응해 주시기 바랍니다.      주요 유의 사항            ○  내가  확진‧격리 대상인 경우 접종완료 여부와 관계없이 7일 격리   교원 병,2022-03-02 13:03:58.0
컴퓨터정보통신공학과과,[고용노동부 X 모두의연구소] AI 온라인 교육과정 교육생 모집 안내,https://ce.jnu.ac.kr/bbs/ce/2114/811602/artclView.do,고용노동부와 (주)모두의연구소가 운영하는 K-Digital Credit 과정에 관심있는 학생들이 적극 참여할 수 있도록 홍보에 많은 협조 부탁 드립니다. 가. 교육명: K-Digital Credit 데이터 엔지니어로 가는 파이썬 첫걸음 (온라인) 1) 교육 형태: 실습 위주의 콘텐츠 학습을 기반으로 한 자기주도학습 2) 교육 일정: #9312; 18회차 : 22.02.24.(목) ~ 22.03.25.(금)                  #9313; 19회차 : 22.03.03.(목) ~ 22.04.01.(금),2022-02-25 14:42:19.0
컴퓨터정보통신공학과과,2022학년도 제1학기 추가 등록 및 휴·복학 신청 기간 안내(3/15~17),https://ce.jnu.ac.kr/bbs/ce/2114/811575/artclView.do,우리 대학교에서는 2022. 2. 21.(월) ~ 2. 24.(목) 등록을 실시하였으나 아직까지 등록금을 납부하지 못한 학생이 있어 다음과 같이 추가 등록기간과 휴 복학 기간을 설정 시행하오니 기간내에 등록금 납부와 휴 복학하시기 바랍니다. ■ 다 음 ■ 1. 등록금 납부 기간 : 2022. 3. 15.(화) ~ 3. 17.(목) [3일간] 16:00까지 ➣ 2022. 1학기 수업연한 초과자도 위 기간 내에 등록금 납부2. 납입금 납부장소 : 광주은행 및 농협전국 본 지점(지역농협 포함)3. 휴‧복학 신청 : 전남대포털➝로그인➝교육,2022-02-25 13:58:06.0
컴퓨터정보통신공학과과,2022학년도 1학기 건강밥상(아침식사) 제공 안내(3/2~6/21),https://ce.jnu.ac.kr/bbs/ce/2114/811503/artclView.do,"우리 대학에서는 아침밥 먹기 운동을 통해 학생들의 건강을 증진시키고, 학교생활에 활력을 불어넣기 위하여 건강밥상(아침식사)사업을 시행하고 있으니 학생 여러분께서는 많이 이용해 주시기 바랍니다.    1. 제공기간 : 2022. 3. 2.(수) ~ 6. 21.(화) ※공휴일, 토 일요일 제외2. 이용시간 : 8:00 ~ 8:50(월~금요일)  3. 이용장소 : 제1학생회관 식당(광주캠퍼스)  4. 식단가 : 3,000원(학생부담 1,000원 / 대학 1,000원 / 농림부 1,000원) 5. 식권구입가격: 1,000원 6. 식권구입",2022-02-24 17:03:30.0
컴퓨터정보통신공학과과,2022학년도 재학생 건강검진 실시 안내(3/2~11),https://ce.jnu.ac.kr/bbs/ce/2114/811415/artclView.do,"보건진료소에서는 학생 개인의 건강관리를 위하고 대학내 감염병 질환을 예방하기 위해 '22학년도 재학생 건강검진을 다음과 같이 실시하고자 하오니 많은 협조 부탁드립니다.1. 건강검진 실시기간  (광주캠퍼스) 2022. 3. 2.(수) ~ 3. 11.(금)2. 검진시간 및 장소  (광주캠퍼스) 보건진료소(제1학생회관) 09:30~11:30, 13:00~16:303. 대상인원  가. 신입생 : 정시합격생 및 수시합격생 중 건강검진 미실시자  나. 생활관 입주 희망자 중 건강검진이 필요한 학생  다. 재학생 : 본인 건강검진 확인",2022-02-23 19:28:53.0
컴퓨터정보통신공학과과,[소프트웨어중심대학사업단] SW교학상장(멘토·멘티) 모집 안내(2/21~3/10),https://ce.jnu.ac.kr/bbs/ce/2114/811410/artclView.do,,2022-02-23 18:06:23.0
컴퓨터정보통신공학과과,[소프트웨어중심대학사업단] 2022 SW동아리 모집공고(2/23~3/9),https://ce.jnu.ac.kr/bbs/ce/2114/811409/artclView.do,,2022-02-23 18:04:45.0
컴퓨터정보통신공학과과,2022학년도 제23기 학생홍보대사 선발 공고 안내(접수: 3/14~16),https://ce.jnu.ac.kr/bbs/ce/2114/811337/artclView.do,"대외협력본부 대외협력과에서는 매년 학생홍보대사를 선발하여 캠퍼스(민주길)투어, 대학 홍보 이미지 및 영상 모델, 대내 외 공식 행사 운영지원 등의 활동을 통해 우리대학을 홍보하고 있습니다. 이에 따라, 애교심과 열정을 가진 「2022학년도 제23기 학생홍보대사」를 선발할 예정이오니 신청바랍니다.가. 선발인원: 총 10명(광주 7명, 여수 2명, 외국인 1명)나. 선발일정   구분 추진일정 비고   선발 공고 '22. 2. 28.(월) ~ 3. 11.(금) 대학 홈페이지   지원서 접수기간 '22. 3. 14.(월) ~ 16.(수),",2022-02-23 11:46:43.0
컴퓨터정보통신공학과과,[인공지능혁신공유대학사업단] 클라우드 활용 온라인 특강 신청 안내(2/17~21),https://ce.jnu.ac.kr/bbs/ce/2114/810874/artclView.do,1. 특강 개요  가. 목적 : 클라우드 서비스 이해 및 퍼블릭 클라우드 기반 AI 가상실습환경 체험  나. 일정 : 2022. 2. 23(수) ~ 2022. 2. 24(목)  다. 방법 : 온라인 강의 (참석 링크 : 교육 참가신청자들에게 개별 공지)2. 교육내용일시교육명교육목표1일차2022. 2. 23(수)10:00 ~ 17:00NHN Cloud소개 및 서비스OverviewCloud Computing 개념 이해NHN Cloud 특징 및 서비스 상품에 대한 이해Console 조작 및 NHN Cloud 상품을 활용하여 인프라 구성하,2022-02-17 11:03:15.0
컴퓨터정보통신공학과과,2022학년도 신(편)입생 학생증(스마트카드) 신청 안내(3/2~6),https://ce.jnu.ac.kr/bbs/ce/2114/810792/artclView.do,"코로나19 상황이 장기화됨에 따라 2022학년도 신(편)입생부터 학생증(스마트카드)을 비대면으로 발급받을 수 있도록  비대면 발급 방법 을 도입하였습니다. 이에 2022학년도 신(편)입생 학생증(스마트카드) 발급 계획 및 신청 방법을 다음과 같이 안내드리오니, 학생들은 기한 내에 신청하기 바랍니다. 가. 신청대상 : 2022학년도 신입생(학부, 편입, 대학원) ※ 외국인 학생은 학생증카드 대면(오프라인)발급만 가능  나. 신청기간 : 2022. 3. 2.(수) ~ 2022. 3. 6.(일)  다. 발급일정 및 신청방법 : (붙임 1",2022-02-16 17:46:11.0
컴퓨터정보통신공학과과,[소프트웨어중심대학사업단] 사업단 소개 및 입학전 신입생 SW 교육 안내(교육신청: ~2/17),https://ce.jnu.ac.kr/bbs/ce/2114/810638/artclView.do,"1. 전남대학교 소프트웨어중심대학 참여학과   - (SW학과) 인공지능학부, 소프트웨어공학과, 컴퓨터정보통신공학과   - (비SW학과) 빅데이터융합학과, 지능형모빌리티융합학과, 로봇공학융합전공, IoT인공지능융합전공, 빅데이터금융공학융합전공, 전자공학과(AI스마트전장SW트랙), 지역바이오시스템공학과(생물산업기계공학SW트랙), 문헌정보학과(문헌정보SW트랙)  2. 입학전 신입생 SW교육   - 신청기간: 2022. 02. 07(월)~02.17   - 교육기간 및 교육내용은 아래 참고  3. 소중마일리지(장학금혜택)   - SW중심대학",2022-02-15 18:17:56.0
컴퓨터정보통신공학과과,21학년 전기 학위수여식 및  22학년 입학식 대면 행사 취소에 따른 후속 조치 안내(학위복 대여: 2/23~25),https://ce.jnu.ac.kr/bbs/ce/2114/810637/artclView.do,"코로나19 지역감염이 지속되고 있는 상황에서 다수가 참여하는 행사는 오미크론 확산 우려가 크기에  21학년 전기 학위수여식( 22.2.25.) 및  22학년 입학식( 22.3.2.) 대면 행사를 취소하여 안전한 교육환경을 조성하고자 합니다. □ 학위수여식가. 당초일정: 2022. 2. 25.(금) 10:00나. 대면 행사 취소에 따른 후속 조치 ▷ 메타버스 기반 학위수여식: 전남대학교  CNU 메타버시티  가상 공간에서 졸업생,  재학생 참여하여 학위수여식 행사  ※ 용봉캠퍼스 주요 거점 4곳에 대한 가상공간 구현 후 축하 메시지",2022-02-15 18:12:21.0
컴퓨터정보통신공학과과,2022학년도 1학기 등록금재원 교내 장학금 관련 마일리지 점수 확인 안내(2/4~7 17:00),https://ce.jnu.ac.kr/bbs/ce/2114/809512/artclView.do,"2022학년도 1학기 등록금재원 교내 장학금 관련 마일리지 점수 확인  1. 확인 기간 : 2022년 2월 4일(금) ~ 7일(월) 17:00 2. 확인 방법 : 학과학생마일리지사이트(http://ecescholarship.kr) ▶ 로그인(ID: 학번, 초기PW: 학번) ▶ 본인 마일리지 점수 확인 3. 문의사항 : 062)530-1751 (컴퓨터정보통신공학과, 전자컴퓨터공학부 컴퓨터정보통신공학전공)4. 학과학생 마일리지  장학 사이트 내 학과학생 마일리지실제 반영 학생 마일리지학부학생 마일리지 점수(1000점) 총점(1000점)",2022-02-04 20:57:28.0
컴퓨터정보통신공학과과,[2~4학년] 2022학년도 1학기 수강신청 안내(2022.2.8. 업데이트),https://ce.jnu.ac.kr/bbs/ce/2114/809480/artclView.do,"2022.2.8. 업데이트 사항    - 수강신청 교과목 (소프트웨어공학응용, 디지털신호처리, 모바일통신시스템) 수강시간 및 강의실 변경(포털에서 확인)2022학년도 1학기 컴퓨터정보통신공학과/컴퓨터정보통신공학전공2~4학년 수강신청 안내   ※ 타과 개설 교과목 여석 문의 시 전화예절을 지켜주시기 바랍니다.    ❏ 수강신청 방법   수강신청 방법 전남대학교 포털(http://portal.jnu.ac.kr) ➔ 로그인 ➔ 교육지원 ➔ 내학사행정 ➔ 수업 ➔ 수강신청 ➔ 수강신청(학부) 또는 수강신청(간편)    ❏ 수강신청 일정",2022-02-04 19:20:05.0
컴퓨터정보통신공학과과,2022학년도 1학기 국가장학금 2차 신청 안내(2/3~3/16),https://ce.jnu.ac.kr/bbs/ce/2114/809383/artclView.do,"2022학년도 1학기 국가장학금 2차 신청 일정을 다음과 같이 안내하오니 각 대학에서는 학생들이 국가장학금을 신청할 수 있도록 적극 안내하여 주시기 바랍니다.     2022년부터 국가장학금 지원금액 확대   - (5~6구간) 1,840천원   1,950천원, (7구간) 600천원   1,750천원, (8구간) 337.5천원   1,750천원 - (기초ㆍ차상위) 2,600천원   첫째자녀 3,500천원, 둘째자녀 등록금 전액 - (다자녀) 기초ㆍ차상위~8구간 셋째자녀 이상 2,225천원~2,600천원   등록금 전액   가. 신청대",2022-02-04 09:44:38.0
컴퓨터정보통신공학과과,[1학년] 2022학년도 1학기 수강신청 안내,https://ce.jnu.ac.kr/bbs/ce/2114/809340/artclView.do,"2022학년도 컴퓨터정보통신공학과 1학년 수강신청 안내    ※ 타과 개설 교과목 여석 문의 시 전화예절을 지켜주시기 바랍니다.    ❏ 수강신청 방법   수강신청 방법 전남대학교 포털(http://portal.jnu.ac.kr) ➔ 로그인 ➔ 교육지원 ➔ 내학사행정 ➔ 수업 ➔ 수강신청 ➔ 수강신청(학부) 또는 수강신청(간편)   신입생 로그인 정보 포털 아이디(학생 계정) 발급 후 수강신청 가능 ▸ 가입방법 : 전남대포털 ➔ 회원가입하기 ➔ 약관동의 ➔ 본인확인 ➔ 학번확인 ➔ 회원가입 ➔ 완료 ※ 학적에 등록된 성명, 생년월일",2022-02-03 17:27:37.0
컴퓨터정보통신공학과과,제1회 「전기안전 정책 경진대회」개최 안내(접수: 2/1~28),https://ce.jnu.ac.kr/bbs/ce/2114/809309/artclView.do,"한국전기안전공사는 전기안전에 대한 대국민 공감대 형성 및 안전문화 확산을 위해 제1회「전기안전 정책 경진대회」를 개최하고자 합니다. 이에 관심있는 대학(원)생들의 공모전 참여 바랍니다.   가. 대회개요 / 세부내용 (붙임1) 참조    1) (공모일정) 접수( 22.2.1.~2.28.), 심사( 22.3~4월 중), 최종 결과발표( 22.4월 둘째 주 예정)    2) (참가자격) 대학부(3인 이내 팀) 및 일반부(개인 또는 3인 이내 팀)    3) (심사방법) 예선(서면심사), 본선(현장 PT심사)    4) (시상내역) 표창",2022-02-03 15:01:23.0
컴퓨터정보통신공학과과,2022학년도 1학기 국내 ICT 학점연계 인턴십 신청 안내,https://ce.jnu.ac.kr/bbs/ce/2114/809304/artclView.do,"취업에 필요한 구직역량강화 기술을 습득하여 대학생의 취업 경쟁력을 확보하고, 우리 대학의 취업률 제고를 위해 정보산업연합회 「국내 ICT 학점연계 인턴십 프로그램」을 안내하오니, 관심있는 학생의 지원 바랍니다.    ▪ 수행 기간: 2022. 3. ~ 2022. 6. ▪ 접수 기간: 2022. 1. 26.(수) 이후부터 가능 ▪ 접수 방법: 정보산업연합회 홈페이지에서 직접 신청(http://ictintern.or.kr/)  ▪ 신청 자격  - 4학기 이상 이수하고 22학년도 1학기 등록이 가능한 학생  - IT관련 학과의 주전공,",2022-02-03 14:53:56.0
컴퓨터정보통신공학과과,2022학년도 1학기 외국인 버디 프로그램 참가자 선발 안내(~2/8),https://ce.jnu.ac.kr/bbs/ce/2114/809293/artclView.do,"학부 외국인 유학생(신 편입, 교환학생)의 대학생활 적응력을 높이고, 재학생의 글로벌 역량을 강화하기 위하여 다음과 같이 2022학년도 1학기 외국인 버디 프로그램을 운영하고자 하오니 관심있는 학생들의 많은 참여 바랍니다.가. 지원 자격: 우리대학 학부 재학생나. 주요 일정구 분일 정내 용모집 공고 및 신청서 접수2022. 1. 28.(금) ~ 2. 8.(화)- 국제협력본부 홈페이지 온라인접수면접대상자 발표2022. 2. 10.(목)국제협력본부 홈페이지 게시선발면접(외국어구술 및 면접)2022. 2. 14.(월) ~ 2. 17.(목",2022-02-03 14:24:41.0
컴퓨터정보통신공학과과,2022학년도 대학생활안내 책자 발간 안내,https://ce.jnu.ac.kr/bbs/ce/2114/809269/artclView.do,"우리 대학교 신입생 및 재학생들의 대학생활에 도움이 될 수 있도록 대학생활, 기관소개 등 학사업무 전반에 관한 정보를 수록한 '2022학년도 대학생활안내' 자료를 붙임과 같이 발간하여 첨부하오니 학생들의 많은 활용바랍니다. ※ 자료 열람 : 전남대학교 홈페이지 - 커뮤니티 - 공지사항 참조※ 대학생활안내는 책자로 발간하지 않고, 홈페이지에 게시하여 e-manual로 활용함  붙임  2022학년도 대학생활안내 자료 1부.  끝.",2022-02-03 13:39:37.0
컴퓨터정보통신공학과과,신입생 포털 아이디(학생 계정) 발급 안내,https://ce.jnu.ac.kr/bbs/ce/2114/808715/artclView.do,"신입생 학생 계정 발급 방식을 학번 ID 자동 생성 방식에서 학생 회원가입을 통한 아이디 등록 방식으로 개선하여 시행하고자 하오니 아래 내용 확인바랍니다.가. 개선사항  - (포털 아이디) 학번   본인 입력(5 ~ 20자리 이하의 문자+숫자+특수문자  - , _  조합가능)  - (비밀 번호) 생년월일   본인 입력(9~20자리 이하의 문자+숫자+특수문자)  - (이메일 주소) 학번@jnu.ac.kr   포털아이디@jnu.ac.kr(학생메일 가입 시) 나. 대 상  - `22년 1월 20일 이후 등록되는 신입생(학부생, 대학원생,",2022-01-25 14:59:36.0
컴퓨터정보통신공학과과,2022학년도 1학기 수강신청 안내,https://ce.jnu.ac.kr/bbs/ce/2114/808701/artclView.do,1. 주요 일정 업무내용 기간 시간 대상 내용  수강희망과목 예약 신청 '22.2.10.(목) ~2.11.(금) 09:00～ 18:00◎ 학부 전 학년 공통◎학부생만 해당(대학원생 제외)◎ 수강희망과목 예약을 했더라도 수강신청이 확정된 것이 아니며 반드시 수강신청기간에 수강신청을 해야함.◎ 모바일 수강희망과목예약 가능(09:00~18:00) 수강 신청 대학원생 '22.2.15.(화) ~2.22.(화) 09:00～ 18:00◎ 재학생◎ 타대학 교류학생◎ 재입학자◎ 시간제 등록생◎  22. 1학기 복학자 또는 복학예정자◎ 대학원생◎ 모,2022-01-25 14:26:10.0
컴퓨터정보통신공학과과,「2021학년도 하반기 도전장학(미래) 3차 선발 계획」 공고 안내(신청: ~1/26),https://ce.jnu.ac.kr/bbs/ce/2114/808305/artclView.do,"「2021학년도 하반기 도전장학(미래) 3차 선발 계획」을 다음과 같이 공고하오니 우리 대학교 일반대학원에 진학하려는 학생은 신청바랍니다.  1. 장학생 선발  가. 자격 : 2022년 2월 학사과정 졸업예정자로서 2022학년도 전기 우리 대학교 일반대학원에 진학하려는 자(학.석사연계과정생도 지원 가능)   ※ 직전학기 성적 평균평점 2.5이상 (전남대학교 장학규정 제3조(장학생의 자격))    나. 장학금 : 인문사회계열 1,700천원, 자연예체능계열 2,300천원   ※ 단, 지원액은 가용예산 범위에 따라 다소 변동 가능함  다",2022-01-20 19:03:46.0
컴퓨터정보통신공학과과,2022 ECONOVATION WINTER DEV 개최 및 신청 안내(~1/26),https://ce.jnu.ac.kr/bbs/ce/2114/808087/artclView.do,"❄️ 2022 ECONOVATION WINTER DEV ❄️ 안녕하세요! 전남대학교 개발 동아리 에코노베이션입니다! 에코노베이션은 한 학기 단위로 팀 프로젝트를 진행해왔는데요! 😃 웹, 앱, 인공지능, 게임 등 다양한 분야의 프로젝트 발표가 이루어지는 2022 WINTER DEV가 개최됩니다. 발표가 궁금한 누구든 참여할 수 있는 2022 WINTER DEV는 에코노베이션에서 진행되는 프로젝트를 만나 볼 수 있는 좋은 기회인데요! 다양한 분야의 학과 사람들이 모여 만들어낸 작품이 궁금하거나? 🤔에코노베이션에 관심이 있다면! 😃",2022-01-19 11:29:14.0
컴퓨터정보통신공학과과,[미래형운송기기육성사업단] 2022학년도 1학기 혁신인재지원 장학생 선발 계획 안내,https://ce.jnu.ac.kr/bbs/ce/2114/807027/artclView.do,"1. 목적   □ 지역, 대학, 기업의 동반성장 협업체계 구축 및 특화사업 추진  □ 학부(컴퓨터정보통신공학과, 전자컴퓨터공학부) 및 대학원(ICT융합시스템공학과, 전자컴퓨터공학과) 재학생(수료생 포함)에게 현장실무 및 기술개발 경험의 기회 제공 2. 지원자격  「프로젝트LAB」, 「기술개발 및 사업화」, 「기업체 현업 프로젝트」에 참여하는 전남대학교 컴퓨터정보통신공학과, 전자컴퓨터공학부, (대학원) 전자컴퓨터공학과, ICT융합시스템공학과 소속 학부생 및 대학원생, 수료후연구생    【 필수 조건 】  - 전남대학교 소속 재학생,",2022-01-06 15:10:05.0
컴퓨터정보통신공학과과,"2022학년도 1학기 한국장학재단 농촌출신대학생 학자금 융자사업 안내(1차: 1/3~14, 2차: 2/3~23)",https://ce.jnu.ac.kr/bbs/ce/2114/806982/artclView.do,한국장학재단에서 농어업인 교육비 부담 경감 및 농어촌출신 대학생에 대한 균등한 교육기회 제공을 위하여 「2022학년도 1학기 농촌출신대학생 학자금지원사업」을 아래와 같이 시행하오니 학생들에게 공지하여 주시기 바랍니다.가. 주요 일정구 분1차(재학생 및 신입생군*)2차(재학생 및 신입생군*)비고신청 및 서류제출 22. 01. 03.(월) ~ 01. 14.(금) 22. 02. 03.(목) ~ 02. 23.(수)   융자 실행 22. 02. 14.(월) ~ 04. 08.(금) 22. 03. 17.(목) ~ 04. 08.(금)학생 개인별,2022-01-06 09:30:29.0
컴퓨터정보통신공학과과,2022학년도 제1학기 등록 안내(2/21~24 16:00),https://ce.jnu.ac.kr/bbs/ce/2114/806712/artclView.do,"2022학년도 제1학기 등록금 납부를 다음과 같이 공고하오니 등록에 차질 없으시기 바랍니다.   1. 기 간: 2022. 2. 21.(월) ~ 2. 24.(목) 16:00까지 [4일간]2. 장 소: 광주은행 및 농협 전국 본 지점(지역농협 포함)3. 등록금 분할납부 방법 가. 신청대상: 경제사정으로 정해진 기간내에 등록금 전액 납부가 어려워 분할납부하고자 하는 학생 [신청제외자 : 학부 및 대학원 신입생, 전액 장학금 수혜자, 미등록 휴학예정자, 수업연한초과자] 나. 신청기간 : 2022. 1. 7.(금) ～ 1. 28.(금)",2022-01-03 09:25:06.0
컴퓨터정보통신공학과과,2021학년도 광주·전남 공동교육혁신센터 IT역량 강화 프로그램  참여자 모집 안내(신청:  21.12.22~ 22.1.3.),https://ce.jnu.ac.kr/bbs/ce/2114/805997/artclView.do,,2021-12-27 10:46:44.0
컴퓨터정보통신공학과과,2022학년도 1학기 전남대학교 「미국 ICT 학점연계 프로젝트 인턴십」 참여학생 모집 안내(12/20~1/3),https://ce.jnu.ac.kr/bbs/ce/2114/805959/artclView.do,"우리 대학의 글로벌 경쟁력확보 및 대학생의 역량강화를 위해 미국 ICT 학점연계 프로젝트 인턴십 과정에 대해 아래와 같이 모집하오니, 많은 신청바랍니다.  ▪ 프로그램명 : 미국 ICT 학점연계 프로젝트 인턴십 과정  ▪ 신청기간 : 2021. 12. 20.(월) ~ 2022. 1. 3.(월)  ▪ 신청방법 : 취업 진로포털사이트(CAPD)-취업프로그램/현장실습에서 직접 신청  ▪ 제출서류 : 지원서(붙임3), 영문이력서 및 자기소개서(붙임4), 개인정보활용동의서(붙임5), 재학증명서(영문), 성적증명서(영문), 자기계발활동기록부",2021-12-27 09:38:00.0
컴퓨터정보통신공학과과,[반도체설계교육센터] 동계 단기 강좌 안내,https://ce.jnu.ac.kr/bbs/ce/2114/805855/artclView.do,,2021-12-24 13:42:12.0
컴퓨터정보통신공학과과,제2회 연구개발특구 AI SPARK 챌린지(인공지능 경진대회) 안내(접수: ~1/6),https://ce.jnu.ac.kr/bbs/ce/2114/805810/artclView.do,연구개발특구진흥재단은 데이터 및 인공지능 기술을 통해 기업의 문제해결을 지원하고자 「제2회 연구개발특구 AI SPARK 챌린지(인공지능 경진대회)」를 개최합니다.    가. 대 회 명 : 제2회 연구개발특구 AI SPARK 챌린지(인공지능 경진대회) 나. 대회기간 : 2022.1.7 ~ 2022.2.4 다. 대회주제 : 엣지 환경에서의 가축 Objection Detection(`K-선도 연구소기업`의 수요문제 해결) 라. 참가대상 : 데이터 활용 및 인공지능을 통한 문제해결에 관심있는 누구나 ※ 개인 또는 팀(최대4명) 마. 대회상,2021-12-23 17:58:47.0
컴퓨터정보통신공학과과,2022년도 1학기 대학직장 예비군 전입 신청 및 개인 정보 수정 안내(2022.1.3.~),https://ce.jnu.ac.kr/bbs/ce/2114/805792/artclView.do,"2022년도 1학기 재학생 중 대학직장 예비군(전남대학교연대 소속)으로 편성되지 않은 학생은 예비군연대로 전입 신청 및 정확한 훈련 안내를 위하여 개인 정보를 수정바랍니다.  가. 대상 : 2022년도 1학기 대학(원) 재학생(신입, 편입, 복학, 전과생 포함)    1) 신청 기간 : 2022. 1. 3.(목) ~    2) 신청 절차 : 전남대학교 포털 내 학사행정 병무 예비군 전입 신청    3) 전입 신청 4~5일 경과 후 예비군 홈페이지에서 소속 부대 변경 여부 확인  나. 소속 부대 확인 및 개인 정보 수정 절차   구분",2021-12-23 17:17:04.0
컴퓨터정보통신공학과과,2022학년도 1학기 모집단위간이동(전과) 시행 공고(1/3~6),https://ce.jnu.ac.kr/bbs/ce/2114/805699/artclView.do,2022학년도 1학기 모집단위간이동(전과)을 다음과 같이 실시하오니 해당 기간내 신청하기 바랍니다.  1. 주요 일정   구분 일정 비고   공고 2022. 12. 22.(수) 학과 홈페이지   원서 접수 2022. 1. 3.(월) ~ 1. 6.(목) 포털 신청   전출 승인 2022. 1. 6.(목) 학과(부) 및 대학   전출 합격자 발표 2022. 1. 11.(화) 전남대학교 홈페이지   전입 대상자 사정 및 선발 2022. 1. 10.(월) ~ 1. 13.(목) 학과   전과 합격자 발표 2022. 1. 20.(목) 전남대학,2021-12-22 16:57:53.0
컴퓨터정보통신공학과과,[BK21 IoT융합지능형도시안전플랫폼교육연구단] 2021 성과교류  OPEN LAB(12/27 15:00),https://ce.jnu.ac.kr/bbs/ce/2114/805479/artclView.do,,2021-12-21 13:56:32.0
컴퓨터정보통신공학과과,「2021년 하반기 도전장학(미래) 추가 선발 계획」 공고 안내(신청: ~12/29),https://ce.jnu.ac.kr/bbs/ce/2114/805338/artclView.do,"2021년 하반기 도전장학(미래) 추가 선발 계획」을 다음과 같이 공고하오니 우수한 인재들의 많은 신청바랍니다.  가. 장학생 선발     1) 자격 : 2022년 2월 학사과정 졸업예정자로서 2022학년도 전기 우리 대학교 일반대학원에  진학하려는 자 (학.석사연계과정생도 지원 가능)       ※ 직전학기 성적 평균평점 2.5이상 (전남대학교 장학규정 제3조(장학생의 자격))      2) 장학금 : 인문사회계열 1,700천원, 자연예체능계열 2,300천원       ※ 단, 지원액은 가용예산 범위에 따라 다소 변동 가능함",2021-12-20 14:14:09.0
컴퓨터정보통신공학과과,2022학년도 1학기 학부 및 대학원 재입학 실시 안내(2022.1.3.~7.),https://ce.jnu.ac.kr/bbs/ce/2114/805335/artclView.do,2022학년도 1학기 학부 및 대학원 재입학 실시를 알려드리니 재입학 희망학생은 아래 일정에 따라 원서 제출바랍니다.  가. 세부 일정업 무 명일 정비 고실시 공고2021. 12. 16.(금)대학 홈페이지 공지(본부)재입학 원서접수2022. 1. 3.(월) ~ 1. 7.(금)학생   학과(부)대상자 내신 후 명단제출일2022. 1. 14.(금)학과(부)   단과대학재입학 허가2022. 1. 25.(화)대학 홈페이지 공지(본부)  나. 재입학 요건○ 미복학 미등록 학사경고 제적자 및 자퇴자(학부 대학원생 공통)○ 학칙 제30조 4항에,2021-12-20 14:06:10.0
컴퓨터정보통신공학과과,2022학년도 제1학기 부·복수(연계)전공 및 융합전공 취소 신청 및 이수자 선발 안내(2021.12.22. 업데이트),https://ce.jnu.ac.kr/bbs/ce/2114/805024/artclView.do,2021.12.22. 업데이트 사항   ▶ 부 복수(연계)전공 이수자 신청 기간 변경  - (변경 전) 2022. 1. 3.(월) ~ 2022. 1. 5.(수)  - (변경 후) 2022. 1. 3.(월) ~ 2022. 1. 7.(금)2022학년도 제1학기 부 복수(연계)전공 취소 신청 및 이수자 선발을 아래와 같이 시행하오니 기간내 신청하기 바랍니다. 1. 주요 일정   구분 일정 신청방법 비고   부 복수(연계) 및 융합전공 취소 신청 2021. 12. 22.(수)  ~ 12. 24.(금) 1) 부 복수(연계)전공: 전남대,2021-12-15 16:59:32.0
컴퓨터정보통신공학과과,2021학년도 전기(2022년 2월) 학부 졸업(수료)대상자 유보 신청 안내( 21.12.20~ 22.1.5.),https://ce.jnu.ac.kr/bbs/ce/2114/805010/artclView.do,"2021학년도 전기(2022년 2월) 학부 졸업(수료) 대상자 중 2022학년도 1학기 학적사항을 ""재학""으로 유지하고자 희망하는 학생은, 졸업(수료) 유보를 신청하기 바랍니다. 1. 신청기간 : 2021. 12. 20.(월) ~ 2022. 1. 5.(수) 18시까지 (추가 신청 기간 없음)2. 신청방법 : 전남대학교 포털사이트(http://arsam.jnu.ac.kr/)   교육지원   내 학사업무   등록   학부 졸업(수료)유보 선택3. 졸업(수료) 유보 고지서 출력(학생 개별 출력) :포털   등록   학부 졸업(수료)유보",2021-12-15 16:10:14.0
컴퓨터정보통신공학과과,2022학년도 1학기 휴학·복학 신청 기간 안내,https://ce.jnu.ac.kr/bbs/ce/2114/805007/artclView.do,1. 신청기간 가. 휴학   휴학 종류 신청 기간 대상자   일반휴학(등록) 2022. 2. 21.(월) ~ 4. 25.(월)   등록금 납부 후 휴학을 원하는 자   일반휴학(미등록) 2022. 2. 21.(월) ~ 2. 24.(목)   등록금 납부하지 않고 휴학을 원하는 자 ※ 등록 기간 내에만 휴학 신청 가능   휴학연장 2022. 2. 21.(월) ~ 2. 24.(목)   휴학 만료일이 2022. 2. 28.까지인 자   군휴학(복무신고) 입영일 한 달 전 ~ 입영일   학기 중에 군입대하는 학생 중 미등록으로 군휴학을 원하,2021-12-15 15:47:47.0
컴퓨터정보통신공학과과,2021학년도 2학기 최종 수업평가 실시 안내(2021.12.16.~2022.1.5.),https://ce.jnu.ac.kr/bbs/ce/2114/804781/artclView.do,2021학년도 2학기 최종 수업평가를 다음과 같이 실시하오니 학생들의 전 교과목에 대한 수업 평가를 해주시기 바랍니다.○ 학생 최종 수업평가    1) 기간 :  21. 12. 16.(목) ~  22. 1. 5.(수)    2) 방법 : 전남대학교포털 교육지원 내 학사행정 성적 수업평가 최종 수업평가       ※ 수강신청 전과목에 대한 수업평가를 완료해야 성적 열람이 가능함.,2021-12-14 11:14:37.0
컴퓨터정보통신공학과과,2022학년도 1학기 재학생 신규 국가유공자(자녀 포함) 및 가족장학금 대상자 제출 안내(~ 22/1/5),https://ce.jnu.ac.kr/bbs/ce/2114/804748/artclView.do,"2022학년도 1학기 재학생 신규 국가유공자(자녀 포함) 등 법정 장학 또는 가족장학 대상자를 우선 선발하여 장학금을 지급하고자 하오니, 해당 학생은 증빙서류를 학과사무실로 제출하시기 바랍니다. ▶제출기한 : ~2022년 1월 5일(수)▶제출장소 : 이메일(eb8916@jnu.ac.kr) 또는 방문(공7-229) 제출▶제출서류 : 해당 증빙 서류  ◎ 장학 대상자 및 자격 구분수혜자격증빙서류장학금비고재학생 신규 국가유공자 또는 그의 자녀 등 법정 장학대상자독립유공자예우에 관한 법률 제15조제2항 해당자, 국가유공자 등 예우 및 지원",2021-12-14 10:02:46.0
컴퓨터정보통신공학과과,[인공지능혁신공유대학사업단] 캡스톤디자인 경진대회 개최 안내(접수: 12/8~14),https://ce.jnu.ac.kr/bbs/ce/2114/804249/artclView.do,"인공지능혁신공유대학사업단에서 2021 캡스톤디자인 산학연계 경진대회를 개최하오니, 관심있는 학생의 많은 참여 바랍니다. 1. 행사명 : 2021년 캡스톤디자인 산학연계 경진대회2. 일정 - 신청서 접수 : 2021.12.08.(수) ~ 2021.12.14.(화) - 서면평가 : 2021.12.15.(수) ~ 2021.12.16.(목) - 서면평가 상위 팀 결과발표 : 2021.12.17.(금) - 서면평가 상위 팀 포스터 자료 제출 : 2021.12.17.(금) ~ 2021.12.20.(월) - 경진대회 포스터 발표 : 2021.1",2021-12-08 18:18:41.0
컴퓨터정보통신공학과과,2022년 1학기 삼성드림클래스 대학생 멘토 선발 안내(접수: 12/6~20),https://ce.jnu.ac.kr/bbs/ce/2114/804239/artclView.do,"삼성드림클래스는 중학생들이 자신의 꿈을 찾고 도전하도록 롤모델로서 이끌어 줄 우수한 역량, 봉사정신을 겸비한 대학생 멘토를 다음과 같이 선발한다 하오니 학생들의 지원바랍니다. 가. 지원자격 : 국내 대학(원) 재학생      (2022년 중 수료생, 학기초과자는 제외, 활동약정기간 중 휴학 시 활동 지속 가능) 나. 활동기간 :  2022. 3. 1. ~ 2023. 2. 28.(1년간) 다. 지원서 접수기한/장소 : 2021. 12. 6.(월) 14:00 ~ 12. 20.(월) 10시  / 삼성드림클래스 홈페이지 라. 서류합격발표",2021-12-08 16:37:40.0
컴퓨터정보통신공학과과,AICON 광주 2021 개최(12/16~18),https://ce.jnu.ac.kr/bbs/ce/2114/804006/artclView.do,"AICON 광주 2021이 개최됨에 따라 관심 있는 분의 많은 참석 부탁드립니다. 1. 행사명 : AICON 광주 20212. 슬로건 : 세상의 AI, 빛나는 이곳에서3. 일시 : 2021.12.16.(목) 14:00 ~ 12.18.(토) 18:004. 장소 : 김대중컨벤션센터 1층 전시홀 1 2, 2층 회의장5. 주최 : 광주광역시, 과학기술정보통신부, 정보통신산업진흥원6. 주관 : 인공지능산업융합사업단7. 주요 프로그램 가. 부대행사 : 개막식, 기조강연(2인), 네트워킹 파티 나. 컨퍼런스 포럼 : AI 컨퍼런스, 포럼(토론회",2021-12-07 13:26:39.0
컴퓨터정보통신공학과과,[SW중심대학사업단] 2021년 제1차 소중마일리지 신청(추가) 기간 안내(~12/9),https://ce.jnu.ac.kr/bbs/ce/2114/803975/artclView.do,"소프트웨어중심대학사업단에서는 본 사업단 프로그램, 교육, 행사 등에 1회 이상 참여한 학생들에게 소중마일리지(장학금)를 지급하고자 합니다. 아래내용을 참고하시고 해당학생은 기한 엄수하시어 사업단에 방문제출 해주시길 바랍니다.○ 장소 : AI융합대학 2층 208(SW중심대학사업단행정실)○ 기한 : 12. 09. (목) 17:00까지 ※방문접수필수, 기한엄수※ ○ 대상 : 소중사업단 참여학과 재학생(학부생) **소프트웨어중심대학사업단 프로그램, 교육, 행사에 1회 이상 참여한 학생** (ex. 클라우드 기초교육, 산학협력프로젝트, SW",2021-12-07 09:28:50.0
컴퓨터정보통신공학과과,코로나19로 인한 긴급 경제사정 곤란자 지원 장학(학부 재학생) 선발 안내(12/3~14),https://ce.jnu.ac.kr/bbs/ce/2114/803944/artclView.do,"코로나19로 인한 학부모 등의 실직(비자발적) 폐업 등 경제적 어려움을 겪고 있는 학부 재학생들의 등록금 부담 완화를 위하여 긴급 경제사정 곤란자 장학금을 지원하고자 하오니, 해당 학생은 기간 내 신청하여 주시기 바랍니다. □ 지원 기준 ○ (지원 대상) 코로나 19로 인해 '21. 6월 ~ '21. 10월 기간에 학부모 등 비자발적 실직 또는 폐업 휴업으로 경제사정이 곤란한 학부 재학생*에게 심사 후 지원 * 미혼인 경우: 부모, 본인 / 기혼인 경우: 본인, 배우자에 해당 ○ (지원 장학) 대상자에 따라 장학금 재원 구분하여 선",2021-12-06 15:36:03.0
컴퓨터정보통신공학과과,2021 IoT·AI 교육 프로그램(RPA) 단기과정 개최 안내(신청: ~12/10),https://ce.jnu.ac.kr/bbs/ce/2114/803890/artclView.do,"4차산업혁명과 팬데믹 장기화로 인한 비대면 시대를 맞이하여 산업전반에 광범위하게 확산하고 있는 로봇프로세스자동화 시스템의 개념과 활용을 실습해 봄으로써 스마트팩토리에 대한 이해와 기술 축적으로 도모하고자 『2021 IoT AI 교육 프로그램(RPA) 단기과정』을 다음과 같이 실시하고자 합니다. 관심있는 학생들의 참여 바랍니다. - 다   음 -가. 명 칭 : UiPath를 활용한 RPA개발 실무교육(단기과정)나. 교육일시 : 2021. 12. 20.(월) 10:00 ~ 2021. 12. 22.(수) 17:00, (18시간)다. 교육",2021-12-06 09:58:31.0
컴퓨터정보통신공학과과,2021 Capstone Design 경진대회 개최 안내(접수: ~12/12),https://ce.jnu.ac.kr/bbs/ce/2114/803670/artclView.do,"학부 과정을 통해 습득한 이론과 설계 능력을 바탕으로 하나의 시스템을 기획, 설계, 제작할 수 있는 창의력과 종합적 설계 능력을 갖춘 실무중심의 엔지니어를 양성하고자 『2021 Capstone Design 경진대회』를 다음과 같이 실시하고자 합니다. 관심있는 학생들의 참여바랍니다. - 다   음 -가. 명    칭 : 2021 Capstone Design 경진대회나. 본선일시 : 2021.12.27.(월) 14:00 ~ 다. 본선장소 : 공과대학 4호관 코스모스홀라. 참가자격 - 공학교육혁신센터 2021 Capstone Design",2021-12-02 17:40:51.0
컴퓨터정보통신공학과과,2022학년도 1학기 학부생 학·석사학위연계과정 모집 안내( 21.12.13~ 22.1.14),https://ce.jnu.ac.kr/bbs/ce/2114/803274/artclView.do,"1. 학 석사학위연계과정  : 학칙 제19조 제5항에 의거 학사학위과정과 대학원 교과과정을 상호 연계하여 졸업(수료)학점을 취득함으로써 학사 및 석사과정 수업연한을 단축하여 학사학위와석사학위 취득이 가능한 학사제도 2. 모집학과 : 전 학과(의학과, 수의학과 제외) 3. 지원자격 및 특전사항구 분주 요 내 용지원자격□ 지원가능학과 : 학부과정의 주(복수)전공에 해당하는 대학원 학과(전공)□ 아래의 요건을 모두 갖춘 자  ⊙ 4학기(2학년 2학기)이상 이수자로서 총 72학점이상 취득자(다만, 약학부는 80학점 이상 취득자)  ⊙ 편입",2021-11-29 10:29:26.0
컴퓨터정보통신공학과과,2021학년도 동계 계절학기 제주대학교 교류수학 학번 부여(수강신청 : 11/29~12/1),https://ce.jnu.ac.kr/bbs/ce/2114/803199/artclView.do,"2021학년도 동계 계절학기 제주대학교 교류수학 허가자 명단을 붙임과 같이 알려드리니, 제주대학교 학사일정에 따라 수학하시기 바랍니다.    ◎ 수업기간 : 2021. 12. 27.(월) ~ 2021. 1. 14.(금)  ◎ 수강신청기간 : 2021. 11. 29.(월) 09:00 ~ 12. 1.(수) 18:00 (선착순마감) ◎ 수강신청방법    제주대학교 수강신청시스템 (http://sugang.jejunu.ac.kr(클릭))   하영Dreamy(학사정보서비스)   아래 빨강색 비밀번호 초기화클릭   본인 핸드폰 선택   로그인",2021-11-26 18:05:17.0
컴퓨터정보통신공학과과,2022학년도 1학기 국가장학금 1차 신청 안내(11/24~12/30),https://ce.jnu.ac.kr/bbs/ce/2114/803057/artclView.do,"2022학년도 1학기 국가장학금 1차 신청 일정을 다음과 같이 안내하오니 학생들의 많은 신청 바랍니다.  2022년부터 실질적 반값등록금 실현을 위해 국가장학금 지원금액 확대   - (5~6구간) 1,840천원   1,950천원, (7구간) 600천원   1,750천원, (8구간) 337.5천원   1,750천원 - (기초ㆍ차상위) 2,600천원   첫째자녀 3,500천원, 둘째자녀 등록금 전액 - (다자녀) 기초ㆍ차상위~8구간 셋째자녀 이상 2,225천원~2,600천원   등록금 전액  가. 신청대상: 재학생*, 복학생, 재입학생",2021-11-25 14:39:27.0
컴퓨터정보통신공학과과,2021학년도 광주·전남 공동교육혁신센터 학업역량 증진 프로그램 참여 안내(신청: 12/1~12),https://ce.jnu.ac.kr/bbs/ce/2114/803021/artclView.do,"광주 전남 공동교육혁신센터의 5개 참여대학 대학생의 학업역량 증진을 위한 2021학년도 학업역량 증진 프로그램 참여자 모집을 다음과 같이 안내하오니, 많은 학생의 참여바랍니다.  가. 개요    1) 프로그램명 : 광주 전남 공동교육혁신센터 학업역량 증진 프로그램    2) 운영기간 : 2021년 11월 ~ 2022년 1월    3) 참여대상 : 광주 전남 공동교육혁신센터 5개 참여대학 재학생    4) 주요내용 : 대인관계 역량 /  학습역량 /  리더십역량  나. 신청    1) 신청기간 : 2021. 12. 1.(수) ~ 12",2021-11-25 11:00:33.0
컴퓨터정보통신공학과과,[웅진씽크빅] AI 게임 개발 챌리지 안내(접수 : ~11/30),https://ce.jnu.ac.kr/bbs/ce/2114/802942/artclView.do,,2021-11-24 16:17:59.0
컴퓨터정보통신공학과과,소프트웨어 안전 국제 컨퍼런스 2021 안내,https://ce.jnu.ac.kr/bbs/ce/2114/802928/artclView.do,,2021-11-24 14:42:59.0
컴퓨터정보통신공학과과,2022학년도 1학기 (재)3·1문화재단 장학생 선발 안내(~12/3),https://ce.jnu.ac.kr/bbs/ce/2114/802821/artclView.do,"(재)3 1문화재단에서 장학생을 아래와 같이 선발합니다.    가. 선발인원 : 00명나. 장학금액 : 등록금 전액(잡비 제외, 1인당 학기 500만원 한도) 다. 선발방법 및 구비 서류 : *붙임 장학생 추천요령 참고 라. 제출기한 : 2021. 12. 3.(금)  마. 제출처 : 3 1문화재단 홈페이지(http://apply.www.31cf.or.kr) 회원가입 후 3 1장학금 지원 탭 이용 제출※ 담당자 : 학생과 이정원 530-1084   붙임 2022학년도 1학기 3 1장학생 공고문 1부. 끝.",2021-11-23 14:15:28.0
컴퓨터정보통신공학과과,언어교육원 2021학년도 겨울방학「Boom Up」행사 안내(12/1~3),https://ce.jnu.ac.kr/bbs/ce/2114/802818/artclView.do,"우리대학 학생들의 외국어능력 함양을 위하여 언어교육원에서 겨울방학「Boom Up」 행사를 개설하여 운영할 예정이오니, 관심있는 학생들이 참여 바랍니다. 가. 기간: 2021. 12. 01.(수) ~ 12. 03.(금) 나. 대상: 전남대학교 학생 전체 다. 내용 - 무료 레벨테스트 제공  - 무료 레벨테스트 참여자 대상 설문조사 URL 개별 송부, 설문조사에 응할 경우 토익 모의고사(3회분) 증정 ※ 담당자: 언어교육원 이지송(530-3641)",2021-11-23 14:11:28.0
컴퓨터정보통신공학과과,[SW중심대학사업단] SW프로그래밍경진대회 시상식 및 SW기업Day(NHN) 안내(11/25),https://ce.jnu.ac.kr/bbs/ce/2114/802816/artclView.do,"소프트웨어중심대학사업단에서 NHN DAY를 개최합니다.1. 행사일시: 2021. 11. 25. (목) 13:30~17:002. 행사내용  (본행사) 제 1회 SW프로그래밍 경진대회 시상식(용봉홀 2층)  (행사1) SW기업 Day-NHN 소개 및 질의응답  (행사2) SW멘토링 토크콘서트-개발자 선배가 들려주는 SW취업진로 탐색(AI융합대학 3층 라운지 예정)3. 신청방법 : 링크 (https://forms.gle/Si7rmreNsgu5K7hb9)를 통해 신청※ 참가자에게는 경품추첨(애플워치, 에어팟, 스타벅스 텀블러)의 기회와 음",2021-11-23 14:07:31.0
컴퓨터정보통신공학과과,[SW중심대학사업단] SW전공 및 비전공 재학생 대상 클라우드서비스(AWS) 기초교육 안내(신청: ~11/25 16:00),https://ce.jnu.ac.kr/bbs/ce/2114/802815/artclView.do,SW전공 및 비전공 재학생 대상 클라우드서비스(AWS) 기초교육 안내○ 모집 : 2021. 11. 22. (월)~11. 25. (목) 16:00까지○ 일정 : 2021. 11. 29. (월)~12. 01. (수) 17~20까지○ 대상 : 소프트웨어중심대학사업단 참여학과 재학생○ 방법: ZOOM 비대면 교육(교육 전 링크 배포)○ 신청 : QR코드 혹은 링크 접속 후 신청서 작성○ 특전 : 1. 소중마일리지 점수 부여(SW장학금 지급)            2. 2022학년도 교과목 TA 우선 지원            3. 소프트웨어중,2021-11-23 13:59:02.0
컴퓨터정보통신공학과과,포털 아이디(학생 메일 주소) 변경 신청 안내,https://ce.jnu.ac.kr/bbs/ce/2114/802814/artclView.do,"우리 대학교 정보전산원에 따르면, 학번으로 구성된 포털 아이디 및 학생 메일 주소(학번@jnu.ac.kr)가 숫자 형식에 따른 불편함과 학번 정보 노출 등 이용 활성화에 제약이 있어, 포털 아이디(학생 메일 주소)를 변경할 수 있도록 개선하여 시행합니다.가. 대상 - (1차) 대학원생,  21년 11월 16일(화) 13시 이후 - (2차) 학부생,  22년 3월 이후나. 방법 - (신청 메뉴) 전남대포털   로그인 - 나의 정보   ID 변경 메뉴를 통해 본인이 신청 - (포털 아이디 변경) 학번   변경아이디(5 ~ 20자리 이하",2021-11-23 13:54:21.0
컴퓨터정보통신공학과과,[카카오브레인] 카카오브레인 대표 Curtis가 직접 진행하는 라이브 토크쇼 “Unthinkable Question” 행사 안내(11/24 21:30),https://ce.jnu.ac.kr/bbs/ce/2114/802813/artclView.do,"2021년 11월 24일, 카카오브레인 대표 Curtis가 직접 진행하는 라이브 토크쇼  Unthinkable Question  그 세 번째 세션이 열립니다. 이번 세션의 주제는  AI가 우리말을 찰떡같이 알아들을 수 있을까? 로, 2021년 if카카오 행사에서 카카오브레인이 공개한 KoGPT와 연관 기술에 대해 심도 깊게 토론할 예정입니다.○ 주제 :  AI가 우리 말을 찰떡같이 알아들을 수 있을까? ○ 내용 :  2022년 AI 기술은 어떻게 발전할까?  OpenAI의 언어 모델 GPT-3는 인간과 AI가 자연어 기반으로 소통할",2021-11-23 13:51:36.0
컴퓨터정보통신공학과과,[SW중심대학사업단] 2021년 소중(학생)마일리지 신청 안내(11/22~30),https://ce.jnu.ac.kr/bbs/ce/2114/802812/artclView.do,"전남대 SW중심대학사업단 참여학과 재학생을 대상으로 전공역량, 글로벌역량 및 비교과영역을 점검하여 마일리지 평가 후 장학금으로 지급합니다.1. 신청개요   신청일정 2021. 11. 22.(월)~11. 30.(화) ※ 지정된 기간에 신청하지 않은 학생은 소중(학생)마일리지 혜택을 받을 수 없음. 기한엄수.   검증일정 2021. 12. 01.(수)~12.03.(금)   1차발표 2021. 12. 06.(월) 예정   이의제기 2021. 12. 07.(화)~12. 08.(수)   최종발표 2021. 12. 09.(목) 예정   신청대",2021-11-23 13:48:07.0
컴퓨터정보통신공학과과,공대 7호관 정독실 공사로 인한 사물함 정리 안내(11/22~12/3),https://ce.jnu.ac.kr/bbs/ce/2114/802751/artclView.do,공대 7호관 정독실이 스튜던트라운지로의 공사로 인해 정독실 벽쪽에 있는 사물함을 다른 공간으로 이동 예정이오니 사물함을 이용 중인 학생들은 사물함 내 물건을 비워주기 바랍니다. ● 사물함 내 물건 정리 요청 기간 : 11월 22일(월) ~ 12월 3일(금) [2주간]※ 해당 사물함은 공사 완료 이후에 이용 가능합니다.,2021-11-22 17:14:26.0
컴퓨터정보통신공학과과,2022학년도 1학기 1차 국가근로장학금 학생 신청 안내(11/24~12/30),https://ce.jnu.ac.kr/bbs/ce/2114/802365/artclView.do,"2022학년도 1학기 1차 국가근로장학금 학생 신청 일정을 다음과 같이 안내하오니 많은 학생들의 신청 바랍니다.    가. 신청기간: '21. 11. 24.(수) 09:00 ~ '21. 12. 30.(목) 18:00 ※주말 및 공휴일 포함 신청기간 내 24시간 신청가능(단, 마감일 제외)    나. 신청자격: 학교 재학중인 학생으로 아래의 두가지 요건 충족 학생 - 직전학기 성적 1.75이상(70점/100점) - 소득분위 8분위 이하(기초생활수급자 및 차상위 포함)    다. 신청방법: 한국장학재단 홈페이지 로그인   장학금   장",2021-11-17 16:00:11.0
컴퓨터정보통신공학과과,제주더큰내일센터  청년드림(Dream) 제주행  프로그램 신청 안내(11/8~19),https://ce.jnu.ac.kr/bbs/ce/2114/802321/artclView.do,"제주형 혁신인재 양성 기관인 제주더큰내일센터에서 제주도외 거주 청년을 대상으로 제주에서 8박 9일간 진로 실현을 지원하는  청년드림(Dream) 제주행  프로그램 참여자를 모집하고 있습니다. 많은 신청바랍니다. -  다         음   -   가. 사 업  명 : 2021년 제주더큰내일센터  청년드림(Dream) 제주행   나. 모집일정 : 2021. 11. 08.(월) ~ 11. 19.(금)  다. 참여일정 : 2021. 12. 01.(수) ~ 12. 09.(목), 8박 9일간  라. 대      상 : 제주도외 거주청년(공",2021-11-17 12:07:11.0
컴퓨터정보통신공학과과,[SW중심대학사업단] 메타버스 특강 안내(11/23),https://ce.jnu.ac.kr/bbs/ce/2114/802294/artclView.do,"1. 강의명 : 메타버스로 여는 새로운 세상2. 일정 : 2021.11.23(화) 15:00 ~ 17:303. 장소 : 온라인 zoom(ID : 963 9300 2144, PW: 328022)4. 참여학과 : SW중심대학사업단 소속 전공 및 융합학과5. 교육내용: 메타버스의 글로벌 동향 외 1건6. 담당자 : 소프트웨어중심대학사업단 박태주 연구원(Tel : 062-530-5360)붙임    메타버스로 여는 새로운 세상 특강 1부.  끝.",2021-11-17 10:24:27.0
컴퓨터정보통신공학과과,2021학년도 2학기 도전장학생(비상) 선발 계획 안내(11/24~30),https://ce.jnu.ac.kr/bbs/ce/2114/802283/artclView.do,"2021학년도 2학기 도전장학생(비상) 선발 계획을 다음과 같이 안내하오니 많은 학생들의 지원바랍니다.가. 선발인원(예정) : 112명(학부재학생 106명, 외국인학생 6명)나. 장학금액(1인당) : 1,800천원다. 접수기간 : 2021. 11. 24.(수) 09:00 ~ 11. 30.(화) 18:00 [7일간]라. 신청방법 - 전남대학교포털사이트(http://portal.jnu.ac.kr)에 로그인 후   교육지원   내학사행정  장학   도전장학   장학금신청에 접속하여 도전계획서 작성 및 제출마. 선발계획 : 붙임파일 및 홈",2021-11-17 09:28:30.0
컴퓨터정보통신공학과과,2022년도 컴퓨터정보통신공학과 학생회 회장단 및 구성원 후보자 신청 공고 (~11/23),https://ce.jnu.ac.kr/bbs/ce/2114/801973/artclView.do,"2022년도 활기찬 캠퍼스에서 활동할 컴퓨터정보통신공학과 제1대 학생회 회장단 및 구성원을 모집합니다. 학생회는 학과 학생들을 대표하여 친목 도모, 정보 교류, 학생행사 진행, 권리 보호, 여론 수렴, 건전한 대학문화 창출 등의 역할을 담당합니다.학생회 회장단 및 구성원 선출은 회장/부회장을 신청한 학생들 중에서 후보를 정하여 12월 중에 투표를 실시할 예정이고, 그 이후 신청자들을 우선하여 학생회를 구성할 예정입니다. 조금 바쁠 수는 있어도 선후배 및 동기들과 가장 보람있고 재미있고 활기찬 대학생활을 원하는 여러분의 신청을 기다립",2021-11-15 16:40:08.0
컴퓨터정보통신공학과과,2021학년도 2학기 지식나눔샘 운영 안내,https://ce.jnu.ac.kr/bbs/ce/2114/801874/artclView.do,"교육혁신본부 교수학습센터에서는 대학생의 기초 학습역량 강화를 목적으로  지식나눔샘  프로그램을 운영하고 있습니다. 이번 학기에 기초과학 교과목(수학, 물리, 화학)을 수강하는 학생들은 참고바랍니다. 1) 지식나눔샘 안내   구분 내용   소개 ㆍ수학, 물리, 화학 교과목 관련 온라인 질의응답방 운영 ㆍ수학, 물리, 화학 교과목 관련 연습문제 풀이 자료(PDF 및 동영상) 제공   신청 방법 ㆍe클래스 자율강좌-수학(지식나눔샘), 물리(지식나눔샘), 화학(지식나눔샘)   이용 기간 ㆍ질의응답: 2021. 11. 08.(월)~2021.",2021-11-15 09:32:00.0
컴퓨터정보통신공학과과,제 26기 미래에셋 해외교환 장학생 선발 안내(접수: 11/8 14:00~15 17:00),https://ce.jnu.ac.kr/bbs/ce/2114/801813/artclView.do,미래에셋박현주재단에서 해외 교환학생 중 일정 요건을 갖춘 학생에게 장학금을 지원하고자  제26기 미래에셋 해외교환 장학생 을 다음과 같이 선발하오니 관심있는 학생은 신청 바랍니다.가. 온라인 접수기간(학부생) : 2021. 11. 08.(월) 14시 ~ 11. 15.(월) 17시  ※ 재단 홈페이지(http://foundation.miraeasset.com) 내 지원서 작성 및 제출서류 업로드나. 온라인 AI역량검사 : 2021. 11. 08.(월) 14시 ~ 11. 19.(금) 17시  ※ 온라인 지원서 제출완료 대상자 AI역량검,2021-11-12 16:15:18.0
컴퓨터정보통신공학과과,[인공지능혁신공유대학사업단] 전문가 특강 안내(강사: 퀄컴 황규웅 전무)(11/15 13:30),https://ce.jnu.ac.kr/bbs/ce/2114/801810/artclView.do,인공지능혁신공유대학사업단에서 학교에서 배우고 연구하는 인공지능 첨단 기술이 산업현장에 어떻게 적용되고 있는지 배움의 기회를 제공하고자 다음과 같이 전문가 특강을 진행코자 하오니 적극 참여 부탁드립니다. - 다 음 - 가. 일시 및 장소  1) 일시 : 2021. 11. 15. (월). 13:30 ~ 15:00 (총 1시간 30분)  2) 장소 : 온라인 Zoom 진행나. 대상 : 인공지능혁신공유대학사업 참여 대학 구성원 전체다. 주제 :  Pushing the boundaries of AI research 라. 강사 : 황규웅 전무,2021-11-12 16:05:19.0
컴퓨터정보통신공학과과,[인공지능혁신공유대학사업단] 인공지능 아이디어 경진대회 개최 안내(신청: 11/8~12/14),https://ce.jnu.ac.kr/bbs/ce/2114/801746/artclView.do,우리 대학이 주관 대학으로 참여하고 있는 인공지능혁신공유대학사업의 참여 대학인 경북대학교에서 인공지능을 활용한 아이디어를 발굴하여 학습 분위기 조성 및 확산하여 학생 인재들의 창의적인 사고와 소통 역량을 강화하고자 [인공지능 아이디어 경진대회]를 개최하오니 많은 참여 바랍니다. 1. 일정  - 신청 및 서류 제출 : 2021. 11. 08. (월) ~ 12. 14. (화)  - 서류 심사 : 2021. 12. 20. (월)  - 발표 및 시상식 : 2021. 12. 23. (목) 2. 주제  - 인공지능을 활용한 교내 혹은 생활 불,2021-11-12 09:25:19.0
컴퓨터정보통신공학과과,[한국마이크로소프트]마이크로소프트와 함께 하는 온라인 잡 페어(Job Fair) 안내,https://ce.jnu.ac.kr/bbs/ce/2114/801668/artclView.do,,2021-11-11 14:50:08.0
컴퓨터정보통신공학과과,2021학년도 2학기 동원장학재단 장학생 선발 안내(11/15~22 17:00),https://ce.jnu.ac.kr/bbs/ce/2114/801657/artclView.do,"동원육영재단에서 (재)전남대학교동원장학재단에 출연한 기금을 기탁자의 뜻에 따라 자아개념과 성취욕이 투철하고, 국가와 사회 발전에 기여할 수 있는 우수 인재를 장학생으로 선발하고자 다음과 같이 공고합니다. 2021년 11월 10일 (재)전남대학교동원장학재단   1. 2021학년도 2학기 장학생 선발인원 및 장학금액  선발인원: 1명  선발 대상자: 4학년('22. 2월 졸업 예정자) 학부 재학생(휴학자 및 6년제 특수대학 제외)  장학금액: 300만원  장학금 성격: 생활비 지원 2. 신청기간(장소): 2021. 11. 15.(",2021-11-11 14:18:33.0
컴퓨터정보통신공학과과,광주청년센터 [일단모힘] 프로그램 안내(신청: 11/4~17),https://ce.jnu.ac.kr/bbs/ce/2114/801646/artclView.do,"청년의 사회참여 활성화를 위하여 청년 커뮤니티 활동을 지원하는 사업입니다.■ 대상 : 광주청년 2인 이상을 포함한 3인 이상 커뮤니티 (커뮤니티 구성원 : 만 19~39세)■ 지원내용 : 1개 커뮤니티 당 최대 15만원 상당의 도서 구입 지원* 신청서에 커뮤니티 희망 도서를 받아 사업 취지에 따라 도서 구매■ 지원방법 : 온라인 신청(광주청년센터 홈페이지 신청 예약 센터사업 첨부파일 작성 후 신청서 작성)■ 활동조건- 활동 사진 1회 SNS 게시 (페이스북, 인스타그램 등)- 활동보고서 제출 (A4 한 장 분량)■ 강의 및 프로그램",2021-11-11 11:51:50.0
컴퓨터정보통신공학과과,2022학년도 1학기 등록금재원 교내 장학금 신청 안내(21/12/6~22/1/21 17:00)(2021.11.29. 업데이트),https://ce.jnu.ac.kr/bbs/ce/2114/801596/artclView.do,"2021.11.29. 업데이트 사항   ▶ 장학마일리지 사이트 서버 문제로 장학신청 기간을 아래와 같이 변경함  - 변경 전 : 2021. 11. 29.(월) ~ 2022. 1. 21.(금) 17:00 [8주간]  - 변경 후 : 2021. 12. 6.(월) ~ 2022. 1. 21.(금) 17:00 [7주간] 2022학년도 1학기 등록금재원 교내 장학금 신청 관련 사항을 안내하오니 장학 기본 충족 사항 및 신청 방법을 확인 후, 기간 내 많은 신청 바랍니다.  1. 신청 대상 : 2021학년도 2학기 이수자 ( 전자컴퓨터공학부",2021-11-10 17:32:59.0
컴퓨터정보통신공학과과,동계 실리콘밸리 온라인 창업연수 참가자 모집 안내(~11/12),https://ce.jnu.ac.kr/bbs/ce/2114/801530/artclView.do,"공학교육혁신센터에서는 기술창업 활성화와 글로벌 창업인재양성을 위하여 다음과 같이 동계 실리콘밸리 온라인 창업연수 참여 학생을 모집하고자 합니다. 관심있는 학생들의 참여바랍니다. 가. 프로그램명: 동계 실리콘밸리 온라인 창업연수나. 일시/장소: 22.01.10.(월) ~ 01.21.(금), 온라인 개최다. 주요 프로그램  1) 실리콘밸리 에코시스템 관련 전문가 초청특강 및 이론 교육  2) 실리콘밸리 우수 기업 온라인 견학  3) 스타트업 아이디어 발굴, 제안서 작성, 전문가 멘토링 등  4) 산호세주립대학교 온라인 창업캠프 참가(참",2021-11-10 11:20:17.0
컴퓨터정보통신공학과과,[SW중심대학사업단] 클라우드 기초교육 안내(모집: 11/8~11 16:00) 새글,https://ce.jnu.ac.kr/bbs/ce/2114/801528/artclView.do,,2021-11-10 11:10:16.0
컴퓨터정보통신공학과과,동절기 난방 운영 안내(2021.11.22.~2022.3.11.),https://ce.jnu.ac.kr/bbs/ce/2114/801335/artclView.do,"우리대학은 온실가스 배출권거래제 대상기관으로 온실가스 감축 및 공공요금 절감을 위해 불필요한 에너지 낭비를 막고 난방설비 가동시 적정한 실내온도를 유지해야 합니다. 이에, 동절기 난방 운영 계획을 안내하오니 에너지 절감에 적극 협조하여 주시기 바랍니다.■ 난방기간: 2021. 11. 22. ~ 2022. 03. 11.(76일, 공휴일 제외)■ 난방온도: 실내평균 18℃ 이하 유지■ 중앙난방 운영 기준  ○ 난방실시: 외기온도 5℃ 이하  ○ 난방중단: 실내온도 18℃ 이상(난방 불균일이 발생하는 중앙난방 건물은 20℃ 이상)  ○",2021-11-09 09:42:07.0
컴퓨터정보통신공학과과,빛가람 국제 전력기술 엑스포 『BIXPO 2021』행사 안내(11/10~12),https://ce.jnu.ac.kr/bbs/ce/2114/801285/artclView.do,"한국전력공사가 주최하고 전라남도가 참여하는 빛가람 국제 전력기술 엑스포 『BIXPO 2021』 행사 개최를 다음과 같이 안내하오니 관심있는 구성원의 많은 참여 바랍니다.□ 『BIXPO 2021』 개요- 행사명 : 빛가람 국제 전력기술 엑스포 『BIXPO 2021』- 일시/장소 : 2021. 11. 10.(수) ~ 11. 12.(금) / 광주 김대중컨벤션센터- 행사규모 : 기업전시 250개사 / 국제컨퍼런스 60개 / 발명품 100점- 주요행사 : 신기술전시회, 국제컨퍼런스, 국제발명특허대전, 일자리박람회 등- 주최/후원 : 한국전력",2021-11-08 16:23:54.0
컴퓨터정보통신공학과과,2021학년도 동계 계절학기 운영계획 안내(수강신청 : 11/10~15),https://ce.jnu.ac.kr/bbs/ce/2114/801189/artclView.do,내  용기  간비고강좌개설 및 취소신청 21. 11. 2.(화) ~ 11. 4.(목)   강의계획서 입력 21. 11. 5.(금) ~ 11. 8.(월)▪강의계획서 업로드시 수업 운영 방식  - 【대면수업 / 원격수업(이러닝수업만 해당)】개설교과목 공고 21. 11. 5.(금)전남대 홈페이지 공지사항에 공고수강신청(1차) 21. 11. 10.(수) 09:00 ~11. 15.(월) 18:00인터넷을 이용한 수강신청대체교과목 신청접수 및 지정  21. 11. 29.(월) 까지   전산입력 21. 12. 13.(월) 까지   결과제출 21,2021-11-05 17:53:46.0
컴퓨터정보통신공학과과,"[LINC+사업단]  한눈에 알아보는 지식재산권  교육 안내(11/15, 17)",https://ce.jnu.ac.kr/bbs/ce/2114/801056/artclView.do,"ㅇ 목적 : 창업에 관심이 있는 학생들의 지식재산권 권리화 능력 배양하고 성공적인 창업기반을 마련하는데 도움을 주고자 함ㅇ 교육일정 : 11월 15일, 17일 17:00 ~ 19:00ㅇ 교육장소 : 온라인 Zoomㅇ 교육대상 : LINC+사업 참여학과 학생ㅇ 주요내용 1. 지식재산권의 이해 2. 특허제도와 특허정보 3. 선행기술의 활용 및 선행기술조사 방법ㅇ 교육일정   강사 일시 내용 회의ID (암호) 접속 URL   특허법인 지원 송을찬 변리사 2021. 11. 15.(월)17:00 ~ 19:00 지식재산권의 이해, 특허제도와",2021-11-04 15:31:39.0
컴퓨터정보통신공학과과,2022년 관정이종환교육재단 국내대학 장학생 선발 안내(~11/5 17:00),https://ce.jnu.ac.kr/bbs/ce/2114/800888/artclView.do,"관정이종환교육재단에서 2022년도 국내대학 장학생을 다음과 같이 선발하오니, 지원자격에 적격한 학생들은 지원하여 주시기 바랍니다. 가. 지원자격   - 2022학년도 제1학기에 5학기 진학(3학년 1학기) 예정  - 학부 1~3학기 총 평균평점이 4.0(4.5만점) 이상이며,  - 만 24세 이하(2022년 기준/1998.1.1이후 출생한 자)  ※ 편입생, 휴학예정자 지원 불가  - 지원 가능 대학 : 공과대학, 공학대학, 자연과학대학(물리학과,화학과), 생명과학기술학부(생물공학 전공제외)     인문대학, 사회과학대학, AI융합",2021-11-03 14:11:21.0
컴퓨터정보통신공학과과,2021학년도 2학기 동행장학생 선발 계획 안내(11/3 ~ 9),https://ce.jnu.ac.kr/bbs/ce/2114/800886/artclView.do,"2021학년도 2학기 동행장학생 선발을 다음과 같이 시행하오니 많은 학생들의 지원 바라며, 지원서는 우리 대학교 포털사이트(장학)를 통하여 접수함을 알려드립니다.    가. 선발 예정 인원 : 168명(학업장려유형 111명, 취업지원유형 57명) 나. 장학 금액(1인당) : 1,800천원 다. 지원서 접수 : 2021. 11. 3.(수) 09:00 ~ 11. 9.(화) 18:00 [1주간, 휴일포함]  라. 지원(신청) 방법 - 우리 대학교 포털사이트(http://portal.jnu.ac.kr)에 로그인 후   교육지원   내 학사",2021-11-03 14:00:58.0
컴퓨터정보통신공학과과,2021학년도 동계 계절학기 타 대학교(제주대) 수학 신청 안내(~11/17 11:00),https://ce.jnu.ac.kr/bbs/ce/2114/800883/artclView.do,"2021학년도 동계 계절학기 타 대학교 운영계획을 다음과 같이 안내하오니, 수학을 희망하는 학생은 수학신청원을 기한 내 제출해 주시기 바랍니다.가. 지원자격 : 2021년도 2학기 현재 재적중인 자* 당해학기 졸업(수료)를 목적으로 계절수업을 수강하고자 하는 자는 그 계절수업이 속한 정규학기에 재학한 자에 한함.나. 교류대학 수 : 1개 대학만 가능(우리대학+타대학 교류 가능, 타대학+타대학 불가)다. 계절학기 총 수강 가능 학점 :  6학점 이내(우리대학 수강학점과 교류대학 수강학점 포함)라. 타 대학 계절학기 운영 내용 (※ 자",2021-11-03 13:55:17.0
컴퓨터정보통신공학과과,[인공지능산업융합사업단]  21년도 AI융합 프로젝트 교육생 추가 모집 공고(신청: ~11/4 17:00),https://ce.jnu.ac.kr/bbs/ce/2114/800430/artclView.do,인공지능산업융합사업단에서는 인공지능 중심 산업융합 집적단지 조성사업의 일환으로 AI 직무능력 고도화 및 문제해결 능력을 갖춘 AI 실무인재 육성을 위한 『 21년도 AI 융합 프로젝트 교육사업』의 교육생을 추가 모집 공고합니다.2021년 10월 27일인공지능산업융합사업단장1. 사업 목적  : 산업 현장 수요기반의 프로젝트형 AI 교육을 통한 AI 직무능력 고도화 및 문제해결 능력을 갖춘 AI 실무인재 육성2. 지원 내용  ○ 지원기간 : 협약체결일 ~  21. 12. 24 ※ 추진일정에 따라 변동 가능  ○ 지원분야 : 인공지능 및,2021-10-29 14:35:06.0
컴퓨터정보통신공학과과,[SW중심대학사업단] 2021 제1회 전남대학교 SW프로그래밍 경진대회 안내(~11/7),https://ce.jnu.ac.kr/bbs/ce/2114/799849/artclView.do,"소프트웨어중심사업단에서는 SW전공자의 SW개발역량 강화를 위한 온라인 SW교육플랫폼 구축 및 전체 대학생의 SW/AI+X신기술 인식 확산을 위한 SW프로그래밍 경진대회를 개최하오니, 각 학과(부) 학생들의 많은 참여바랍니다.가. 목 적: SW전공자의 SW개발역량 강화 및 대학 내 SW/AI 신기술에 대한 인식 확산 및 개발 역량을 갖춘 SW융합인재 발굴나. 개최일시: 2021. 11. 13.(토) 14시 ~ 16시(예정)다. 개최방법: 온라인 경진대회 플랫폼 활용라. 모집일시: 2021. 10. 18.(월) ~ 11. 07.(일)마",2021-10-25 10:16:32.0
컴퓨터정보통신공학과과,2021년 전남SW기업 역량강화 웨비나 안내(10/22 14:00~17:00),https://ce.jnu.ac.kr/bbs/ce/2114/799510/artclView.do,,2021-10-20 11:37:05.0
컴퓨터정보통신공학과과,[전력거래소] 탄소중립 달성을 위한 전력산업 아이디어 발굴 경진대회 공고 안내(접수: 9/17~10/22),https://ce.jnu.ac.kr/bbs/ce/2114/799416/artclView.do,전력거래소에서는 전력산업의 지속가능한 발전을 위해 교육프로그램을 운영하고 있습니다. 이에 '탄소중립 달성을 위한 전력산업 아이디어 발굴 경진대회'를 개최하오니 많은 참여를 바랍니다.○ 사업명 : 탄소중립을 달성을 위한 전력산업 아이디어 발굴 경진대회○ 대상 : 대학생 및 취업준비생*(개인 또는 최대 4인 이내 팀)  * 취업준비생은 공고 마감일(10.22.) 기준 청년으로 한정(만 19 ~ 34세) ○ 신청기간 : '21. 09. 17.(금) ~ 10. 22.(금)○ 공모주제 : 아래 주제 중 택 1분야세부내용빅데이터 및 AI- 빅,2021-10-19 11:38:17.0
컴퓨터정보통신공학과과,"[SW중심대학사업단] 클라우드 서비스(NHN, AWS) 기초교육 신청 안내(~10/21)",https://ce.jnu.ac.kr/bbs/ce/2114/796901/artclView.do,,2021-10-18 14:07:52.0
컴퓨터정보통신공학과과,[SW중심대학사업단] 2021 소프트웨어중심대학사업단 SW교학상장(멘토링)프로그램 안내(~10/22),https://ce.jnu.ac.kr/bbs/ce/2114/796886/artclView.do,"전남대학교 소프트웨어중심대학사업단에서는 참여학과 대상으로 프로그램언어, SW관련 국내외자격증, 컴퓨터 활용 등 관심이 있는 학생들을 위한 기초 학업 능력향상 및 SW전공(비교과)영역을 지원하고자 SW교학상장(멘토링)프로그램을 진행하고자 합니다. - 모집기간 : 2021. 10. 15.(금) ~ 2021. 10. 22.(금) - 운영기간 : 소프트웨어중심대학사업 운영기간동안 지원 - 모집대상 : (멘토) 전남대학교 소프트웨어중심대학사업단 참여학과(총11개) 3~4학년 재학생                 (멘티) SW학습에 관심이 있는",2021-10-18 11:08:55.0
컴퓨터정보통신공학과과,2021 현대자동차그룹 협력사 온라인 채용박람회 안내(10/18~29),https://ce.jnu.ac.kr/bbs/ce/2114/796775/artclView.do,"행사명2021 현대자동차그룹 협력사 온라인 채용박람회행사기간2021.10.18(월)~10.29(금), 2주주최현대자동차그룹 (현대자동차, 기아, 현대모비스, 현대위아, 현대트랜시스, 현대로템, 현대오토에버, 현대엔지니어링)홈페이지 주소http://www.hmgpartnerjob.co.kr/행사구성채용공고, 기업 홍보관,온라인 취업컨설팅, 취업특강, 자동차산업 취업가이드행사 이벤트 등참여기업현대자동차그룹의 주요 협력사참여방법Step1. 채용박람회 홈페이지 방문Step2. 채용정보 확인 및 입사지원 (잡코리아 ID 보유 시, 기존 이력",2021-10-15 11:23:23.0
컴퓨터정보통신공학과과,[SW중심대학사업단] 2021년 동아리 지원 프로그램 신청 안내(~10/22),https://ce.jnu.ac.kr/bbs/ce/2114/796773/artclView.do,"전남대학교 소프트웨어중심대학사업단에서는 SW학과/비SW학과 소속 학생들의 활발한 SW/AI활동을 장려하기 위한  SW창업 / SW재능나눔 / 오픈소스SW / SW AI 전분야 관련 동아리를 모집하여 지원하고자 합니다. - 모집기간 : 2021. 10. 14.(목) ~ 2021. 10. 22.(금) - 운영기간 : 소프트웨어중심대학사업 수행기간동안 지원 - 모집대상 : 전남대학교 소프트웨어중심대학사업단 참여학과(총11개) 재학생   ※ 졸업생, 타학교 학생, 일반인 참여 불가능   ※ 휴학생, 타학과 학생의 경우 동아리 소속은 가",2021-10-15 11:18:54.0
컴퓨터정보통신공학과과,[4단계 BK21-IoT융합지능형도시안전플랫폼교육연구단] 2021 산학세미나 안내,https://ce.jnu.ac.kr/bbs/ce/2114/796709/artclView.do,,2021-10-14 15:42:01.0
컴퓨터정보통신공학과과,"[SW중심대학사업단] 사업단 행정실, 산학협력중점교수실 운영보조학생 선발(~10/19)",https://ce.jnu.ac.kr/bbs/ce/2114/796596/artclView.do,"1. 활동 내용 : SW중심대학사업단 행정실 및 산학협력중점교수실 행정업무 보조 및 기타 서무 등2. 활동 기간 : 2021. 11. 1.(월)~2021. 12. 31.(금) 까지 3. 활동 시간 : 매일 4시간씩 근무(근무 시간은 최종선발 후 조율 예정)4. 급여 : 2021년 최저임금 8,720원 적용5. 서류 제출 : 10. 13.(수) ~ 10. 19.(화) 18:00까지 접수6. 제출 서류 : 자기계발활동기록부, 재학증명서7. 서류 심사 : 10. 20.(수) ~ 10. 26.(화)8. 면접 심사 : 서류 접수 후 개별연락",2021-10-13 14:53:38.0
컴퓨터정보통신공학과과,2021학년도 하반기 도전장학(미래) 선발 안내(~10/26),https://ce.jnu.ac.kr/bbs/ce/2114/792964/artclView.do,"「2021학년도 하반기 도전장학(미래) 선발 계획」을 다음과 같이 공고하오니 우리 대학교 일반대학원에 진학하려는 학생은 신청바랍니다.  1. 장학생 선발  가. 자격 : 2022년 2월 학사과정 졸업예정자로서 2022학년도 전기 우리 대학교 일반대학원에  진학하려는 내국인 학생 (학.석사연계과정생도 지원 가능)   ※ 직전학기 성적 평균평점 2.5이상 (전남대학교 장학규정 제3조(장학생의 자격))    나. 장학금 : 인문사회계열 1,700천원, 자연예체능계열 2,300천원   ※ 단, 지원액은 가용예산 범위에 따라 다소 변동 가능",2021-10-12 09:47:34.0
컴퓨터정보통신공학과과,21년 예비군훈련 원격교육 시행 안내,https://ce.jnu.ac.kr/bbs/ce/2114/792870/artclView.do,"21년도 예비군훈련 원격교육 시행을 안내하오니 수강 희망인원은 원격교육을 수강하시기 바랍니다.(미이수에 따른 불이익 없음) 1. 대상 :  21년 기준 1년차 이상 예비군훈련 대상자 중 수강 희망 인원  ※ 6년차 훈련까지 모두 이수한 예비군은 원격교육을 수강할 필요 없음, 단 6년차 이상이더라도 이월훈련이 있으면 수강 가능  2. 기간 :  21. 10. 08.(금) ~  21. 12. 09.(목)구 분대 상비 고10. 08.(금) ~ 10. 28.(목)5년차   6년차 이상 이월보충훈련 예비군 10. 29.(금) ~ 11. 1",2021-10-08 11:56:51.0
컴퓨터정보통신공학과과,[SW중심대학사업단] 2021년 대학생을 위한 오픈소스SW 라이선스 교육 안내(~10/15),https://ce.jnu.ac.kr/bbs/ce/2114/792832/artclView.do,"1. 교육명 : 2021년 대학생을 위한 오픈소스SW 라이선스 교육2. 교육일시 : 2021년 10월 18일(월) 15:00 ~ 17:003. 진행방법 : 온라인 실시간 화상강의(ZOOM)4. 대상 : 전남대학교 SW전공 3~4학년5. 교육특전 : 교재, 퀴즈선물(기프티콘), 소프트웨어중심대학사업단마일리지부여[신청방법]1. 신청방법 : [붙임1]의 신청서 작성하여 이메일 접수 (anna89@jnu.ac.kr)2. 신청기한 : 2021. 10. 15(금) 오후 3시 까지3. 문의 : 소프트웨어중심대학사업단 나안나 연구원(062-530",2021-10-07 17:37:37.0
컴퓨터정보통신공학과과,2021학년도 전기(2022년 2월 졸업예정) 논문 제출 안내( 22.1.3.~12),https://ce.jnu.ac.kr/bbs/ce/2114/792824/artclView.do,"1) 제출 대상 : 2022년 2월 졸업예정자2) 제출 기간 : 2022년 1월 3일(월) ~ 1월 12일(수)3) 제출 장소 : 학과행정실 공7-229호4) 제출 서류  가. 논문 1부(제본 필수)    ▸ 교수님께 최종 확인 받은 후 제본 진행    ▸ 최종 논문 내지에 지도교수 서명 또는 도장 날인하여 제출    ▸ 2명 이상 팀인 경우, 내용은 동일하게 작성 후 표지에 본인 이름만 작성하여 각 1부씩 제출  나. 폭력예방교육 수료증 1부.       * 이수영역 : 예방교육(성희롱 성매매 성폭력 가정폭력) 4개 영역(연 1회",2021-10-07 17:19:42.0
컴퓨터정보통신공학과과,우주전파환경 데이터 활용 아이디어 경진대회 안내(10/1~29),https://ce.jnu.ac.kr/bbs/ce/2114/792819/artclView.do,붙임    우주전파환경 데이터 활용 아이디어 경진대회 공고문 1부.  끝.,2021-10-07 17:11:48.0
컴퓨터정보통신공학과과,2021학년도 2학기 글로벌커뮤니케이션잉글리쉬 학점 미취득자 교과목 이수 안내(~12/20),https://ce.jnu.ac.kr/bbs/ce/2114/792751/artclView.do,"2014~2018학년도 신입학자, 2016~2020학년도 편입학자 중 글로벌커뮤니케이션잉글리쉬(이하 글커잉) 교과목 학점 미취득 학생은 아래 글로벌커뮤니케이션잉글리쉬 대체 방안 중 택1하여 이수바랍니다. 글로벌커뮤니케이션잉글리쉬 학점 미취득시 졸업이 불가하오니 이 점 유의바랍니다. 1. 대상자 : 글커잉 학점 미취득자 중 2021학년도 2학기 글커잉 성적 인정 희망자 2. 대체 방안 (택 1)  1) 대체교과목 이수 : 해당 교과목 중 1과목 이수   교과목명 학점 비고   기초영어 3 #9312;대체교과목 중 기 이수교과목이 있는",2021-10-07 10:52:37.0
컴퓨터정보통신공학과과,한국수력원자력(주) 2021 KHNP 원전 작업로봇 시뮬레이션 경진대회 응모 안내(10/12 10:00 ~ 29 24:00),https://ce.jnu.ac.kr/bbs/ce/2114/792738/artclView.do,"한국수력원자력(주)은 안전한 스마트 원전 운영을 위한 AI 및 로봇제어 기술을 적극 활용하고, 개발 능력이 우수한 인재 발굴 및 협력체계 구축을 위해 「2021 KHNP 원전 작업로봇 시뮬레이션 경진대회」를 개최하오니, 많은 응모바랍니다.가. 대 회 명 : 2021 KHNP 원전 작업로봇 시뮬레이션 경진대회나. 주최/주관 : 한국수력원자력(주)다. 기간/대상 : 2021. 10. 7. (목) ~ 11. 30.(화) / 시뮬레이션을 활용한 로봇제어 기술에 관심이 있는 개인/단체/중소기업/학교(개인 또는 팀 4인 이하)라. 시상내역 :",2021-10-07 09:41:06.0
컴퓨터정보통신공학과과,[LINC+사업단] 2021년 과학기술 크리에이터 경진대회 개최 안내(~10/15),https://ce.jnu.ac.kr/bbs/ce/2114/792550/artclView.do,"1   목적    □ 과학기술계 이슈와 정보에 대한 관심을 유도할 수 있는 콘텐츠를 제작 및 배포하여 과학기술 대중화에 기여    2   개요     □ 프로그램명 : 2021 과학기술 크리에이터 경진대회 □ 운영기간 : 2021. 10. ~ 2021. 11. □ 공동주관 : 전남대학교 LINC+, 조선대학교 LINC+, 호남대학교 LINC+ 사업단, 한국과총연합회 광주전남지역연합회, 광주과학기술진흥원    3   프로그램 운영(안)    □ 참가대상  - 각 대학별 LINC+사업단 참여학과 소속 4팀(팀별 3명 내외)  -",2021-10-05 11:34:51.0
컴퓨터정보통신공학과과,[인공지능혁신공유대학사업단] 2021년 2학기 캡스톤디자인 과제 모집 공고(~10/7),https://ce.jnu.ac.kr/bbs/ce/2114/792531/artclView.do,"전남대학교 인공지능혁신공유대학사업단에서는 2021년도 1차년도 2학기 캡스톤디자인 과제를 아래와 같이 공고하오니 참여학과 재학생들은 신청하여 주시기 바랍니다.2021년 9월 27일전남대학교 인공지능혁신공유대학사업단장 1. 사업명 : 2021년 1차년도 2학기 인공지능혁신공유대학사업단 캡스톤디자인 과제 지원 가. 항목 : 교육 연구 프로그램 개발 운영비 나. 예산 규모 : 5,000만원 2. 운영 목적 가. 학생들 스스로 기획 및 설계, 제작을 통하여 창의성과 실무능력을 함양함과 동시에 협업을 통한 상호 복합적인 팀워크 능력을 보유한",2021-10-05 10:20:41.0
컴퓨터정보통신공학과과,2022학년도 전기 일반대학원 입학 설명회 안내(전자컴퓨터공학과 컴퓨터정보통신전공),https://ce.jnu.ac.kr/bbs/ce/2114/792529/artclView.do,"2022학년도 전기 일반대학원 입학 설명회 안내- 전자컴퓨터공학과 컴퓨터정보통신전공 -  2022학년도 전기 일반대학원 신입생 모집과 관련하여 입학설명회를 개최하여야 하나, 최근 코로나19로 인하여 부득이 학과 홈페이지를 통한 비대면 홍보를 하고자 합니다. 일반대학원 전자컴퓨터공학과 컴퓨터정보통신전공 입학에 관심 있는 학생들의 확인 바랍니다. ▷ 대학원 소개 : 전자컴퓨터공학과 컴퓨터정보통신전공 소개 및 대학원 과정 안내▷ 연구실 소개 : 전자컴퓨터공학과 컴퓨터정보통신전공 10개 연구실 소개▷ 지원 및 혜택 : 전남대학교 재원 지원",2021-10-05 10:10:56.0
컴퓨터정보통신공학과과,2022학년도 전기 일반대학원 입학 설명회 안내(ICT융합시스템공학과: 4단계 BK21 사업 선정 학과),https://ce.jnu.ac.kr/bbs/ce/2114/792525/artclView.do,"2022학년도 전기 일반대학원 입학 설명회 안내- ICT융합시스템공학과 - 2022학년도 전기 일반대학원 신입생 모집과 관련하여 입학설명회를 개최하여야 하나, 최근 코로나19로 인하여 부득이 학과 홈페이지를 통한 비대면 홍보를 하고자 합니다. 일반대학원 ICT융합시스템공학과 입학에 관심 있는 학생들의 확인 바랍니다. ▷ 대학원 소개 : ICT융합시스템공학과 소개 및 대학원 과정 안내▷ 연구실 소개 : ICT융합시스템공학과 16개 연구실 소개▷ 지원 및 혜택 : 전남대학교 재원 지원 및 혜택 안내▷ 대학원 입학 안내 : 2022학년도",2021-10-05 10:01:07.0
컴퓨터정보통신공학과과,[인공지능혁신공유대학사업단] 메타버스 콘테스트 참여 안내(~10/4),https://ce.jnu.ac.kr/bbs/ce/2114/792359/artclView.do,"우리 대학이  인공지능  분야로 참여하고 있는 디지털 신기술 혁신공유대학 사업관련 교육부 및 한국연구재단에서는 사업 수행대학 재학생(학부생)을 대상으로 메타버스 콘테스트를 진행합니다. 관심있는 학생분들의 많은 참여 부탁드립니다!    □ 신청자격 : 혁신공유대학 수행대학 재학생(학부생) □ 신청마감 : 10월 4일(월) 17:00까지 - 참가 분야, 연락처, 성명 등 총 6개 항목 입력 / 팀 또는 개인 - 팀 구성은 46개 대학생간 교차 구성도 가능 - 참가방법 : 아래 포스터 QR코드 스캔□ 예선심사 : 10월 20일(수) ~",2021-09-30 14:33:46.0
컴퓨터정보통신공학과과,제8회 전남대학교 토론 대회 개최 안내(10/6~11/2),https://ce.jnu.ac.kr/bbs/ce/2114/792293/artclView.do,"교육혁신본부 교수학습센터에서는 제8회 전남대학교 토론 대회를 아래와 같이 개최하오니 많은 신청바랍니다.1. 대상 : 본교 재학 중인 대학생(휴학생 포함, 대학원생 제외)2. 모둠 구성 : 1모둠 최소 2명 이상 최대 5명 이하(단, 실전 토론은 2명 참가)3. 신청 방법 : 교육혁신본부 홈페이지 - 학생 지원 - 대회 및 공모전 - 전남대학교 토론 대회4. 신청 기간 : 2021. 10. 6.(수) ~ 11.2.(화)까지5. 신청 문의 : (062)530-2334, 교육혁신본부 홈페이지(https://ile.jnu.ac.kr)6.",2021-09-29 17:14:30.0
컴퓨터정보통신공학과과,NVIDIA GTC 2021 컨퍼런스  워크숍 개최 안내(11/8~11),https://ce.jnu.ac.kr/bbs/ce/2114/792283/artclView.do,"NVIDIA GTC 2021 컨퍼런스   워크숍을 아래와 같이 개최하오니 AI, 컴퓨터그래픽스, 데이터사이언스 등에 관심있는 교원, 학생들의 많은 참여바랍니다.1. 행 사 명 : NVIDIA GTC 2021 컨퍼런스   워크숍(AI, 컴퓨터그래픽스, 데이터사이언스 등 관련)2. 일     정 : 2021. 8. 11.(월) ~ 11. 11.(목)3. 참여방법 : http://www.nvidia.com/ko-kr/gtc※ 주요 프로그램 및 자세한 내용은 홈체이지 참조",2021-09-29 17:00:54.0
컴퓨터정보통신공학과과,2021학년도 2학기 수강취소 안내(9/30~10/1 17:00),https://ce.jnu.ac.kr/bbs/ce/2114/792191/artclView.do,❍ 신청기간 : 2021. 9. 30.(목) 09:00 ~ 10. 1.(금) 17:00 ❍ 취소절차 : 학생이 인터넷으로 포털에서 직접 수강취소 신청 교과목 개설학과에서 취소 승인 ❍ 취소방법 : 전남대학교 포털사이트(http://portal.jnu.ac.kr)에 접속한 후  교육지원 내학사행정 수업 수강신청 수강취소 신청  선택 ❍ 수강취소 과목범위   - 수강취소 신청과목은 2과목 이내로 하되 취소 후 수강학점은 1학점 이상을 유지해야 함(수업관리지침 제19조) ❍ 수강취소 내역확인   - 수강취소 후 최종 수강신청 내역을 반드,2021-09-29 09:39:59.0
컴퓨터정보통신공학과과,『2021 English Essay Contest』개최 안내(~10/6),https://ce.jnu.ac.kr/bbs/ce/2114/792189/artclView.do,"신문방송사에서는 전남대학교 개교 69주년 및  창간 53주년을 맞아 광주 전남 지역 대학(원)생들의 영어 능력 발휘 및 향상 기회를 제공하기 위해 아래와 같이 『2021 English Essay Contest』를 개최합니다. 관심 있는 학생들의 많은 참가바랍니다.가. 참가자격 : 광주 전남지역 대학(원)생(비영어권 외국인 유학생 포함)나. 시상내역 : 총장표창 및 상금(대상 70만원, 금상 50만원, 은상 30만원, 동상 20만원 / 각 1인 선정)다. 참가신청 : 2021. 9. 13.(월)~10. 6.(수) 이메일 접수(trib",2021-09-29 09:36:11.0
컴퓨터정보통신공학과과,2021 너나들이 글로벌 튜터링 추가모집 안내(~10/6 15:00),https://ce.jnu.ac.kr/bbs/ce/2114/790477/artclView.do,"4차 산업혁명 시대의 도래와 함께 다양한 국제 문화에 대한 이해와 체험을 통해 학생들의 글로벌 의사소통능력 향상에 기여하고, 나아가 글로벌 리더로서의 폭 넓은 지식 활용과 안목을 다질수 있도록  2021 너나들이 글로벌 튜터링  추가모집을 시행하고자 합니다. 관심있는 학생들의 참여바랍니다. - 다 음 -1. 명 칭 : 2021 너나들이 글로벌 튜터링2. 모집형태 : 재학생(3~4인) 및 유학생(원어민)으로 구성된 팀3. 추가모집팀수 : 10팀 내외4. 팀 구 성 : 튜티(재학생 3~4인)와 튜터(원어민 1인)5. 지원내역 : 팀당",2021-09-28 14:39:59.0
컴퓨터정보통신공학과과,2021학년도 2학기 면담지도교수 배정 내역,https://ce.jnu.ac.kr/bbs/ce/2114/772013/artclView.do,2021학년도 2학기 면담지도교수 배정 내역 아래와 같습니다. ◎ 면담 방법 : 교수님과 사전 연락 후 방문  (연락처 안내 : 학과소개   교수진   교수 / 교수진 소개(클릭)) ※ 면담 지도교수님과의 상담 내역이 자계부에 등록되면 장학사정시 점수(진로상담) 반영됨(장학안내(클릭)) ◎ 지도교수 찾기 : Ctrl + F   본인 학번 검색    교수명 학번  교수명 학번  교수명 학번  교수명 학번  교수명 학번   김영철 154226     김진술 154353     남지승 211356     박재형 175839     박호성,2021-09-27 15:43:15.0
컴퓨터정보통신공학과과,『사회맞춤형 산학협력선도대학(LINC+)육성사업단』2021년 2학기 캡스톤디자인 교과목 지원 안내(~10/8),https://ce.jnu.ac.kr/bbs/ce/2114/771949/artclView.do,"『사회맞춤형 산학협력선도대학(LINC+)육성사업단』에서는 4차 산업혁명 시대에 맞는 산업체 현장수요형 창의적 인재양성을 목적으로 2021년 2학기 캡스톤디자인 교과목에 대하여 아래와 같이 지원하오니, 참여바랍니다.가. 지원대상 : LINC+사업 참여학과(부) 3, 4학년 학생 중 캡스톤디자인 교과목 수강생나. 지원내용   유형 지원내용 지원 금액   전공기반형 재료비, 회의비 학생 1인 기준 10만원   기업연계형 재료비, 회의비, 멘토링비 학생 1인 기준 30만원   창의융합형   지역사회공헌형   창업형   다. 신청방법 1)",2021-09-27 10:06:56.0
컴퓨터정보통신공학과과,"『LINC+ 육성사업단』2021년 2학기 캡스톤디자인 온라인 설명회 개최(9/27,28)",https://ce.jnu.ac.kr/bbs/ce/2114/771946/artclView.do,『사회맞춤형 산학협력선도대학(LINC+)육성사업단』에서는 4차 산업혁명 시대에 맞는 산업체 현장수요형 창의적 인재양성을 목적으로 2021년 2학기 캡스톤디자인 교과목 지원 관련하여 다음과 같이 온라인 설명회를 개최합니다.가. 대상 : 2021년 2학기 캡스톤디자인 교과목 지도교수 및 수강생나. 일시 : 09.27.(월) ~ 28.(화) 17:00 ~ 18:00다. 내용 : 지원항목 및 지원금 신청방법 등라. 참여방법   일시 주소 회의 ID 및 암호   09.27.(월) 17:00 https://jnu-ac-kr.zoom.us/j/,2021-09-27 10:03:13.0
컴퓨터정보통신공학과과,「제 19회 2021 전남대학교 창업아이템경진대회(Since 2003)」안내(9/27~11/11),https://ce.jnu.ac.kr/bbs/ce/2114/771945/artclView.do,"우리 대학교 산학협력단에서는 창의적인 창업아이템을 보유한 학생예비창업자 및 학생창업기업을 발굴하기 위한 『제19회 2021 전남대학교 창업아이템경진대회(Since 2003)』를 다음과 같이 개최하오니, 우수한 학생들의 많은 참가바랍니다.가. 행사명 : 제 19회 2021 전남대학교 창업아이템경진대회 (Since 2003)나. 주최 : 전남대학교다. 주관 : 전남대학교 산학협력단(창업보육센터), 이노폴리스기술창업지원단라. 신청대상 및 참가자격 - 전남대학교 학생*으로 구성된 예비창업자/팀 및 창업기업**  * 학부 및 대학원생(휴학생",2021-09-27 09:59:19.0
컴퓨터정보통신공학과과,2021학년도 제2학기 최종 등록 및 휴학 신청 기간 안내(10/6~7),https://ce.jnu.ac.kr/bbs/ce/2114/771939/artclView.do,우리 대학교에서는 2021학년도 제2학기 최종 등록기간을 다음과 같이 공고하오니 등록금을 납부하지 못한 학생은 기한 내에 등록금을 납부하시기 바랍니다. ■ 다 음 ■1. 기 간 : 2021. 10. 6.(수) ~ 10. 7.(목) 16:00 [2일간]➣ 2021. 2학기 수업연한 초과자도 위 기간 내에 등록금 납부2. 납입금 납부장소 : 광주은행 및 농협전국 본 지점(지역농협 포함)3. 휴학 신청 : 전남대포털➝로그인➝교육지원➝내학사행정➝학적➝휴학신청   ◇ 휴학 신청기간 ◾ 일반휴학(미등록) : 2021. 10. 6.(수) ~ 1,2021-09-27 09:40:17.0
컴퓨터정보통신공학과과,2021년 지역SW품질역량강화사업 SW테스트 전문가 양성교육(CSTS 자격기반) 안내,https://ce.jnu.ac.kr/bbs/ce/2114/769294/artclView.do,,2021-09-23 09:27:16.0
컴퓨터정보통신공학과과,"재학생(학부, 대학원) 화상회의 S/W(Zoom) 사용 안내(2021.8.13.~2022.8.12.)",https://ce.jnu.ac.kr/bbs/ce/2114/726787/artclView.do,우리 대학교 정보전산원에서는 학생들도 화상회의 S/W(Zoom)를 수업 외 활동에서 활용할 수 있도록 아래와 같이 재학생을 대상으로 Zoom 화상회의 라이선스를 발급(2021.8.13. ~ 2022.8.12.)할 예정이오니 많은 활용바랍니다.가. 부여 대상 : 학생 메일(학번@jnu.ac.kr)을 소유하고 있는 재학생    ※ 학생메일 가입 방법 : (붙임 1)나. 추진 일정    ○ 라이선스 자동 부여 프로그램 개발 : 9. 13.(월) ~ 9. 16.(목)    ○ Zoom 사용 방법 등 안내 : 9. 17.(금) ~ 9. 27,2021-09-17 10:12:11.0
컴퓨터정보통신공학과과,2021 SW인재페스티벌 우수작품 모집 안내(~9/24),https://ce.jnu.ac.kr/bbs/ce/2114/600564/artclView.do,"2021 SW인재페스티벌 우수작품 모집 안내과학기술정보통신부가 주최하고, IITP(정보통신기획평가원), SW중심대학협의회가 주관하는 2021 SW인재페스티벌에 작품을 제출할 전남대학교 학생팀을 모집하고 있습니다.1. 교내 모집 일정 : ~9.24, 16:002. 제출 사항 : 팀/작품 소개, 성과물 시연, 구동 및 발표(첨부파일 참조)3. 선정 혜택 : SW중심대학 마일리지 제공(차후 장학금 형태로 지급), 우수 작품으로 선정될 경우 최대 300만원 및 과기부장관상 수여4. 특이사항 : SW중심대학협의회(외부기관) 주관 용역사에서",2021-09-16 09:27:36.0
컴퓨터정보통신공학과과,2021년도 외국어 시험 응시료 지원 신청(상시) 안내(종료),https://ce.jnu.ac.kr/bbs/ce/2114/600553/artclView.do,2021년도 외국어 시험 응시료 지원 신청(상시) 안내  2021년도 외국어 시험 응시료 지원(상시)을 아래와 같이 시행하오니 많은 신청바랍니다.    2021년도 외국어 시험 응시료 지원(상시) 신청 안내   신청 기간 상시 접수(예산 소진 시까지)   신청 방법 이메일(eb8916@jnu.ac.kr) 접수   제출 서류 #9312; (붙임 1) 신청서 1부. #9313; 응시료 결제 영수증 1부. #9314; 외국어 시험 성적증명서 1부. #9315; 본인 명의 통장 사본 1부.     제출 형식 : 학번-이름.pdf   제출,2021-09-15 17:53:33.0
컴퓨터정보통신공학과과,2021년도 전공 관련 기사 자격증 응시료 지원 신청(상시) 안내(종료),https://ce.jnu.ac.kr/bbs/ce/2114/600552/artclView.do,"2021년도 전공 관련 기사 자격증 응시료 지원 신청(상시) 안내  2021년도 전공 관련 기사 자격증 응시료 지원(상시)을 아래와 같이 시행하오니 많은 신청바랍니다.          2021년도 전공 관련 기사 자격증 응시료 지원(상시) 신청 안내   신청 기한 상시 접수(예산 소진 시까지)   신청 방법 이메일(eb8916@jnu.ac.kr) 접수   제출 서류 #9312; (붙임 1) 신청서 1부. #9313; 국가기술자격증 사본 1부. #9314; 응시료 결제 영수증 또는 검정 수수료 납부 확인서 각 1부(필기, 실기 모두)",2021-09-15 17:52:34.0
컴퓨터정보통신공학과과,광주정보문화산업진흥원 2021 ICT 이노베이션 클래스 세미나 개최 안내(9/15),https://ce.jnu.ac.kr/bbs/ce/2114/435130/artclView.do,"광주정보문화산업진흥원 2021 ICT 이노베이션 클래스 세미나 개최 안내  (재)광주정보문화산업진흥원에서 주관하는 2021년 ICT 이노베이션 클래스 세미나를 아래와 같이 개최하오니, 인공지능 분야 SW개발 등에 관심있는 학생들의 많은 참여를 바랍니다. -   아   래   -   ○ 세미나명 : 전남대학교 학생들을 위한 ICT 콤플렉스 이노베이션 클래스   ○ 내    용 : 인공지능 ICT분야 저명 인사 및 기업관계자 초청 세미나(붙임. 프로그램 참조)  ○ 일    시 : 2021. 9. 15.(수) 14:00~17:00  ○",2021-09-14 09:28:25.0
컴퓨터정보통신공학과과,2021 전남대학교 산학협락단 발명 아이디어 사업화 공모전 접수 안내(9/23~29 17:00),https://ce.jnu.ac.kr/bbs/ce/2114/435129/artclView.do,"2021 전남대학교 산학협락단 발명 아이디어 사업화 공모전 접수 안내 ○ 공모전명 : 2021년 전남대학교 발명 아이디어 사업화 공모전○ 응모분야 : 과학, 기술, 생활 등 각종 분야에 적용할 수 있는 아이디어 모두○ 응모자격 : 전남대학교 대학(원)생(휴학생 포함)○ 접수기간 : 2021.09.23.(목) ~ 09.29.(수) 17:00까지○ 접수방법 : 우편 또는 방문 접수(광주 광역시 북구 용봉로 77 전남대학교 G R Hub 429호)",2021-09-14 09:19:47.0
컴퓨터정보통신공학과과,2021 Capstone 창의 아이디어 공모전 모집 안내(~9/17 15:00),https://ce.jnu.ac.kr/bbs/ce/2114/435128/artclView.do,2021 Capstone 창의 아이디어 공모전 모집 안내공학교육혁신센터에서는 2021 Capstone Design 지원사업의 일환으로 창의 아이디어 공모전을 통해 우수 아이디어를 발굴 및 선정하여 Capstone Design 아이디어 구체화 및 실현화를 할 수 있는 기회를 제공하고자 다음과 같이 『2021 Capstone 창의 아이디어 공모전』을 실시하고자 합니다.     1. 명    칭 : 2021 Capstone 창의 아이디어 공모전2. 신청기간 : 공고일로부터 ~ 2021.09.17.(금) 15시까지  ※ 참가신청서를 제외한,2021-09-13 10:27:24.0
컴퓨터정보통신공학과과,2021학년도 2학기 예비 해외파견 교육 안내(~9/15),https://ce.jnu.ac.kr/bbs/ce/2114/435127/artclView.do,"2021학년도 2학기 예비 해외파견 교육 안내해외 파견은 가고 싶지만 공인 외국어성적이 없는 학생들에게 체계적인 외국어 교육 및 글로벌 소양 교육을 실시하는 「2021학년도 2학기 예비 해외파견 교육 프로그램」 참여자를 다음과 같이 모집하오니 참여 바랍니다.    가. 지원기간 : 2021. 8. 30.(월) ~ 2021. 9. 15.(수), 오후 6시 나. 지원자격 : 현재 3학년 1학기(5학기)내 재학 중이며 평균 평점 3.0이상다. 내용 : 해외 파견 프로그램에 참가하고 싶으나 공인 영어 성적이 없거나 준비 방법을 모르는 학생",2021-09-13 09:37:39.0
컴퓨터정보통신공학과과,[에릭슨엘지] Girls in ICT 2021 해커톤 공모전 안내(신청: ~10/8 11:00),https://ce.jnu.ac.kr/bbs/ce/2114/435126/artclView.do,"[에릭슨엘지] Girls in ICT 2021 해커톤 공모전 안내  글로벌 통신 기업 에릭슨엘지(Ericsson-LG)에서 전국의 이공계 전공 여성 대학(원)생을 대상으로 ‘Girls in ICT 2021 - 해커톤’ 공모전을 개최합니다.  이번 Girls in ICT 2021 해커톤의 주제는 bridge the digital divide; 디지털 격차를 연결하다 입니다. 다양성은 개인적 배경, 인종, 성별, 민족, 건강, 성적 취향 이외에도 인지적 관점, 교육, 업무 및 개인 생활 경험등과 같은 폭 넓고 다양한 요소들을 포함하고",2021-09-10 15:59:24.0
컴퓨터정보통신공학과과,[DCMI: 스마트제조 고급인력양성 사업단] 전남대학교 2021년도 온·오프라인 교육 안내(9/6~12/31),https://ce.jnu.ac.kr/bbs/ce/2114/435125/artclView.do,"[DCMI: 디지털 융합 제조 혁신 사업단] 전남대학교 2021년도 온 오프라인 교육 안내- 2021 DCMI 스마트 제조 역량강화 교육 - ○ 디지털 융합 제조 혁신 사업단(DCMI)  전남대학교 DCMI사업단은 광주첨단 스마트그린산단의 스마트제조 고급   현장 인력양성을 목표로 하는 '광주첨단 스마트제조 고급인력 양성 사업'의 참여 기관으로서 현장수요기반 구직자와 재직자 전문교육을 수행하고, 지속가능한 교육혁신모델 운영 및 교육인프라 조성을 위한 교육과정을 개발   운영하고 있습니다. ※ 광주첨단 스마트제조 고급인력 양성 사업",2021-09-10 11:47:08.0
컴퓨터정보통신공학과과,2022학년도 1학기 해외 파견 교환학생 선발 (3차 모집) 안내(9/13~10/5),https://ce.jnu.ac.kr/bbs/ce/2114/435124/artclView.do,"2022학년도 1학기 해외 파견 교환학생 선발 (3차 모집) 안내  다음과 같이 2022학년도 1학기 해외 파견 교환학생 3차 모집이 진행되오니 많은 신청바랍니다.       가. 교환학생 : 해외 자매대학에서 전공/일선/교양과목 수강 후, 본교 학점으로 인정   나. 혜    택 : 해외 자매대학 등록금 면제 및 해외 파견 지원금 지금   다. 지 원 금 : 아시아파견(AIMS장학) 300만원, 유럽 250만원, 아시아 100만원 국가선발인원비고국가선발인원비고말레이시아6명공학/AI전공자 지원시 AIMS 국가장학 지금스페인3명",2021-09-09 14:39:46.0
컴퓨터정보통신공학과과,학생 대상 글쓰기 및 말하기 상담 서비스 표현과 소통 상담실 운영 안내(9/6~12/17),https://ce.jnu.ac.kr/bbs/ce/2114/435123/artclView.do,,2021-09-08 16:48:32.0
컴퓨터정보통신공학과과,2021학년도 2학기 교과구분 정정 신청 안내(9/13~15),https://ce.jnu.ac.kr/bbs/ce/2114/435122/artclView.do,"2021학년도 2학기 교과구분 정정 신청 안내  1. 신청 대상  : 휴·복학에 따른 교과과정 적용년도 변경, 부·복수전공 선발, 모집단위간이동(전과)로 인한 교과구분 상이 학생 2. 신청 유의사항  1) 휴·복학 및 전과에 따른 교과과정 적용년도 변경자의 경우 적용받는 교과과정에 따라 필수 과목이 달라질 수 있으므로 교과과정 적용년도 반드시 확인  2) 편입생 전적 대학 학점인정 내역은 교과구분정정 신청 대상 아님  3) 교과구분 정정 불승인 학생의 경우, 다음 수강신청시 동일 과목 수강 또는 대체지정 신청   4) 부·복수전공으",2021-09-08 09:40:05.0
컴퓨터정보통신공학과과,정부재정지원사업 학생 모니터링단 2기 모집 안내(신청: 9/6~24),https://ce.jnu.ac.kr/bbs/ce/2114/435121/artclView.do,"정부재정지원사업 학생 모니터링단 2기 모집 안내  재정지원사업 운영에 대한 모니터링 및 성과 확산을 통해 사업에 대한 우리 대학 학생들의 더 많은 관심과 참여를 함께 이끌어나갈 재정지원사업 학생 모니터링단을 다음과 같이 모집합니다.     1. 지원자격 : 우리 대학 학부 재학생   ※ 활동기간 내 학적변동, 교환학생, 해외파견 등 진행(예정)인 학생 제외   2. 모집기간 : 2021년 9월 6일(월) ~ 2021년 9월 24일(금) 18:00     3. 활동기간 : 2021년 10월 1일(금) ~ 2021년 1월 31일(월)",2021-09-06 10:24:22.0
컴퓨터정보통신공학과과,CJ대한통운 미래기술 챌린지 (AI·빅데이터 경진대회) (신청: 9/1~17 15:00),https://ce.jnu.ac.kr/bbs/ce/2114/435120/artclView.do,"CJ대한통운 미래기술 챌린지 (AI·빅데이터 경진대회)""OPEN SYSTEM, OPEN DATA, SYSTEM SOLUTION INNOVATION""  ● 참가 대상 : AI, BIG DATA, SOFTWARE 관련 분야에 관심과 경험이 있는 누구나,  개인 or 팀 (4명 이내) 참여 ● 참가 신청 : 9/1(수) ~ 9/17(금) 15시, CJ대한통운 대표 홈페이지 (https://www.cjlogistics.com/ko/main) 상단 배너 링크 ● 시상 : 10개 팀  - 대상 (1팀) : 1,500만원    - 최우수상 (2",2021-09-02 09:20:54.0
컴퓨터정보통신공학과과,2021학년도 2학기 학습꿈터 참여 모집 안내(신청: 8/30~9/10),https://ce.jnu.ac.kr/bbs/ce/2114/435119/artclView.do,"2021학년도 2학기 학습꿈터 참여 모집 안내교육혁신본부 교수학습센터에서는 학사경고자를 포함한 학업저성취자의 기초 학습역량을 향상하고자 학습꿈터를 운영하고 있습니다.  학업 수행에 어려움을 겪고 있는 대학생이 학습꿈터에 참여하고,  또한 교과목 학습에 도움을 줄 수 있는 대학원 및 대학 재학생이 이끄미로 참여를 희망하는 학생은 신청하시기 바랍니다.     ● 학습꿈터 공모 내용 ● 구분내용모둠 신청 기간ㆍ2021. 8. 30.(월) ~ 9. 10.(금)모둠 형성 지원ㆍ이끄미 및 따르미 추천을 받고 싶은 경우 추천 요청 게시판에 신청",2021-09-02 09:11:40.0
컴퓨터정보통신공학과과,[반도체설계교육센터] 2021 대한전자공학회 추계학술대회 학부생 논문 경진대회 지원 사업 안내(신청: ~10/18),https://ce.jnu.ac.kr/bbs/ce/2114/435118/artclView.do,"2021 대한전자공학회 추계학술대회 학부생 논문 경진대회 지원 사업 안내  2021년 대한전자공학회 추계학술대회학부생 논문 경진대회 지원 사업 안내안녕하십니까?대한전자공학회 광주, 전남지부에서 광주, 전남 지역의 인재양성을 위해 2021년 대한전자공학회 추계학술대회 학부생 논문 경진대회 참가자들에게 지원할 예정입니다.자세한 사항은 아래 내용을 참고하여 주시고, 기타 문의사항은 담당자에게 연락주시기 바랍니다. 관심있는 학부생들의 많은 참여 부탁드립니다. 구분내용지원대상광주, 전남권 소재 전기/전자/컴퓨터 전공 학부생신청방법담당자에게",2021-09-01 16:13:45.0
컴퓨터정보통신공학과과,외국인 유학생 대상 코로나19 예방접종 실시 안내(신청: 8/21 20:00 ~ 9/18 18:00),https://ce.jnu.ac.kr/bbs/ce/2114/435117/artclView.do,외국인 유학생 대상 코로나19 예방접종 실시 안내  ○ 접종 대상 : 18~49세 내/외국인(외국인 유학생 포함) ○ 백신 종류 : mRNA백신(모더나 또는 화이자)○ 접종 기간 : 8. 26.(목) ~ 10. 2.(토)○ 접종 기관 : 예방접종센터 또는 위탁의료기관  ※ 건강보험 미가입자의 경우 예방접종센터만 가능○ 예약 기간 : 8. 21.(토) 20시 ~ 9. 18.(토) 18:00○ 예약 방법 : 코로나19 예방접종 사전예약 누리집(http://ncvr.kdca.go.kr),2021-09-01 15:29:53.0
컴퓨터정보통신공학과과,"2021학년도 2학기 연구활동종사자 온라인 안전교육(신규, 정기) 실시 안내(8/26~9/30)",https://ce.jnu.ac.kr/bbs/ce/2114/435116/artclView.do,"2021학년도 2학기 연구활동종사자 온라인 안전교육(신규, 정기) 실시 안내  2021학년 2학기 과학기술분야 연구실의 연구활동종사자에 대한 안전교육을 아래와 같이 실시하오니 교육대상자는 안전교육을 반드시 이수바랍니다.  (교육방법) 연구실안전관리통합시스템(http://safety.jnu.ac.kr) 또는 모바일안전교육(msafety.jnu.ac.kr)을 통한 안전교육 이수(붙임2, 3의 매뉴얼 참조)                  ※ 코로나19 상황에 따라 신규, 정기 교육대상 구분없이  온라인 이수  가능(한시적)  (교육기",2021-09-01 14:17:43.0
컴퓨터정보통신공학과과,출판물 불법복제 예방 협조 안내,https://ce.jnu.ac.kr/bbs/ce/2114/435115/artclView.do,"출판물 불법복제 예방 협조 안내  2021학년도 2학기 개방을 맞이하여 문화체육관광부에서는 대학가 주변 및 교내 복사업체를 대상으로 「출판물 불법복제 예방활동」을 실시할 계획입니다. 이에, 저작권법 위반 사례가 발생하지 않도록 소속 구성원들의 협조바랍니다.",2021-08-30 13:45:41.0
컴퓨터정보통신공학과과,2021년 하반기 특수외국어 특별강좌 운영에 따른 수강생 모집 안내(8/28~9/3),https://ce.jnu.ac.kr/bbs/ce/2114/435114/artclView.do,"2021년 하반기 특수외국어 특별강좌 운영에 따른 수강생 모집 안내 글로벌교육원에서는 한국외국어대학교 및 제주대학교와 협력하여 다음과 같이 우리 대학 구성원의 특수외국어교육 학습 진흥을 위하여 「2021년 하반기 특수외국어 특별강좌」를 운영하고 있습니다. 이에 따라 2021년 하반기 특수외국어 특별강좌 수강생 모집을 아래와 같이 안내합니다.      가. 강좌명 : 전남대 및 제주대 구성원과 함께하는 특수외국어 강좌(태국어,인도네시아어,포르투갈어)  나. 강의기간 : 2021. 9. 6.(월) ~ 2021. 10. 15.(금)/ 1",2021-08-27 15:05:03.0
컴퓨터정보통신공학과과,2021 너나들이 글로벌 튜터링 모집 안내(~9/17 15:00),https://ce.jnu.ac.kr/bbs/ce/2114/435113/artclView.do,"2021 너나들이 글로벌 튜터링 모집 안내4차 산업혁명 시대의 도래와 함께 다양한 국제 문화에 대한 이해와 체험을 통해 학생들의 글로벌 의사소통능력 향상에 기여하고, 나아가 글로벌 리더로서의 폭 넓은 지식 활용과 안목을 다질수 있도록 “2021 너나들이 글로벌 튜터링”을 시행하고자 합니다.      ○ 명 칭 : 2021 너나들이 글로벌 튜터링○ 모집형태 : 재학생(3~4인) 및 유학생(원어민)으로 구성된 팀○ 모집팀수 : 15팀 내외○ 팀 구 성 : 튜티(재학생 3~4인)와 튜터(원어민 1인)○ 지원내역 : 팀당 (최대) 40만원",2021-08-27 14:35:33.0
컴퓨터정보통신공학과과,2021학년도 제2학기 추가 등록기간 안내(9/14~16 16:00),https://ce.jnu.ac.kr/bbs/ce/2114/435112/artclView.do,"2021학년도 제2학기 추가 등록기간 안내 우리 대학교에서는 2021. 8. 23.(월) ~ 8. 26.(목) 등록을 실시하였으나 아직까지 등록금을 납부하지 못한 학생이 있어 다음과 같이 추가 등록기간을 설정, 시행하오니 기간내에 등록금을 납부하시기 바랍니다. ■  다      음  ■ 1. 기    간 : 2021. 9. 14.(화) ~ 9. 16.(목) [3일간] 16:00까지 ➣ 2021. 2학기 수업연한 초과자도 위 기간 내에 등록금 납부2. 납입금 납부장소 : 광주은행 및 농협전국 본·지점(지역농협 포함)3. 휴‧복학 신청",2021-08-27 10:22:31.0
컴퓨터정보통신공학과과,2021학년도 2학기 건강밥상(아침식사) 제공 안내(9/1~12/17),https://ce.jnu.ac.kr/bbs/ce/2114/435111/artclView.do,"2021학년도 2학기 건강밥상(아침식사) 제공 안내   우리 대학에서는 아침밥 먹기 운동을 통해 학생들의 건강을 증진시키고, 학교생활에 활력을 불어넣기 위하여 건강밥상(아침식사)사업을 시행하고 있으니 학생 여러분께서는 많이 이용해 주시기 바랍니다.   1. 제공기간 : 2021학년도 2학기 개강일 ~ 12. 17.(금)       ※ 광주캠퍼스 개강일: 2021. 09. 01.(수) / 화순캠퍼스(의과대학) 개강일: 2021. 08. 17.(화)  2. 이용시간 : 08:00 ~ 08:50 (※공휴일, 토·일요일 제외)   3. 이",2021-08-24 10:04:14.0
컴퓨터정보통신공학과과,'20학년 후기 학위수여식('21.8.26.) 취소 및 후속 조치 사항 안내(변경사항 반영),https://ce.jnu.ac.kr/bbs/ce/2114/435110/artclView.do,"'20학년 후기 학위수여식('21.8.26.) 취소 및 후속 조치 사항 안내  코로나19 지역감염이 지속되고 있는 상황에서 다수가 참여하는 행사는 감염병 확산 우려가 크기에, ‘20학년 후기 학위수여식(’21.8.26.) 행사를 취소하여 안전한 교육환경을 조성하고자 합니다.    가. 학위수여식 취소     ㅇ 당초일정 : 2021. 8. 26(목) 10:00   나. 취소에 따른 후속 조치변경 전변경 후ㅇ 졸업증서, 학위기 및 상장 배부    : 학과실(공7-229호) 방문 수령좌동ㅇ 사전영상 제작 : 홈페이지 및 유튜브 게시좌동",2021-08-23 16:47:02.0
컴퓨터정보통신공학과과,2021학년도 2학기 셔틀버스(광주↔여수캠퍼스) 운행 안내,https://ce.jnu.ac.kr/bbs/ce/2114/435109/artclView.do,"2021학년도 2학기 셔틀버스(광주↔여수캠퍼스) 운행 안내  2021학년도 2학기 행정업무 지원을 위한 셔틀버스를 다음과 같이 운행하오니 참고하시기 바랍니다.   가. 운행 목적 : 광주 ↔ 여수캠퍼스 간 행정업무 지원   나. 운행 기간 : 2021. 09. 01.(수) ~ 2021. 12. 22.(수) [토, 일, 공휴일 제외]    1) 운행 방식 : 학사운영에 따른 단계별 버스운행     2) 학사운영에 따른 단계별 버스운행 계획학사운영 방안셔틀버스 운행현황탑승인원비고대면수업학기 중 운행시간 적용 탑승 정원(41~44명)",2021-08-23 16:22:06.0
컴퓨터정보통신공학과과,2021학년도 2학기 국가장학금 2차 신청 안내(8/17~9/16),https://ce.jnu.ac.kr/bbs/ce/2114/435108/artclView.do,"2021학년도 2학기 국가장학금 2차 신청 안내  「2021학년도 2학기 국가장학금」 2차 신청 일정을 다음과 같이 안내하오니 해당 학생들은 기간 내 국가장학금 신청바랍니다.   가.신청대상 : 재학생*, 신입생, 편입생, 재입학생, 복학생* (중요) 2021학년도 2학기에 한하여 재학생의 2차 신청 허용(구제기회 횟수 미차감)- 구제기회 2회를 모두 사용한 학생도 신청 가능나. 신청기간 : 2021. 8. 17.(화) ~ 9. 16.(목) 18:00 (총 31일간) - 서류제출및 가구원 정보제공 동의 기간 : 2021. 8. 1",2021-08-18 17:54:39.0
컴퓨터정보통신공학과과,2021년 전남SW기업 역량강화 웨비나 수요조사 안내(~8/20),https://ce.jnu.ac.kr/bbs/ce/2114/435107/artclView.do,"2021년 전남SW기업 역량강화 웨비나 수요조사 안내    (재)전남정보문화산업진흥원에서 전남 SW기업, 관련학과 대학생, (예비)창업자 분들을 대상으로 역량강화 웨비나를 운영 예정입니다. 메타버스, 빅데이터, 인공지능(AI)까지 최신 트렌드 주제와 실무 지식 함양이 가능한 양질의 강의를 위해 ICT/SW분야 실무자분들의 실질적인 니즈를 청취하고자 수요조사하오니 참여바랍니다.    ○ 수요조사 기간 : 2021년 8월 11일(수) ~ 2021년 8월 20일(금)○ 수요조사 대상 : 전남지역 ICT/SW 기업 재직자 혹은 관련학과 대",2021-08-12 13:56:28.0
컴퓨터정보통신공학과과,디지털 대전환 정책 아이디어 공모전 안내(~8/27),https://ce.jnu.ac.kr/bbs/ce/2114/435106/artclView.do,"디지털 대전환 정책 아이디어 공모전 안내○ 공모전명 : 디지털 대전환 정책 아이디어 공모전    ○ 주최기관 : 정보통신기획평가원    ○ 공모내용 : 디지털혁신으로 대한민국이 한 걸음 더 도약할 수 있도록,              디지털 혁신경제, 디지털 국민 행복을 위한 아이디어 공모 주제주요내용디지털 혁신경제-디지털 전환을 통한 전 사업 혁신 및 경제 활력제고-디지털 신사업 육성 및 혁신기업의 고성장화, 규제혁신-디지털 혁신기술 고도화를 위한 R D 및 미래 인재 육성디지털 국민행복-디지털을 활용한 소득·주거·일자리 등 국민",2021-08-12 11:22:13.0
컴퓨터정보통신공학과과,'20학년 후기 학위수여식('21.8.26.) 취소 및 후속 조치 사항 안내,https://ce.jnu.ac.kr/bbs/ce/2114/435104/artclView.do,"'20학년 후기 학위수여식('21.8.26.) 취소 및 후속 조치 사항 안내  코로나19 지역감염이 지속되고 있는 상황에서 다수가 참여하는 행사는 감염병 확산 우려가 크기에, ‘20학년 후기 학위수여식(’21.8.26.) 행사를 취소하여 안전한 교육환경을 조성하고자 합니다.    가. 학위수여식 취소     ㅇ 당초일정 : 2021. 8. 26(목) 10:00   나. 취소에 따른 후속 조치     ㅇ 졸업증서, 학위기 및 상장 배부 : 학과실(공7-229호) 방문 수령     ㅇ 사전영상 제작 : 홈페이지 및 유튜브 게시",2021-08-11 11:50:06.0
컴퓨터정보통신공학과과,대학 내 개인형 이동장치 등록 안내(미등록시 학내 운행 제한),https://ce.jnu.ac.kr/bbs/ce/2114/435102/artclView.do,"대학 내 개인형 이동장치 등록 안내  대학 내 개인형 이동장치의 사용량이 증가함에 따라, 교통사고 발생이 우려되어 안전사고 예방을 위한  대학 내 개인형 이동장치 등 안전관리 지침 을 수립하여 시행 중에 있습니다. 이에 학내 구성원 중 개인형 이동장치의 운전자는 개인형 이동장치를 아래와 같이 동록하기 바랍니다.   ※ 개인형 이동장치를 등록하지 않을 시 학내 운행을 제한함   가. 등록 절차캠퍼스등록절차제출방법광주캠퍼스[별지] 등록 신청서 및 관련 서류 제출제출처 : 대학본부 1층 주차관리실   나. 등록 시 제출 서류    1)",2021-08-09 10:11:53.0
컴퓨터정보통신공학과과,2021학년도 2학기 서해안권 거점 국립대학 공동 화상강의 교과목 수강생 모집 안내,https://ce.jnu.ac.kr/bbs/ce/2114/435101/artclView.do,"2021학년도 2학기 서해안권 거점 국립대학 공동 화상강의 교과목 수강생 모집 안내  우리 대학과 서해안권 거점 국립대학(전북대, 충남대)은 국립대학 육성사업의 일환으로 대학간 화상  수업의 강의를 공동 운영하고 있습니다. 이에, 2021학년도 2학기 서해안권 거점 국립대학 공동 화상강의 수학을 아래와 같이 안내하오니 관심이 있는 학생등의 수강신청바랍니다. 2021학년도 2학기 서해안권 거점 국립대학 공동 화상강의❍ 목적 : 서해안권 거점 국립대학(전남대, 전북대, 충남대)별 강점 분야 원격 강의 자원 공유를 통해 타 대학의 수준높",2021-08-06 09:56:08.0
컴퓨터정보통신공학과과,2021학년도 ‘이공계 산업별 취업전략 특강’ 안내(~8/15),https://ce.jnu.ac.kr/bbs/ce/2114/435100/artclView.do,"2021학년도 이공계 산업별 취업전략 특강 안내   1. 프로그램 개요  가.명칭 : 2021학년도 ‘이공계 산업별 취업전략 특강’  나. 목적     - 산업별 취업 전략을 통해 효율적으로 취업준비를 할 수 있도록 함    - 올바른 직무의 이해를 통해 지원하는 직무의 역량을 높일 수 있도록 함  다. 대상 : 3, 4학년 재학생, 유보생, 졸업생    - 산업별 직무에 대해 알고 싶은 학생    - 여러 산업에 대해 알아보고 싶은 학생    - 희망하는 직무에 대해 무엇을 준비할지 모르는 학생  라. 모집 인원 : 회차별 제한없",2021-08-06 09:26:24.0
컴퓨터정보통신공학과과,2021 스마트 해상물류 창업오디션 모집 공고(신청: 7/26~8/24),https://ce.jnu.ac.kr/bbs/ce/2114/435099/artclView.do,"2021 스마트 해상물류 창업오디션 모집 공고  1. 참가자격 :구체적인 사업아이템이 없어도 대학(원)재학생, 대학(원)졸업 5년이내 예비창업자로서 팀 또는 개인 누구나!   2. 모집 규모 : 15팀 내외3. 지원내용  1) 예선 팀당 1200만원 창업자금 지원(인건비, 전문가 활용비 등)  2) 본선 팀당 2000만원 창업자금 지원(인건비, 시제품 제작비 등)  3) 경영자문, 세무회계 컨설팅 등 멘토링 및 항만물류 교육 지원  4) 스마트 항만물류 지원센터 창업공간 지원(울산항만공사   UNIST 산항융합캠퍼스 내)  5) 스",2021-08-05 11:36:19.0
컴퓨터정보통신공학과과,2021년 2학기 한국에너지공단 현장실습교육과정 신청 안내(8/2~9),https://ce.jnu.ac.kr/bbs/ce/2114/435098/artclView.do,"2021년 2학기 한국에너지공단 현장실습교육과정 신청 안내  취업지원실에서는 한국에너지공단과 연계하는 현장실습을 통하여 학생들에게 에너지 전문인력 양성 기반 마련을 위하여 아래와 같이 「2021년 2학기 한국에너지공단 현장실습교육과정」을 운영하오니 관심 있는 학생은 신청바랍니다.   가. 프로그램명 : 2021년 2학기 한국에너지공단 현장실습교육과정   나. 추진일정운영 내용일 정비 고학생 신청기간2021. 08. 02(월) ~ 08. 09(월) 18:00까지[붙임2], [붙임3]의 서류를 작성하여 jsnho@jnu.ac.kr메일로",2021-08-05 09:59:12.0
컴퓨터정보통신공학과과,파스-타 기반 서비스 개발 및 아이디어 공모전 안내(7/20~11/19),https://ce.jnu.ac.kr/bbs/ce/2114/435097/artclView.do,붙임    배포_파스_타_기반_서비스_개발_및_아이디어_공모전 1부.  끝.,2021-08-03 10:16:24.0
컴퓨터정보통신공학과과,​[LINC+육성사업단]2021 LINC+ 블록체인 프로젝트 기획실습과정 운영 안내(~8/12),https://ce.jnu.ac.kr/bbs/ce/2114/435096/artclView.do,[LINC+육성사업단] 2021 LINC+ 블록체인 프로젝트 기획실습과정 운영 안내  사회맞춤형 산학협력 선도대학(LINC+)육성사업단』에서는 4차산업 신기술 범주에 포함되는 블록체인을 적용할 수 있는 학생 주도형 비즈니스 모델 설계 및 기술 프로젝트 기획자 양성을 위해 「2021 LINC+ 블록체인 프로젝트 기획실습과정」을 아래와 같이 운영하오니 많은 관심과 신청 바랍니다.  가. 교육명 : 2021 LINC+ 블록체인 프로젝트 기획실습과정 나. 일시/장소 : 2021.08.16.(월) ~ 08.31.(화)/공과대학 6호관 103,2021-08-03 09:57:34.0
컴퓨터정보통신공학과과,2021학년도 2학기 등록금재원 교내 장학금 관련 마일리지 점수 확인 안내(8/2~4 12:00),https://ce.jnu.ac.kr/bbs/ce/2114/435095/artclView.do,"2021학년도 2학기 등록금재원 교내 장학금 관련 마일리지 점수 확인 안내  1. 확인 기간 : 2021년 8월 2일(월) ~ 4일(수) 12:00 2. 확인 방법 : 학과학생마일리지사이트(http://ecescholarship.kr) ▶ 로그인(ID: 학번, 초기PW: 학번) ▶본인 마일리지 점수 확인 3. 문의사항 : 062)530-1751 (컴퓨터정보통신공학과, 전자컴퓨터공학부 컴퓨터정보통신공학전공)4. 학과학생 마일리지   장학 사이트 내 학과학생 마일리지 실제 반영 학생 마일리지학부학생 마일리지 점수(1000점)",2021-08-02 15:50:21.0
컴퓨터정보통신공학과과,2021학년도 2학기 외국인 버디 프로그램 참가자 선발 안내(7/29~8/10),https://ce.jnu.ac.kr/bbs/ce/2114/435094/artclView.do,"2021학년도 2학기 외국인 버디 프로그램 참가자 선발 안내  대학본부에서 학부 외국인 유학생(신·편입, 교환학생)의 대학생활 적응력을 높이고, 재학생의 글로벌 역량을 강화하기 위하여 다음과 같이 2021학년도 2학기 외국인 버디 프로그램을 운영하오니 관심있는 학생들의 많은 신청바랍니다. 가. 지원 자격 : 우리대학 학부 재학생 나. 주요 일정구 분일 정내 용모집 공고 및 신청서 접수2021. 7. 29.(목) ~ 8. 10.(화)- 국제협력본부 홈페이지 온라인접수면접대상자 발표2021. 8. 12.(목)국제협력본부 홈페이지 게시선",2021-08-02 10:03:19.0
컴퓨터정보통신공학과과,2020학년도 후기(2021년 8월) 학부 졸업(수료)대상자 유보 추가(최종) 신청 안내(8/2),https://ce.jnu.ac.kr/bbs/ce/2114/435093/artclView.do,2020학년도 후기(2021년 8월) 학부 졸업(수료)대상자 유보 추가(최종) 신청 안내2020학년도 후기(2021년 8월) 학부 졸업(수료) 대상자 중 반드시 2021학년도 2학기 학적사항을 “재학”으로 유지하여야 할 특별한 사유가 있는 학생을 대상으로 졸업(수료) 유보 추가 신청 기간을 안내하오니 신청바랍니다. ○ 유보 추가 신청 기간 : 2021. 8. 2.(월) 9:00 ~ 17:00  ※ 추가 신청기간 없음○ 유보 추가 신청 방법1. 전남대학교포털(http://arsam.jnu.ac.kr)에서 졸업․수료 유보 신청2. 사유,2021-08-02 09:56:35.0
컴퓨터정보통신공학과과,여성공학인재양성(WE-UP+)  스스로더불어 프로젝트 참여 안내(~8/8),https://ce.jnu.ac.kr/bbs/ce/2114/435092/artclView.do,"여성공학인재양성(WE-UP+)  스스로 더불어 프로젝트 참여 안내  대학혁신지원사업 여성공학인재양성(WE-UP+) 프로그램에서는 빠르게 변화하고 있는 4차 산업혁명 시대에 필요한 자율성과 창의적 사고능력 개발을 위하여 학생들이 주체적으로 계획하고 실행하는 스스로 더불어 프로젝트 참여를 아래와 같이 모집합니다. 도전적인 미래 인재로서 역할을 해나갈 공대생들의 많은 관심과 참여를 바랍니다.     -  아    래  -   1. 스스로 더불어 프로젝트   - 주제 : 자유 / 팀별 자율시행(활동분야 예시: 취업, 창업, 진로, 발명,",2021-07-28 09:36:32.0
컴퓨터정보통신공학과과,2020학년도 후기(2021년 8월) 학부 졸업(수료)대상자 유보 추가 신청 안내(7/27),https://ce.jnu.ac.kr/bbs/ce/2114/435090/artclView.do,2020학년도 후기(2021년 8월) 학부 졸업(수료)대상자 유보 추가 신청 안내2020학년도 후기(2021년 8월) 학부 졸업(수료) 대상자 중 반드시 2021학년도 2학기 학적사항을 “재학”으로 유지하여야 할 특별한 사유가 있는 학생을 대상으로 졸업(수료) 유보 추가 신청 기간을 안내하오니 신청바랍니다. ○ 유보 추가 신청 기간 : 2021. 7. 27.(화) 9:00 ~ 16:00  ※ 추가 신청기간 없음○ 유보 추가 신청 방법1. 전남대학교포털(http://arsam.jnu.ac.kr)에서 졸업․수료 유보 신청2. 사유서 제,2021-07-26 18:12:51.0
컴퓨터정보통신공학과과,제2회 KOSPO 웹서비스 정보보안 경진대회 안내(접수:~8/1),https://ce.jnu.ac.kr/bbs/ce/2114/435089/artclView.do,붙임    제2회 KOSPO 웹서비스 정보보안 경진대회 안내 및 작성 양식 1부.  끝.,2021-07-26 17:49:04.0
컴퓨터정보통신공학과과,2021 NHN클라우드 실무 클라우드 교육 안내,https://ce.jnu.ac.kr/bbs/ce/2114/435088/artclView.do,[SW중심대학사업단]  2021 NHN클라우드 실무 클라우드 교육 안내  ○ 교육 목적 : 실전적 SW개발역량 강화를 목적으로 NHN현업개발자의 실무 클라우드교육 프로그램 운영 ○ 교육 대상- 전남대학교 SW중심대학사업단 참여학과 재학생 - 실무클라우드교육에 대한 충분한 이해와 적극적으로 교육에 참여할 의지가 있는 학생 ○ 교육 방법 : 대면 교육  ※ 사정에 따라 비대면 화상교육 실시할 수 있음○ 신청기간 및 방법  - 신청 기간 : 2021. 07. 26.(월) ~ 2021. 08. 06.(금) - 신청 방법 : 아래 구글 폼,2021-07-26 11:51:59.0
컴퓨터정보통신공학과과,2021학년도 2학기 교내 장학금 장학사정 관련 동아리 회원 명단 제출(~7/29 17:00),https://ce.jnu.ac.kr/bbs/ce/2114/435087/artclView.do,"2021학년도 2학기 교내 장학금 장학사정 관련 동아리 회원 명단 제출  각 학과 [(구) 전자컴퓨터공학부, (현)전자공학과, (현)컴퓨터정보통신공학과, (현)소프트웨어공학과]의 동아리 회장은 2021학년도 1학기 교내장학금 장학사정 자료인 2021학년도 1학기 동아리 활동 회원 명단을 제출바랍니다.   - 제출 기간 : ~ 2021. 7. 29.(목) 17:00  - 제출 양식 : 동아리 현황 조사 서식(붙임 문서 확인)  - 제출 방법 : 메일 ( oka@jnu.ac.kr ) 제출 ※ 유의사항  - 학번, 이름 정확하게 표기바랍",2021-07-23 16:43:04.0
컴퓨터정보통신공학과과,한국마이크로소프트 신입사원 및 인턴 채용 설명회 안내(7/30 10:00),https://ce.jnu.ac.kr/bbs/ce/2114/435086/artclView.do,"한국마이크로소프트 신입사원 및 인턴 채용 설명회 안내  ○ 일시 : 7월 30일 (금) 10:00 ~ 12:00 ○ 장소 :  Microsoft Teams○ 참가 대상 : 재학생 및 최근 졸업자 (2020년 12월~2021년 7월 졸업) ○ 참가 신청 : https://forms.office.com/r/RMekSne8zW (참고) 채용 중인 포지션 링크 :  ▸ Internship Opportunity - Korea in Seoul, Seoul, Korea | Sales at Microsoft▸ Graduate Opportuniti",2021-07-23 14:18:40.0
컴퓨터정보통신공학과과,"2021학년도 하계방학 전남대학교 리걸클리닉 법률지원단 운영 일정 안내(7/28, 8/11, 8/25)",https://ce.jnu.ac.kr/bbs/ce/2114/435085/artclView.do,"2021학년도 하계방학 전남대학교 리걸클리닉 법률지원단 운영 일정 안내  우리 대학 구성원의 복지향상을 위해 무료로 운영중인 「전남대학교 리걸클리닉 법률지원단」의 2021학년도 하계방학 운영 일정을 다음과 같이 안내하오니, 법률자문이 필요한 구성원들의 많은 신청바랍니다.     가. 장소 : 대학본부 2층 법률지원단실     나. 지원대상 : 우리 대학 교직원 및 그 가족, 학생     다. 운영일정 : 붙임파일(하계방학 운영 일정) 참조 [7. 28.(수) / 8. 11.(수) / 8. 25.(수)]     라. 상담 및 자문 내",2021-07-23 10:15:08.0
컴퓨터정보통신공학과과,[1학년] 2021학년도 2학기 수강신청 안내,https://ce.jnu.ac.kr/bbs/ce/2114/435084/artclView.do,2021학년도 2학기 컴퓨터정보통신공학과 1학년 수강신청 안내    ※ 타과 개설 교과목 여석 문의 시 전화예절을 지켜주시기 바랍니다.  ❏ 수강신청 방법   수강신청 방법전남대학교 포털(http://portal.jnu.ac.kr) ➔ 로그인 ➔ 교육지원 ➔ 내학사행정 ➔ 수업 ➔ 수강신청 ➔ 수강신청(학부) 또는 수강신청(간편) ❏ 수강신청 일정 구  분기  간시  간비  고수강희망과목 예약8월 2일(월) ~ 8월 3일(화)9:00~18:00- 포털 로그인 ➔ 교육지원 ➔ 내학사행정 ➔ 수업 ➔ 수강신청안내 ➔ 수강희망과목 예약-,2021-07-22 18:06:04.0
컴퓨터정보통신공학과과,[2~4학년] 2021학년도 2학기 수강신청 안내,https://ce.jnu.ac.kr/bbs/ce/2114/435083/artclView.do,2021학년도 2학기 컴퓨터정보통신공학과/컴퓨터정보통신공학전공 2~4학년 수강신청 안내    ※ 타과 개설 교과목 여석 문의 시 전화예절을 지켜주시기 바랍니다. ❏ 수강신청 방법수강신청 방법전남대학교 포털(http://portal.jnu.ac.kr) ➔ 로그인 ➔ 교육지원 ➔ 내학사행정 ➔ 수업 ➔ 수강신청 ➔ 수강신청(학부) 또는 수강신청(간편)     ❏ 수강신청 일정구  분기  간시  간비  고수강희망과목 예약8월 2일(월) ~ 8월 3일(화)9:00~18:00- 포털 로그인 ➔ 교육지원 ➔ 내학사행정 ➔ 수업 ➔ 수강신청,2021-07-22 14:53:45.0
컴퓨터정보통신공학과과,2021학년도 2학기 수강신청 시행 계획 안내,https://ce.jnu.ac.kr/bbs/ce/2114/435082/artclView.do,"2021학년도 2학기 수강신청 시행 계획 안내  2021학년도 2학기 수강신청 시행 계획을 안내하오니 수강신청 시 교과목별 수업 운영 방식(대면수업, 혼합수업, 원격수업)을 사전에 확인하여 신청하시기 바랍니다. 업무내용기간시간대상내용수강인원 조정‘21.7.26.(월) ~7.29.(목)09:00～18:00 전공: 강좌 주관학과 교양: 강좌 협력학과- 학년별 수강인원 관리- 자과/타과/부전공 수강인원 조정- 분반정보의 사무실 번호 입력수강희망과목예약 신청'21.8.2.(월)~8.3.(화)09:00～18:00 학부 전 학년 공통-",2021-07-21 09:53:00.0
컴퓨터정보통신공학과과,LINC+육성사업단 '2021년 전남대학교 LINC+ 캡스톤디자인십 대회' 안내(신청:7/5~8/6),https://ce.jnu.ac.kr/bbs/ce/2114/435081/artclView.do,LINC+육성사업단 '2021년 전남대학교 LINC+ 캡스톤디자인십 대회' 안내 『사회맞춤형 산학협력 선도대학(LINC+)육성사업』에서는 캡스톤디자인 교과목 참여학생의 문제해결 역량배양과 창의적 인재양성 도모를 위한 「2021년 캡스톤디자인십 대회」를 안내하오니 참여바랍니다.   가. 행사명 : 2021년 캡스톤디자인십 대회   나. 참가대상 : 2020년 2학기 및 2021년 1학기 LINC+ 캡스톤디자인 프로그램 참여팀     ※ 그 외 참가희망 학생은 LINC+사업단으로 문의 후 신청    다. 경진대회 일정 및 참여 프로세스,2021-07-20 11:11:59.0
컴퓨터정보통신공학과과,2021년 Power Engineer School Summer Camp(제24기) 참가 대학생 신청 안내(~7/28 11:00),https://ce.jnu.ac.kr/bbs/ce/2114/435080/artclView.do,2021년 Power Engineer School Summer Camp(제24기) 참가 대학생 신청 안내  한국전력기술(주) 인재개발교육원에서 실시하는 Power Engineer School Summer Camp(제24기)를 붙임과 같이 알려드리오니 참여할 학생은 신청바랍니다.      가. 교육기간 : 2021. 8. 17.(화) ~ 8. 20.(목)  나. 교육방법 : 온라인 교육(ZOOM 영상시스템)  다. 교육과목 : 에너지산업 인재양성 기본역량 프로그램(붙임1 참조)  라. 추천기준    - 학년 : 2~3학년 재학생,2021-07-16 13:37:13.0
컴퓨터정보통신공학과과,학생 대면모임 및 활동 자제 요청,https://ce.jnu.ac.kr/bbs/ce/2114/435079/artclView.do,"학생 대면모임 및 활동 자제 요청  교육부에서 최근 수도권 코로나19 감염자 급증과 지역사회 내 추가 감염 발생을 우려하여 다수의 학생이 모이는 학생 자치활동, 동아리 활동 및 운동부 훈련 등 자제를 요청하였습니다. 이에 따라 학생 대면모임 및 활동(학생회, 소모임, 동아리 등)을 자제하여 주시기 바랍니다.",2021-07-16 10:03:46.0
컴퓨터정보통신공학과과,2021년 2학기 현장실습교육과정 모집 안내,https://ce.jnu.ac.kr/bbs/ce/2114/435078/artclView.do,2021년 2학기 현장실습교육과정 모집 안내  학생처 취업지원실에서는 학생들의 산업현장에 대한 이해증진 및 진로탐색을 위하여   「2021년 2학기 현장실습교육과정」을 아래와 같이 운영하고자 합니다.      가. 2021년도 현장실습교육과정은 산업재해보상보험 가입 의무화로 인하여 보험을 적용한 기업(기관)에 한하여 교육과정을 운영함  나. 프로그램명 : 2021년 2학기 현장실습교육과정  다. 추진일정운영내용일정(기간)세부내용산재보험 가입기간2021. 9. 1(수) ~ 10. 15(금)- 현장실습생이 현장실습을 시작한 날이 속하는,2021-07-15 13:50:44.0
컴퓨터정보통신공학과과,2021 하반기 대기업X공기업 취업지원 프로그램 신청 안내(~11/31),https://ce.jnu.ac.kr/bbs/ce/2114/435077/artclView.do,2021 하반기 대기업X공기업 취업지원 프로그램 신청 안내  1. 대상 : 대기업 혹은 공기업에 취업을 희망하는 이공계 학생 누구나! 2. 무료 취업지원 프로그램 특징   1) 대기업 취업지원 프로그램    ○ 이공계 수준별 맞춤형 커리큘럼    ○ 이공계 산업·기업·직무 분석을 통한 차별화 취업준비전략과 맞춤형 자소서 작성    ○ 비전공자도 쉽게 이해할 수 있는 산업별 기초강의    ○ 국가인증 NCS 인증을 획득한 뛰어난 전공 심화 강의    ○ 주요 대기업 직무적성검사 유형 및 기출문제 분석   2) 공기업 취업지원 프로그램,2021-07-14 11:39:23.0
컴퓨터정보통신공학과과,[SW중심대학사업단] 2021년 NHN클라우드 실무 교육을 위한 사전 수요조사 안내,https://ce.jnu.ac.kr/bbs/ce/2114/435076/artclView.do,"[SW중심대학사업단]  2021년 NHN클라우드 실무 교육을 위한 사전 수요조사 안내  SW중심대학사업단에서는 2021년 NHN클라우드 실무 교육을 위한 사전수요조사를 시행하고자합니다. 참여 희망여부를 통하여 교육의 수요도를 미리 파악하고, 교육 준비사항을 파악하기 위함이오니 학생들의 참여바랍니다. ○ 교육 일정 : 2021. 8. 9.(월) ~ 8. 20.(금) ○ 교육 내용(예정)  1. 기본인프라서비스  2. 플랫폼서비스  3. 쿠버네티스  4. 빅데이터  5. MSA모니터링 ○ 강사 : NHN 개발자 ○ 수요조사 링크 : h",2021-07-14 11:38:57.0
컴퓨터정보통신공학과과,"GS칼텍스 취준동고동락 참여 신청 안내 [에너지플러스콘서트(~8/10), 에너지플러스워크숍(~8/1)]",https://ce.jnu.ac.kr/bbs/ce/2114/435075/artclView.do,"취준 레이스에서 성공하기 위한 멘탈 관리 솔루션 GS칼텍스 취준동고동락    1. 공감과 위로가 필요한 취준생은 모여라! 에너지 플러스 콘서트      - 막막하고 불안한 취준생  - 전문가의 조언, 위로가 필요한 취준생  - 함께 공감할 수 있는 동료가 필요한 취준생      ▶ 모집 일정    - 신청/접수 : 2021년 7월 7일(수) ~ 2021년 8월 10일(화) 23:59    - 행사 일시 : 2021년 8월 11일(수) 14:00~18:00        ▶ 모집 대상 : 공감과 위로가 필요한 청년 취준생(만 34세 이",2021-07-14 11:33:16.0
컴퓨터정보통신공학과과,[공학교육혁신센터] 2021 학생 포트폴리오 교육 개최 안내(~7/21 18:00),https://ce.jnu.ac.kr/bbs/ce/2114/435074/artclView.do,[공학교육혁신센터] 2021 학생 포트폴리오 교육 개최 안내  공학교육혁신센터에서는 포트폴리오 작성 필요성에 관한 이해와 동기를 부여하고 재학생의 자기계발 능력 함양 및 효과적 전달 능력 개발을 돕고자 「2021 학생 포트폴리오 교육」을 실시하고자 합니다. 관심있는 재학생들의 많은 신청 바랍니다. 가. 명  칭 : 나를 브랜드로 만드는 포트폴리오 제작나. 목적 및 필요성  1) 포트폴리오 작성의 필요성에 관한 이해와 동기부여  2) 포트폴리오 작성을 통한 학업활동 및 학업성과에 대한 체계적 관리능력 배양  3) 포트폴리오 작성을 통,2021-07-13 14:10:59.0
컴퓨터정보통신공학과과,2021학년도 상반기 대학원 총장명예장학(CNU GS-PHF) 추가 선발 안내(~7/30),https://ce.jnu.ac.kr/bbs/ce/2114/435073/artclView.do,"2021학년도 상반기 대학원 총장명예장학(CNU GS-PHF) 추가 선발 안내  2021학년도 상반기 대학원 총장명예장학(CNU GS-PHF) 추가 선발 계획을 다음과 같이 안내하오니 많은 신청바랍니다.   1. 지원자격    가. 선정기준 : 본부 및 학과 선정기준에 모두 충족하는 2021학년도 후기 일반대학원 석·박사통합과정 신입생(합격자)과정본부 선정기준(기준1, 2 모두 충족 필요)학과 선정기준 석·박사통합[기준1] 동일 계열 학과 졸업생 + 전일제 학생[기준2] 학부 졸업평점 4.0(4.5만점) 이상인 학생※ 외국인 학생은",2021-07-13 13:29:40.0
컴퓨터정보통신공학과과,라이엇게임즈와 함께하는 실전코딩 웨비나 2차 신청 안내,https://ce.jnu.ac.kr/bbs/ce/2114/435072/artclView.do,,2021-07-13 10:14:28.0
컴퓨터정보통신공학과과,2021학년도 2학기 한국장학재단 학자금 대출 신청 안내,https://ce.jnu.ac.kr/bbs/ce/2114/435071/artclView.do,"2021학년도 2학기 한국장학재단 학자금 대출 신청 안내  2021학년도 2학기 학자금 대출 기본계획을 붙임과 같이 알려드리오니, 원활한 학자금 대출이이루어질 수 있도록 학생들에게 안내하여 주시기 바랍니다.       가. 대출신청 및 실행기간구분등록금 대출분납연계 대출생활비 대출취업 후 상환 전환 대출신청2021. 7. 7.(수)~10. 14.(목)2021. 7. 7.(수)~11. 18.(목)2021. 7. 7.(수)~11. 18.(목)2021. 7. 7.(수)~11. 22.(월)실행2021. 7. 7.(수)~10. 14.(목)2",2021-07-12 13:59:15.0
컴퓨터정보통신공학과과,제7회 삼성전자 대학생 프로그래밍 경진대회 안내(접수: ~7/13),https://ce.jnu.ac.kr/bbs/ce/2114/435070/artclView.do,"제7회 삼성전자 대학생 프로그래밍 경진대회 안내   ● 응모 자격  - 대학(원) 재학 또는 휴학생 (전공 및 학년 제한 없음) ● 대회 내용  - C, C++, Java를 사용하여 제한시간 내에 알고리즘 문제를 풀고 소스코드 제출 ● 시상 내역  - 총 38명 / 총 상금 1억원 규모 ● 대회 일정  - 참가 접수 : 2021.6.15(화) ~ 7.13(화)  - 1차 예선 : 2021.7.16(금) 15:00 ~ 17(토) 15:00  - 2차 예선 : 2021.8.7(토) 09:00 ~ 21:00  - 본선 대회 : 2021.",2021-07-09 09:46:51.0
컴퓨터정보통신공학과과,"국가거점국립대학교(강원대, 경북대, 경상국립대, 부산대, 전북대, 제주대, 충남대, 충북대) 2021학년도 2학기 학사교류 신청 안내(~7/14)",https://ce.jnu.ac.kr/bbs/ce/2114/435069/artclView.do,"국가거점국립대학교(강원대, 경북대, 경상국립대, 부산대, 전북대, 제주대, 충남대, 충북대) 2021학년도 2학기 학사교류 신청 안내2021학년도 2학기 국가거점국립대학교(KNU10) 타 대학교 학사교류 수학안내를 붙임과 같이 공고하오니, 수학을 희망하는 학생은 신청하시기 바랍니다. 1. 국가거점국립대학교(KNU10)  교류 안내 가. 도입배경 : 국가거점국립대학교(KNU10) 간 학사교류 활성화나. 적용시기 : ‘21학년도 2학기 다. 선발(추천)인원 : 100명 이내 (KNU10 각 대학 당 10여명)라. 교류학생 특전 : 장학",2021-07-08 18:15:32.0
컴퓨터정보통신공학과과,2020학년도 후기(2021년 8월) 학부 졸업(수료)대상자 유보 신청 안내(7/8~15),https://ce.jnu.ac.kr/bbs/ce/2114/435068/artclView.do,"2020학년도 후기(2021년 8월) 학부 졸업(수료)대상자 유보 신청 안내  2020학년도 후기(2021년 8월) 학부 졸업(수료) 대상자 중 2021학년도 2학기 학적사항을 ""재학""으로 유지하고자 희망하는 학생은, 졸업(수료) 유보를 신청하기 바랍니다. 1. 신청기간 : 2021. 7. 8.(목) ~ 7. 15.(목) 18시까지 (추가 신청 기간 없음)2. 신청방법 : 전남대학교 포털사이트(http://arsam.jnu.ac.kr/) → 교육지원 → 내 학사업무 → 등록 → 학부 졸업(수료)유보 선택3. 졸업(수료) 유보 고지서",2021-07-08 10:05:18.0
컴퓨터정보통신공학과과,2021년 2학기 한국장학재단 농촌출신대학생 학자금 융자사업 안내(7/5~23),https://ce.jnu.ac.kr/bbs/ce/2114/435067/artclView.do,"2021년 2학기 한국장학재단 농촌출신대학생 학자금 융자사업 안내 한국장학재단에서 농어업인 교육비 부담 경감 및 농어촌출신 대학생에 대한 균등한 교육기회 제공을 위하여「2021학년도 2학기 농촌출신대학생 학자금지원사업」을 아래와 같이 시행합니다.   가. 주요 일정구 분기간 비고신청 및 서류제출2021. 7. 5.(월) ~ 7. 23.(금)     융자 실행2021. 8. 16.(월) ~ 9. 30.(목)학생 개인별 융자 약정 후, 개인별 대학 지정 가상계좌로 대출 실행    나. 지원 대상         1) 주민등록등본 상 농어",2021-07-06 13:45:37.0
컴퓨터정보통신공학과과,2021학년도 상반기 도전장학(미래) 추가 선발 안내(~7/29),https://ce.jnu.ac.kr/bbs/ce/2114/435066/artclView.do,"2021학년도 상반기 도전장학(미래) 추가 선발 안내  「2021학년도 상반기 도전장학(미래) 추가 선발 계획」을 다음과 같이 공고하오니 우리 대학교 일반대학원에 진학하려는 학생은 신청바랍니다.  1. 장학생 선발  가. 자격 : 2021년 8월 학사과정 졸업예정자로서 2021학년도 후기 우리 대학교 일반대학원에  진학하려는 내국인 학생 (학.석사연계과정생도 지원 가능)   ※ 직전학기 성적 평균평점 2.5이상 (전남대학교 장학규정 제3조(장학생의 자격))    나. 장학금 : 인문사회계열 1,700천원, 자연예체능계열 2,300천",2021-07-06 11:49:19.0
컴퓨터정보통신공학과과,2021학년도 2학기 재학생 신규 국가유공자(자녀 포함) 및 가족장학금 신청 안내(~7/9),https://ce.jnu.ac.kr/bbs/ce/2114/435065/artclView.do,"2021학년도 2학기 재학생 신규 국가유공자(자녀 포함) 및 가족장학금 신청 안내2021학년도 2학기 재학생 신규 국가유공자(자녀 포함) 등 법정 장학 또는 가족장학 대상자를 우선 선발하여 장학금을 지급하고자 하오니, 해당 학생은 증빙서류를 학과사무실로 제출하시기 바랍니다.  ▶제출기한 : ~7월9일(금)▶제출장소 : 이메일(eb8916@jnu.ac.kr) 또는 방문(공7-229) 제출▶제출서류 : 해당 증빙 서류  ◎ 장학 대상자 및 자격 구분수혜자격증빙서류장학금비고재학생 신규 국가유공자 또는 그의 자녀 등 법정 장학 대상자독립유",2021-07-05 11:20:18.0
컴퓨터정보통신공학과과,제3회 전남대학교 이노베이션 온라인 해커톤(신청: 7/1~8/8),https://ce.jnu.ac.kr/bbs/ce/2114/435064/artclView.do,"제3회 전남대학교 이노베이션 온라인 해커톤 '이노베이션 해커톤'은 기획자, 개발자, 디자이너가 함께 팀을 이뤄 협력하는 자리입니다. 해커톤을 통해 여러 사람이 한뜻을 가지고 모여 서로 지식을 공유하고, 관계를 형성하여 뜻깊은 경험을 나눌 수 있습니다. 우리의 목표는 이곳 전남대학교에서 이러한 경험을 함께하는 것입니다. Happiness(행복), Innovation(혁신), Passion(열정)이라는 가치를 공유하고자 합니다. 코로나19의 장기화와 함께 우리 사회는 언택트 시대가 새로이 열리고 있습니다. MZ세대들은 언택트 플랫폼에",2021-07-02 17:40:51.0
컴퓨터정보통신공학과과,2021년도 외국어 시험 응시료 지원 신청(1차) 안내(~8/9 17:00 기간연장),https://ce.jnu.ac.kr/bbs/ce/2114/435063/artclView.do,2020.8.2. 업데이트 사항 ▶ 신청 기간 연장  - TOEIC 시험 일정을 고려하여 신청 기간을 8월 9일(월) 17:00까지 연장합니다.   2021년도 외국어 시험 응시료 지원 신청(1차) 안내  2021년도 외국어 시험 응시료 지원(1차)을 아래와 같이 시행하오니 많은 신청바랍니다. 2021년도 외국어 시험 응시료 지원(1차) 신청 안내신청 기간2021년 7월 26일(월) 9:00 ~ 8월 9일(월) 17:00신청 방법이메일(eb8916@jnu.ac.kr) 접수제출 서류① (붙임 1) 신청서 1부.② 응시료 결제 영수증,2021-07-02 16:01:51.0
컴퓨터정보통신공학과과,2021학년도 제2학기 등록 공고(8/23~26 16:00),https://ce.jnu.ac.kr/bbs/ce/2114/435062/artclView.do,"2021학년도 제2학기 등록 공고      2021학년도 제2학기 등록금 납부를 다음과 같이 공고하오니 등록에 차질 없으시기 바랍니다.     1. 기 간 : 2021. 8. 23.(월) ~ 8. 26.(목) 16:00까지 [4일간] 2. 장 소 : 광주은행 및 농협 전국 본·지점(지역농협 포함) 3. 등록금 분할납부 방법  가. 신청대상 : 경제사정으로 정해진 기간내에 등록금 전액 납부가 어려워 분할납부하고자 하는 학생     [신청제외자 : 학부 및 대학원 신입생, 전액 장학금 수혜자, 미등록 휴학예정자, 수업연한초과자]  나.",2021-06-29 16:30:11.0
컴퓨터정보통신공학과과,2021 NTIS 정보활용 경진대회 안내(~7/20),https://ce.jnu.ac.kr/bbs/ce/2114/435061/artclView.do,,2021-06-28 17:55:30.0
컴퓨터정보통신공학과과,2021 NTIS 콘텐츠 공모전 안내(~7/27),https://ce.jnu.ac.kr/bbs/ce/2114/435060/artclView.do,,2021-06-28 17:54:22.0
컴퓨터정보통신공학과과,대학혁신지원사업 여성공학인재양성프로그램 전공 역량강화 소모임 프로그램 참여 모집 안내(6/28~7/5),https://ce.jnu.ac.kr/bbs/ce/2114/435059/artclView.do,대학혁신지원사업 여성공학인재양성프로그램 전공 역량강화 소모임 프로그램 참여 모집 안내  대학혁신지원사업 여성공학인재양성(WE-UP+) 프로그램에서는 공과대학 학생들이 공동체 의미와 가치를 일깨우고 문제 해결 역량을 키우는 전공 역량강화 소모임 프로그램을 운영합니다. 본 프로그램은 공과대학 교수와 학생들이 소규모 팀을 구성하여 진행하는 팀 프로젝트 활동으로 미래 창의인재로서의 역할을 해나갈 많은 학생들의 참여와 교수님들의 지원을 바랍니다. -  아    래  - ▶ 전공 역량강화 소모임 프로그램  ❍ 소모임(팀) 구성 : 공과대학 교,2021-06-28 15:58:44.0
컴퓨터정보통신공학과과,콘텐츠사관학교 콘텐츠아카데미 게임제작과정 교육생 모집 안내(~6/30),https://ce.jnu.ac.kr/bbs/ce/2114/435058/artclView.do,"콘텐츠사관학교 콘텐츠아카데미 게임제작과정 교육생 모집 안내  (재)광주정보문화산업진흥원 전략산업육성팀에서 금번 전남대학교 LINC+ 육성 사업단과 연계하여 전남대학교에서 게임제작과정을 개설합니다. 가. 교육명 : 콘텐츠아카데미 게임제작과정(LINC+ 게임제작과정 프로그램)나. 교육기간 : 2021. 7. 5.(월) ~ 8.11.(수), 총 80시간다. 교육장소 : 전남대학교 공과대학 7호관라. 모집대상 : 게임 제작에 관심있는 재학생 및 졸업생 등 누구나마. 교육혜택 : 오프라인 교육 참여 시 교육수당 지급, 기업인 특강 등바. 신",2021-06-28 12:09:06.0
컴퓨터정보통신공학과과,2021학년도 제2학기 부·복수(연계)전공 취소 신청(7/7~9) 및 이수자 선발(7/15~19) 안내,https://ce.jnu.ac.kr/bbs/ce/2114/435057/artclView.do,2021학년도 제2학기 부·복수(연계)전공 취소 신청 및 이수자 선발 안내  2021학년도 제2학기 부·복수(연계)전공 취소 신청 및 이수자 선발을 아래와 같이 시행하오니 기간내 신청하기 바랍니다. 1. 주요 일정구분일정비고부·복수(연계) 및 융합전공 취소 신청2021. 7. 7.(수) ~ 7. 9.(금)학생(직접 인터넷 신청)부·복수(연계) 및 융합전공 신청2021. 7. 15.(목) ~ 7. 19.(월) 학생(직접 인터넷 신청)승인 및 선발자 공고2021. 7. 29.(목)전남대학교 홈페이지 2. 복수전공 지원 자격 및 선발 기,2021-06-28 11:36:58.0
컴퓨터정보통신공학과과,제 2회 오아시스 해커톤 참가자 모집 안내 (7/10~8/1),https://ce.jnu.ac.kr/bbs/ce/2114/435056/artclView.do,"제2회 오아시스 해커톤 참가자 모집 안내 호남지역 지역사회 현안에 관심을 갖고 문제를 해결하기 위해 참신한 서비스를 만들어나갈 호남지역 대학생 여러분의 해커톤 참가를 기다립니다. 1. 주제 : 호남지역 문제 해결을 위한 서비스 개발(교육/안전/사회·환경/관광/창업) 2. 기간 및 일정  - 접수기간 : 2021년 7월 10일 ~ 8월 1일 23시 59분  - 대회기간 : 8월 9일 ~ 8월 20일 3. 참가 대상 : 호남지역 내 대학 재·휴학생(졸업예정자 포함) 4. 시상 내역 : 12개 상장 배부 (총 1,200만원 규모) 5.",2021-06-28 09:45:32.0
컴퓨터정보통신공학과과,[LINC+사업단] 2021 ASAC 자율차 인공지능 SW교육 자격증 취득 과정 모집 안내(1단계 과정 신청: 6/21~7/9),https://ce.jnu.ac.kr/bbs/ce/2114/435055/artclView.do,"[사회맞춤형 산학협력선도대학(LINC+)육성사업단] 2021 LINC+ 대학연합 문제해결 인재양성 심화프로그램 모집- ASAC 자율차 인공지능 SW교육 자격증 취득 과정 -  ○ 사업명 : 2021 LINC+ 대학연합 문제해결 인재양성 심화프로그램○ 세부사업명 : AI클러스터 자율주행자동차 ASAC 인증교육 ○ 배경 및 목적 - 4차 산업혁명 시대의 인공지능 산업을 선도할 수 있는 미래전략 선도인력 양성 - 자율주행 인공지능 SW 기술을 학습하고 자율주행 차량 개발을 위한 센서와 센서 데이터 처리 기법, 자율주행 알고리듬 기술 등을",2021-06-25 10:07:32.0
컴퓨터정보통신공학과과,"나주혁신도시 현직자멘토링(토크, 견학, ncs)참가자 모집 안내(선착순 20명 선발)",https://ce.jnu.ac.kr/bbs/ce/2114/435054/artclView.do,"나주혁신도시 현직자멘토링(토크, 견학 ,ncs)참가자 모집 안내  나주혁신도시 현직자멘토링(토크,견학,ncs)참가자 모집을 아래와 같이 운영하오니 희망자는 첨부된 지원서를 작성하여 [취업포털 - 추천공지]에서 [추천요청하기]로 신청바랍니다. ▶관련 공지사항으로 이동(클릭) 1. 일시 : 7. 27.(화)~7.28.(수) 2일간, 오전 9시 (민주마루옆에서 학교 차량으로 출발예정, 비숙박) 2. 장소 : 나주혁신도시3. 인원 : 20명, 선착순 선발※ 행정직과 기술직을 균형선발 예정임※ 2일간 참석 가능한 사람 신청날짜시간시수강의 주",2021-06-25 09:53:02.0
컴퓨터정보통신공학과과,2021년도 2학기 대학직장 예비군 전입 신청 및 개인 정보 수정 안내,https://ce.jnu.ac.kr/bbs/ce/2114/435053/artclView.do,"2021년도 2학기 대학직장 예비군 전입 신청 및 개인 정보 수정 안내  2021년도 2학기 재학생 중 대학직장 예비군(전남대학교 연대)으로 편성되지 않은 학생은 전입 신청을 하시고, 정확한 훈련 안내를 위하여 개인 정보를 수정하시기 바랍니다. 1. 대상 : 2021년도 2학기 대학(원) 재학생(2학기 신입, 편입, 복학, 전과 포함)▶신청 절차 : 전남대학교 포털 ⇨ 내 학사행정 ⇨ 병무 ⇨ 예비군 전입 신청▶전입 신청 4~5일 경과 후 예비군 홈페이지에서 소속 부대 확인,  전남대학교연대로 편성되지 않은 학생은 전입 신청(전화",2021-06-21 18:11:41.0
컴퓨터정보통신공학과과,[공학교육혁신센터] 2021 IoT·AI 교육프로그램 중기과정 모집 안내(신청: ~7/1 15:00),https://ce.jnu.ac.kr/bbs/ce/2114/435052/artclView.do,"[공학교육혁신센터] 2021 IoT·AI 교육프로그램 중기과정 모집 안내  [공학교육혁신센터]에서는 미래 사회의 다변화와 AI 산업의 대두에 따른 융합적 교육모델을 제시하며, AI에 대한 이해와 체험 등 다양한 교육프로그램을 통해 미래사회에 필요한 핵심역량 강화를 위하여 『2021 IoT·AI 교육프로그램 중장기과정(유니티를 활용한 코딩기반 AI 교육과정)』을 실시하고자 합니다. 관심있는 학생들의 많은 신청바랍니다.    - 다    음 -    가. 명    칭 : 유니티를 활용한 코딩기반 AI 교육과정 (중장기과정)나. 교육일시",2021-06-21 09:32:18.0
컴퓨터정보통신공학과과,[공학교육혁신센터] 2021 IoT·AI 교육프로그램 단기과정 모집 안내(신청: ~7/1 15:00),https://ce.jnu.ac.kr/bbs/ce/2114/435051/artclView.do,[공학교육혁신센터] 2021 IoT·AI 교육프로그램 단기과정 모집 안내  공학교육혁신센터에서는 사물인터넷에 대한 이해와 체험 등 다양한 교육프로그램을 통해 미래사회와 네트워크 기반의 공학세계 패러다임 및 새로운 기술에 대한 이해와 고찰을 통한 창업을 유도하고자 『2020 IoT·AI 교육프로그램 단기과정』을 실시하고자 합니다. 관심있는 학생들의 많은 참여바랍니다. - 다    음 - 가. 명 칭 : 2021 IoT·AI 교육프로그램 단기과정나. 모집프로그램연번교육명교육일시모집인원비고1스마트홈 제작 및 제어21.07.21.(수)~0,2021-06-18 17:42:17.0
컴퓨터정보통신공학과과,2021학년도 하계방학 중 셔틀버스(광주↔여수캠퍼스) 운행 안내(6/22~8/31),https://ce.jnu.ac.kr/bbs/ce/2114/435050/artclView.do,"2021학년도 하계방학 중 셔틀버스(광주↔여수캠퍼스) 운행 안내  2021학년도 하계방학 중 행정업무 지원을 위한 셔틀버스를 다음과 같이 운행하오니 참고바랍니다.   가. 운행 목적 : 광주 ↔ 여수캠퍼스 간 행정업무 지원   나. 운행 기간 : 2021. 06. 22.(화) ~ 2021. 08. 31.(화)   다. 차량 운행 : 매주 4회(월, 화, 목, 금) 운행(공휴일 제외)    가) 운행 방식 : 코로나19 사회적 거리두기에 따른 단계별 버스운행     나) 사회적거리두기에 따른 단계별 버스운행 계획사회적 거리두기셔틀버스",2021-06-18 17:35:32.0
컴퓨터정보통신공학과과,2021학년도 1학기 섬김의 리더십 동원장학생 추가 선발 공고(6/17~30 15:00),https://ce.jnu.ac.kr/bbs/ce/2114/435049/artclView.do,"2021학년도 1학기 섬김의 리더십 동원장학생 추가 선발 공고     동원육영재단에서 (재)전남대학교동원장학재단에 출연한 기금을 기탁자의 뜻에 따라 자아개념과 성취욕이 투철하고, 국가와 사회 발전에 기여할 수 있는 우수 인재를 장학생으로 선발하고자 다음과 같이 공고합니다.2021년 6월 16일(재)전남대학교동원장학재단    1. 2021학년도 1학기 장학생 선발인원 및 장학금액    • 선발인원 : 2명    • 선발 대상자 :3학년 정규학기 학부재학생(휴학자 및 6년제 특수대학 제외)    • 장학금액 : 학기당 300만원[자격유",2021-06-16 17:50:11.0
컴퓨터정보통신공학과과,2021학년도 제2학기 휴학·복학 신청 기간 안내(2021.7.19. 업데이트),https://ce.jnu.ac.kr/bbs/ce/2114/435048/artclView.do,"2021.7.19. 업데이트 사항   ▶ 대체공휴일 지정에 따라 학사 일정이 변경되어 일반휴학(등록), 창업휴학(등록) 신청 기간 변경  - (변경 전) 2021. 8. 23.(월) ~ 2021. 10. 27.(수)  - (변경 후) 2021. 8. 23.(월) ~ 2021. 10. 29.(금) 2021학년도 제2학기 휴학 복학 신청 기간 안내  1. 신청 기간  가. 휴학휴학 종류신청 기간대상자일반휴학(등록)2021. 8. 23.(월) ~ 10. 29.(금)  등록금 납부 후 휴학을 원하는 자일반휴학(미등록)2021. 8. 2",2021-06-16 13:49:11.0
컴퓨터정보통신공학과과,라이엇게임즈와 함께하는 실전코딩 웨비나 신청 안내,https://ce.jnu.ac.kr/bbs/ce/2114/435047/artclView.do,,2021-06-16 09:44:17.0
컴퓨터정보통신공학과과,2021학년도 제2학기 학부 재입학 실시 안내(7/5~9),https://ce.jnu.ac.kr/bbs/ce/2114/435046/artclView.do,"2021학년도 제2학기 학부 재입학 실시 안내  1. 목적 : 자퇴·제적 등의 사유로 학교를 떠난 학생들에게 학칙 제30조 규정에 따라 학업을 계속할 수 있도록 기회 부여 2. 관련 근거  가. 고등교육법시행령 제29조의2(재입학)  나. 전남대학교 학칙 제30조(재입학)  다. 전남대학교 학부 재입학에 관한 세부지침 3. 재입학 요건  가. 재입학 대상    1) 미복학·미등록·학사경고 제적자 및 자퇴자(학부·대학원생 공통)    2) 학칙 제30조제4항에 해당하는 학생활동 제적자(학부·대학원생 공통)   ※ 단, 여수캠퍼스 학생",2021-06-15 11:24:12.0
컴퓨터정보통신공학과과,2021학년도 2학기 학부생 학·석사학위연계과정 모집 안내(6/14~7/16),https://ce.jnu.ac.kr/bbs/ce/2114/435045/artclView.do,"2021학년도 2학기 학부생 학·석사학위연계과정 모집 안내  1. 학·석사학위연계과정  : 학칙 제19조 제5항에 의거 학사학위과정과 대학원 교과과정을 상호 연계하여 졸업(수료)학점을 취득함으로써 학사 및 석사과정 수업연한을 단축하여 학사학위와석사학위 취득이 가능한 학사제도 2. 모집학과 : 전 학과(의학과, 수의학과 제외) 3. 지원자격 및 특전사항구 분주 요 내 용지원자격□ 지원가능학과 : 학부과정의 주(복수)전공에 해당하는 대학원 학과(전공)□ 아래의 요건을 모두 갖춘 자  ⊙ 4학기(2학년 2학기)이상 이수자로서 총 72학점",2021-06-15 11:04:31.0
컴퓨터정보통신공학과과,2021학년도 14기 총장명예학생[PHS] 신청 안내(7/19~8/6),https://ce.jnu.ac.kr/bbs/ce/2114/435044/artclView.do,"2021학년도 14기 총장명예학생[PHS] 신청 안내  기초교육원에서는 모교에 대한 자부심과 비판적 사고력, 창의적 문제해결 능력을 바탕으로 학문후속세대 및 글로컬리더로서의 열정을 갖춘 미래 인재를 양성하고자 2021학년도 총장명예학생[PHS]을 선발합니다.    가. 지원 자격구분지원 자격신청유형성적우수⚫ 평점평균 3.8 이상 우수자⚫ 1학년: 직전학기(계절학기 제외), 2학년: 전체학기외국인⚫ 평점평균 3.0 이상⚫ 한국어능력자격시험(TOPIK) 5등급 이상학과추천⚫ 창의성, 인성, 학업 역량을 겸비하여 발전 가능성을 학과로부터",2021-06-14 17:56:01.0
컴퓨터정보통신공학과과,WISET 2021년 여성연구자역량강화교육 온라인 교육생 모집 공고 안내(3차)(~6/25),https://ce.jnu.ac.kr/bbs/ce/2114/435043/artclView.do,"WISET 2021년 여성연구자역량강화교육 온라인 교육생 모집 공고 안내  한국여성과학기술인육성재단(WISET)은 복권기금을 통해 사회적 가치를 증진하고자 노력하고 있으며, 본 사업은 과학기술정보통신부의 지원을 받아 실시하고 있습니다. 본 교육은 여성과학기술인의 역량강화 및 경력성장 지원을 위해 멀티캠퍼스 온라인 교육을 제공하고자 하오니 많은 신청 바랍니다.2021년 6월한국여성과학기술인육성재단 이사장 안혜연  ▲신청하기 클릭(로그인 필수)※ 남성 신청 가능  1. 교육목적  : 여성과학기술인의 실무역량 제고를 통한 지속적인 경력성",2021-06-14 10:39:20.0
컴퓨터정보통신공학과과,2021학년도 1학기 제2회 좋은수업에세이 공모전 안내(신청: 6/16~25),https://ce.jnu.ac.kr/bbs/ce/2114/435042/artclView.do,2021학년도 1학기 제2회 좋은수업에세이 공모전 안내  가. 에세이 주제  - 내가 경험한 좋은 비대면 수업    * 추천하는 수업이 비대면에서 왜 좋은 수업이었는지 구체적인 이유를 자신의 경험에 근거하여 작성예시)- 비대면 수업 진행 방식이 창의적이고 효율적이였는가- 교수자는 학생과 상호작용을 위해 노력하였는가- 추천하는 수업 중 가장 인상 깊었거나 유익한 점이 있었는가- 추천하는 수업을 듣고 나서 나에게 긍정적인 변화가 있었는가- 타 학생에게 이 과목을 꼭 추천하고 싶은 이유나 수강 소감은 무엇인가나. 에세이 작성 안내  -,2021-06-10 13:30:44.0
컴퓨터정보통신공학과과,[소프트웨어중심대학사업단] 2021 UCI GREAT프로그램 참가 신청 안내(6/10~17),https://ce.jnu.ac.kr/bbs/ce/2114/435041/artclView.do,"2021 UCI GREAT프로그램 참가 신청 안내     1. 신청 대상[전남대학교 공과대학] 소프트웨어공학과 및 소프트웨어공학전공, 공과대학 컴퓨터정보통신공학과 및 컴퓨터정보통신공학전공, [AI융합대학] 인공지능학부, 빅데이터융합학과, 지능형모빌리티융합학과, IoT인공지능융합전공, 빅데이터금융공학융합전공, 로봇공학융합전공 재학생.     2. 신청 자격- (성적) 전체 평균 학점 3.5이상 - (어학) TOEIC 650점 이상 혹은 이에 상응하는 영어능력      3. 프로그램 일정(예정) 및 내용  * 일정(예정) : 2021.",2021-06-10 10:36:42.0
컴퓨터정보통신공학과과,[반도체설계교육센터] 2021 하계 단기 강좌 신청 안내,https://ce.jnu.ac.kr/bbs/ce/2114/435040/artclView.do,,2021-06-10 09:38:33.0
컴퓨터정보통신공학과과,2021년 2학기 삼성드림클래스 대학생 멘토 선발 안내(신청: 6/4 14:00~15 10:00),https://ce.jnu.ac.kr/bbs/ce/2114/435039/artclView.do,"2021년 2학기 삼성드림클래스 대학생 멘토 선발 안내 삼성드림클래스는 사업 10년 차를 맞아 교육 환경 여건의 변화를 반영하여 중학생들에게 기존의 영어, 수학 기초학습뿐만 아니라, 학습 동기부여를 위한 진로 포부 형성과 4차 산업혁명 시대의 기본 소양인 미래 역량 함양을 지원하는 프로그램으로 확대 개편 운영합니다.이에, 중학생들의 롤모델로서 학습 멘토링을 지원할 우수한 인성, 역량과 봉사정신을 겸비한 대학생 멘토를 다음과 같이 선발한다 하오니 학생들의 많은 지원바랍니다.  가. 지원자격 : 국내 대학(원) 재학생(2021년 2학",2021-06-09 10:29:45.0
컴퓨터정보통신공학과과,2021 학생 포트폴리오 경진대회 안내(신청: 8/2~27),https://ce.jnu.ac.kr/bbs/ce/2114/435038/artclView.do,2021 학생 포트폴리오 경진대회 안내공학교육혁신센터에서는 공학계열 학생들에게 향후 취업 및 진학 인터뷰 시에 유용하게 활용될 수 있는 개인 포트폴리오 작성의 기회를 제공하여 적극적인 자기 계발 및 커리어 관리를 유도하고자 「2021 학생포트폴리오 경진대회」를 개최합니다. 관심있는 학생들의  참여 바랍니다.    - 다    음 -    ■ 명    칭 : 2021 학생 포트폴리오 경진대회■ 신청기간 : 2021. 8. 2.(월) ~ 2021. 8. 27.(금)■ 심사일자 : 2021. 9. 8.(수)(예정)■ 참가자격 : 공고일,2021-06-08 16:47:54.0
컴퓨터정보통신공학과과,포스코ICT 'Smart School' 채용연계형 인턴 선발 안내(~6/10),https://ce.jnu.ac.kr/bbs/ce/2114/435037/artclView.do,"포스코ICT 'Smart School' 채용연계형 인턴 선발 안내  1. 자격  - 관련전공: 컴퓨터공학, 정보통신, SW공학, 전기, 전자, 제어공학 등 관련학과 기 졸업자                    (2022년 2월 이전 졸업예정자 포함)  - 성적: 학점 4.5점 만점 3.0점 이상  - 어학: 토익스피킹 110점 또는 OPIc IL 이상 ('19.7.1 이후 성적만 인정)      2. 지원서 제출 - 제출처 : http://gorecruit.posco.net/ - 제출기한 : 6월10일(목) 23:59까지 3. 추천",2021-06-08 10:12:05.0
컴퓨터정보통신공학과과,2021 현대자동차 ‘H-모빌리티 클래스’ 교육생 모집 안내(~6/16 10:00),https://ce.jnu.ac.kr/bbs/ce/2114/435036/artclView.do,"2021 현대자동차 ‘H-모빌리티 클래스’ 교육생 모집 안내 H-모빌리티 클래스 교육 프로그램은 미래 자동차 산업을 이끌어 갈 인재들에게 차량 전동화 및 자율주행 분야의 핵심기술을 배울 수 있는 기회를 제공하는 프로그램입니다. 교육생으로 선발되면 온라인 기초 교육을 수강하고, 현대자동차 연구개발본부와 연계된 현장감 있는 심화 교육과정을 이수하게 됩니다. 이러한 교육 프로그램을 통해 현대자동차의 미래 R D 인재로 성장할 수 있습니다. ■ 선발대상 : 이공계 대학(원)생 中 2022년 2월 졸업(예정)자 ■ 기본요건  - 20년 ‘H",2021-06-04 13:51:03.0
컴퓨터정보통신공학과과,삼성SDS 2021년 하계 알고리즘 특강 모집 안내(~6/11 15:00),https://ce.jnu.ac.kr/bbs/ce/2114/435035/artclView.do,삼성SDS 2021년 하계 알고리즘 특강 모집 안내  안녕하세요! 삼성SDS입니다.'21년 하계 알고리즘 특강으로 인사드립니다 :) 체계적인 알고리즘 강의에 목말라 계셨던 분!여름방학동안 자신을 한층 성장시키고 싶으신 분! 단기간에 알고리즘 실력을 향상시킬 수 있는 기회이니 놓치지 마세요. 자세한 사항은 포스터를 참고하시어 URL 및 QR코드를 통해 신청해주시기 바랍니다.  ▶ 대 상 : 알고리즘에 관심 있는 모든 학생▶ 기 간 : ~ 2021.06.11 (금) 15:00▶ 접수 URL : http://bit.ly/sds_2021_,2021-06-04 13:45:01.0
컴퓨터정보통신공학과과,2021 캠퍼스 특허 유니버시아드 대회 공고 안내(신청: 4/19~6/7),https://ce.jnu.ac.kr/bbs/ce/2114/435034/artclView.do,붙임  2021_캠퍼스_특허_유니버시아드_공고 1부.  끝.,2021-06-03 11:44:53.0
컴퓨터정보통신공학과과,대학혁신지원사업 여성공학인재양성프로그램 스스로더불어 프로젝트 참여 모집(~6/11),https://ce.jnu.ac.kr/bbs/ce/2114/435033/artclView.do,"(~대학혁신지원사업 여성공학인재양성프로그램 스스로 더불어 프로젝트 참여 모집 대학혁신지원사업 여성공학인재양성(WE-UP+) 프로그램에서 빠르게 변화하고 있는 4차 산업혁명 시대에 필요한 자율성과 창의적 사고능력 개발을 위하여 학생들이 주체적으로 계획하고 실행하는 스스로 더불어 프로젝트 참여를 아래와 같이 모집합니다. 도전적인 미래 인재로서의 역할을 해나갈 많은 공대생들의 관심과 참여를 바랍니다.       1. 주제 : 자유주제 / 팀별 자율시행   ※ 취업, 창업, 진로, 발명, 자기계발, 현장견학, 공모전/학회, 봉사 등 2.",2021-06-02 14:15:23.0
컴퓨터정보통신공학과과,2021년 롯데장학재단 롯데 38기 멘토링 장학생 신규 추천 안내(~6/6),https://ce.jnu.ac.kr/bbs/ce/2114/435032/artclView.do,"2021년 롯데장학재단 롯데 38기 멘토링 장학생 신규 추천 안내  21년(하) 롯데 38기 멘토링 장학생 신규 선발 관련, 2021학년도 2학기 롯데장학재단 장학생 선발 안내드립니다. 가. 선발인원 : 9명(대학추천인원 11명 *1.2배수 추천)※ 대학(본부) 추천순위: ① 성적우수자 → ② 이수학점 → ③ 소득분위 순으로 11명 추천   나. 롯데 멘토링 장학생 추천 기준    1) 대상: 초·중·고등학생 학생지도(영어,수학 등)를 할 수 있는 대학생※ 지원불가: 실습,교환/인턴/연수,군입대,ROTC,휴학 등의 사유로 지속적인",2021-06-01 17:46:20.0
컴퓨터정보통신공학과과,2021학년도 2학기 등록금재원 교내 장학금 신청 안내(6/15~7/16 17:00)(2021.6.14. 업데이트),https://ce.jnu.ac.kr/bbs/ce/2114/435031/artclView.do,"2021.6.14. 업데이트 사항  ▶ 장학 신청 기한 변경 업데이트  - (변경 전) 2021. 6. 14.(월) ~ 2021. 7. 16.(금) 17:00  - (변경 후) 2021. 6. 15.(화) ~ 2021. 7. 16.(금) 17:00  2021학년도 2학기 등록금재원 교내 장학금 신청 안내   2021학년도 2학기 등록금재원 교내 장학금 신청 관련 사항을 안내하오니 장학 기본 충족 사항 및 신청 방법을 확인 후, 기간 내 많은 신청 바랍니다.  1. 신청 대상 : 2021학년도 1학기 이수자 ( 전자컴퓨터공학부 컴퓨",2021-05-28 11:27:48.0
컴퓨터정보통신공학과과,2021학년도 2학기『매치업(Match業) 인공지능(AI) 프로그램』 수강생 모집 안내(수강신청: 6/1~23),https://ce.jnu.ac.kr/bbs/ce/2114/435030/artclView.do,2021학년도 2학기『매치업(Match業) 인공지능(AI) 프로그램』 수강생 모집 안내  전남대학교 평생교육원에서 2021학년도 2학기 『매치업(Match業) 인공지능(AI) 프로그램』 수강생을 다음과 같이 모집하오니 관심있는 교내 구성원 여러분의 많은 참여 부탁드립니다. 1. 수강신청 기간 : 2021. 6. 1.(화) ~ 6. 23.(수) 2. 교육일정6월7월8월9월10월11월수강신청기간(6. 1. ~ 6. 23.)입문(7.5.~8.27.)공통(9.6.~10.29.)심화(11.1.~26.)공통(7.5.~8.27.)심화(9.6.~,2021-05-27 17:21:07.0
컴퓨터정보통신공학과과,「지역 ICT이노베이션스퀘어 확산사업」 AI융복합교육 안내(선착순 마감),https://ce.jnu.ac.kr/bbs/ce/2114/435029/artclView.do,"「지역 ICT이노베이션스퀘어 확산사업」 AI융복합교육 안내  (재단법인)광주정보문화산업진흥원에서 우리 대학 학생(재학, 휴학, 졸업생)을 대상으로 다음과 같이 AI(인공지능) 융복합교육을 진행하오니 많은 신청바랍니다.  가. 교육명 : AI(인공지능) 융복합교육(전남대학교 학생들을 위한 입문과정)  나. 교육시간 : 과정당 4주, 1일 4시간(총 80시간)  다. 교육기간 : 2021.06.21. ~ 2021.07.16.(4주)  라. 교육방법 : 온라인 실시간 강의운영(Zoom, Slack)  마. 참여대상 : 전남대학교 재학,",2021-05-27 09:58:32.0
컴퓨터정보통신공학과과,2021학년도 1학기 도전장학생(비상) 선발 계획 안내(6/2~8),https://ce.jnu.ac.kr/bbs/ce/2114/435028/artclView.do,"2021학년도 1학기 도전장학생(비상) 선발 계획 안내  2021학년도 1학기 도전장학생(비상) 선발을 다음과 같이 시행합니다. 가. 선발인원(예정) : 110명(학부재학생 105명, 외국인학생 5명)나. 장학금액(1인당) : 1,800천원다. 접수기간 : 2021. 06. 02.(수) 09:00 ~ 06. 08.(화) 18:00 [7일간]라. 신청방법 - 전남대학교포털사이트(http://portal.jnu.ac.kr)에 로그인 후 → 교육지원 → 내학사행정→ 장학 → 도전장학 → 장학금신청에 접속하여 도전계획서 작성 및 제출마.",2021-05-26 15:11:59.0
컴퓨터정보통신공학과과,여름철 냉방운영 안내(6/14~9/3),https://ce.jnu.ac.kr/bbs/ce/2114/435027/artclView.do,"여름철 냉방운영 안내  우리 대학교는 온실가스 배출권거래제 대상 기관으로서 온실가스의 감축및 공공요금 절감을 위한 여름철 냉방을 아래와 같이 실시코자 합니다. 이에, 여름철 냉방운영 계획을 안내하오니 적정온도를 유지하여 에너지 절감에 적극 협조하여 주시기 바랍니다. 1. 냉방기간 : 2021. 06. 14.(월) ~ 2021. 09. 03.(금)[60일, 공휴일 제외]2. 냉방온도 : 실내 평균온도 28℃ 이상 유지3. 중앙냉방 가동시간오   전오   후총 가동시간09:30 ~ 11:00(1시간 30분)13:00 ~ 14:00(1시",2021-05-26 10:20:26.0
컴퓨터정보통신공학과과,[공학교육혁신센터] 하계 실리콘밸리 온라인 창업연수 참가자 모집 안내(~5/27 23:59),https://ce.jnu.ac.kr/bbs/ce/2114/435026/artclView.do,"[공학교육혁신센터] 하계 실리콘밸리 온라인 창업연수 참가자 모집 안내  우리 센터에서는 전북대학교 공학교육혁신거점센터에서 개최하는 「하계 실리콘밸리 온라인 창업연수」에 참가할 학생을 모집합니다.   가. 건명 : 하계 실리콘밸리 온라인 창업연수 개최 나. 일시/장소 : 21.07.05.(월) ~ 07.16.(금), 온라인 개최 다. 주요 프로그램  1) 실리콘밸리 에코시스템 관련 전문가 초청특강 및 이론 교육  2) 실리콘밸리 우수 기업 온라인 견학    3) 스타트업 아이디어 발굴, 제안서 작성, 전문가 멘토링 등  4) 산호세주",2021-05-25 13:24:11.0
컴퓨터정보통신공학과과,코로나19로 인한 긴급 경제사정 곤란자 지원 장학(학부 재학생) 선발 안내(신청: 5/24~6/7),https://ce.jnu.ac.kr/bbs/ce/2114/435025/artclView.do,"코로나19로 인한 긴급 경제사정 곤란자 지원 장학 선발 안내  코로나19로 인한 학부모 등 실직〮 폐업〮 휴업에 따른 경제적으로 어려움을 겪고 있는 학생들의 부담을 완화하여 안정적인 학업여건을 조성하고자 긴급 경제사정 곤란 지원 장학생(학부 재학생)을 선발하고자 하오니 해당 학생들의 신청바랍니다.  □ 지원대상 : 코로나19로 인해 '20. 11월 ～ '21. 5월 기간에 학부모 등 비자발적 실직 또는 폐업·휴업으로 경제사정이 곤란한 학부 재학생*에게 심사 후 지원   * 미혼인 경우 : 부모, 본인 / 기혼인 경우: 본인, 배우자",2021-05-24 18:14:18.0
컴퓨터정보통신공학과과,2021학년도 상반기 대학원 총장명예장학(CNU GS-PHF) 선발 안내(~6/4),https://ce.jnu.ac.kr/bbs/ce/2114/435024/artclView.do,"2021학년도 상반기 대학원 총장명예장학(CNU GS-PHF) 선발 안내  2021학년도 상반기 대학원 총장명예장학(CNU GS-PHF) 선발 계획을 다음과 같이 안내하오니 많은 신청바랍니다.   1. 지원자격    가. 선정기준 : 본부 및 학과 선정기준에 모두 충족하는 2021학년도 후기 일반대학원 석·박사통합과정 신입생(합격자)과정본부 선정기준(기준1, 2 모두 충족 필요)학과 선정기준 석·박사통합[기준1] 동일 계열 학과 졸업생 + 전일제 학생[기준2] 학부 졸업평점 4.0(4.5만점) 이상인 학생※ 외국인 학생은 위 기준을",2021-05-24 14:59:14.0
컴퓨터정보통신공학과과,2021년도 ｢언택트 학술전자정보박람회｣를 개최 안내(5/31~6/4),https://ce.jnu.ac.kr/bbs/ce/2114/435023/artclView.do,"2021년도 ｢언택트 학술전자정보박람회｣를 개최 안내 우리 대학교 도서관에서는 구독중인 국내∙외 전자정보 이용 활성화를 위해 ｢2021 언택트 학술전자정보박람회｣를 개최합니다.1. 행사기간 : 2021년 5월 31일(월) ~ 6월 4일(금)2. 참여대상 : 학부 및 대학원 재학생3. 참여방법 : 도서관 홈페이지(lib.jnu.ac.kr)  → 박람회 페이지 → 각 부스명 클릭 후 정보검색 퀴즈풀기4. 경품내역 : 미니 빔 프로젝터, 아이패드 32GB, MTB자전거, 갤럭시 버즈 프로, 외장하드 등",2021-05-20 15:42:14.0
컴퓨터정보통신공학과과,2021학년도 국가근로장학금 하계방학 집중근로 프로그램 희망근로지 신청 안내(5/28~6/6 18:00),https://ce.jnu.ac.kr/bbs/ce/2114/435022/artclView.do,2021학년도 국가근로장학금 하계방학 집중근로 프로그램 희망근로지 신청 안내  2021학년도 국가근로장학금 하계방학 집중근로 프로그램 희망근로지 신청을 다음과 같이 안내합니다. 가. 신청기간 : '21. 5. 28.(금) 09:00 ~ 6. 6.(일) 18:00 나. 신청자격 : '21학년도 1학기 국가근로장학금 일반유형을 신청한 재학생(미신청자는 신청 불가)다. 신청방법 : 한국장학재단 홈페이지→장학금→국가근로장학금→근로장학관리→희망근로지 신청   ※ 상세 신청방법 붙임 참고 라. 근로기간 : '21. 7. 1.(목) ~ 8. 3,2021-05-20 15:35:17.0
컴퓨터정보통신공학과과,2021학년도 2학기 1차 국가근로장학금 학생 신청 안내(5/18~6/17),https://ce.jnu.ac.kr/bbs/ce/2114/435021/artclView.do,"2021학년도 2학기 1차 국가근로장학금 학생 신청 안내 2021학년도 2학기 1차 국가근로장학금 학생 신청 일정을 다음과 같이 안내하오니 많은 신청바랍니다. 가. 신청기간 : '21. 5. 18.(화) 09:00 ~ '21. 6. 17.(목) 18:00  ※ 주말 및 공휴일 포함 신청기간 내 24시간 신청가능(단, 시작일 및 마감일 제외)  나. 신청자격 : 학교 재학중인 학생으로 아래의 두가지 요건 충족 학생  - 직전학기 성적 1.75이상(70점/100점)  - 소득분위 8분위 이하(기초생활수급자 및 차상위 포함) 다. 신청방",2021-05-18 18:12:35.0
컴퓨터정보통신공학과과,2021년 하계 포스코 스틸브릿지 현장실습교육과정 모집 안내(~5/19),https://ce.jnu.ac.kr/bbs/ce/2114/435020/artclView.do,2021년 하계 포스코 스틸브릿지 현장실습교육과정 모집 안내  융합인재교육원 현장실습지원센터에서는 포스코 스틸브릿지와 연계하는 현장실습을 통하여 학생들에게 기업 문화 체험 및 취업활동에 도움을 주고 산학협력의 기반을 조성하고자      아래와 같이 「2021년 하계 포스코 스틸브릿지 현장실습」을 운영하오니 참여바랍니다.     ○프로그램명 : 2021년 하계 포스코 스틸브릿지 현장실습 ○추진일정운영 내용일정비고학생 신청기간2021. 05. 13(목) ~ 05. 19.(수)현장실습지원센터 홈페이지 공지사항 참조 http://cwes.,2021-05-18 10:27:29.0
컴퓨터정보통신공학과과,산학협력단 2021년도 제2회 기업연계 청년기술전문인력 육성사업(청년 TLO) 청년 기술사업화 전담인력 채용 공고(~5/31),https://ce.jnu.ac.kr/bbs/ce/2114/435019/artclView.do,"산학협력단 2021년도 제2회 기업연계 청년기술전문인력 육성사업(청년 TLO) 청년 기술사업화 전담인력 채용 공고 과학기술정보통신부 「기업연계 청년기술전문인력 육성사업」을 추진하고자 다음과 같이 채용공고하오니, 우수한 인재들이 응시할 수 있도록 지원 바랍니다.   가. 채용분야 및 인원모집분야직급인원계약 기간비고청년 기술사업화 전담인력청년 기술마케터*기간제 계약직20명 내외계약일로부터 6개월학사기업파견 전문인력기간제 계약직4명 내외계약일로부터 8개월석·박사    * 사업 잔여 인건비가 발생한 경우, 성과우수자를 선발하여 근로계약 연",2021-05-18 10:24:09.0
컴퓨터정보통신공학과과,2021학년도 하계 계절학기 제주대학교 교류수학 허가자 학번 부여 안내(수강신청: 5/18~21),https://ce.jnu.ac.kr/bbs/ce/2114/435018/artclView.do,"2021학년도 하계 계절학기 제주대학교 교류수학 허가자 학번 부여 안내  2021학년도 하계 계절학기 제주대학교 교류수학 허가자 명단을 붙임과 같이 알려드리니, 제주대학교 학사일정에 따라 수학하시기 바랍니다.   ◎ 수업기간 : 2021. 6. 28.(월) ~ 2021. 7. 16.(금)  ◎ 수강신청기간 : 2021. 5. 18.(화) 09:00 ~ 5. 21.(금) 18:00 (선착순마감) ◎ 수강신청방법     제주대학교 수강신청시스템 (http://sugang.jejunu.ac.kr(클릭)) → 하영Dreamy(학사정보서비스",2021-05-18 10:20:12.0
컴퓨터정보통신공학과과,2021학년도 상반기 도전장학(미래) 선발 안내(~5/18),https://ce.jnu.ac.kr/bbs/ce/2114/435017/artclView.do,"2021학년도 상반기 도전장학(미래) 선발 안내  「2021학년도 상반기 도전장학(미래) 선발 계획」을 다음과 같이 공고하오니 우리 대학교 일반대학원에 진학하려는 학생은 신청바랍니다.  1. 장학생 선발  가. 자격 : 2021년 8월 학사과정 졸업예정자로서 2021학년도 후기 우리 대학교 일반대학원에  진학하려는 자 (학.석사연계과정생도 지원 가능)   ※ 직전학기 성적 평균평점 2.5이상 (전남대학교 장학규정 제3조(장학생의 자격))    나. 장학금 : 인문사회계열 1,700천원, 자연예체능계열 2,300천원   ※ 단, 지원",2021-05-07 16:21:44.0
컴퓨터정보통신공학과과,2021년 재정지원사업 학생 대상 사업설명회 개최 안내(5/7 11:00),https://ce.jnu.ac.kr/bbs/ce/2114/435016/artclView.do,"2021년 재정지원사업 학생 대상 사업설명회 개최 안내  대학본부에서 2021년 재정지원사업(국립대학 육성사업, 대학혁신지원사업)에 대한 사업계획 수립을 완료하고, 다음과 같이 사업 추진을 위한 학생 대상 사업설명회를 개최합니다.가. 일시 : 2021. 5. 7.(금) 11:00~12:00 나. 방법 : 비대면(온라인) 개최(ZOOM을 이용한 개별 장소)다. 참석대상 : 전남대학교 대학(원) 재학생라. 주요 내용  - 재정지원사업(국립대학 육성사업/대학혁신지원사업) 안내  - 재정지원사업 학생 모니터링단 운영 안내마. 회의 방법",2021-05-06 17:25:39.0
컴퓨터정보통신공학과과,정부재정지원사업 학생 모니터링단 1기 모집 안내(5/4~14),https://ce.jnu.ac.kr/bbs/ce/2114/435015/artclView.do,"정부재정지원사업 학생 모니터링단 1기 모집 안내  대학본부에서 정부재정지원사업의 대내·외적 성과확산과 학생참여 활성화를 위해 재정지원사업 학생 모니터링단 1기를 모집하오니 많은 신청바랍니다. 가. 모집 및 선발  1) 모집 기간 : 2021 .5. 4.(화) ~ 14.(금)  2) 지원 방법 : 모집기간 내 지원서 작성 후, 담당자 이메일(nabomm28@jnu.ac.kr) 제출  3) 지원 자격 : 기간 내 활동 가능한 우리 대학 학부 재학생, 사업 및 콘텐츠 창작에 관심 또는 경험이 있는 학생  4) 선발 인원 : 5팀(개인 또",2021-05-04 14:30:46.0
컴퓨터정보통신공학과과,[반도체설계교육센터] 반도체 설계 프로젝트 지원 사업 신청 안내(5/3~14),https://ce.jnu.ac.kr/bbs/ce/2114/435014/artclView.do,,2021-05-03 17:52:56.0
컴퓨터정보통신공학과과,코로나19 위기가구 특별근로장학금 학생 신청 안내(4/26~5/7 18:00),https://ce.jnu.ac.kr/bbs/ce/2114/435013/artclView.do,코로나19 위기가구 특별근로장학금 학생 신청 안내  코로나19로 학부모의 실직·폐업 등 경제적으로 어려움에 처한 대학생의 안정적인 학업여건 조성 등을 위해 특별근로장학금 학생 신청 일정을 다음과 같이 안내하오니 많은 신청바랍니다.   가. 신청기간 : '21. 4. 26.(월) 09:00 ~ 5. 7.(금) 18:00   나. 신청대상 : 재학 중인 학생으로 아래의 두가지 요건 충족 학생    - 학부모의 실직·폐업 등 긴급 경제사정 곤란 대학생 코로나19 위기가구 특별근로장학생 지원 요건 ○ 경제곤란자 인정기준: 학부모의 실직·폐,2021-05-03 17:39:45.0
컴퓨터정보통신공학과과,SK텔레콤 AI Fellowship 3기 모집 안내(4/15~5/16 24:00),https://ce.jnu.ac.kr/bbs/ce/2114/435012/artclView.do,"SK텔레콤 AI Fellowship 3기 모집 안내  ■ 지원자격   - AI 기술 개발에 관심이 있거나 경험이 있는 대학(원)생 누구나   - 3인 1팀 또는 2인 1팀으로 구성하여 지원   ■ 지원혜택   - 정규 채용 지원 시 서류 전형 우대  - SKT현업 개발자의 멘토링   - 과제 수행을 위한 연구비 600만 원   - 최종 우수 프로젝트 상금 400만 원     (최우수팀 400만 원, 우수팀 300만 원)   - SK그룹 주요 기술 행사 초청  ■ 주요일정   - 지원서 접수 : 4월 15일(목) ~ 5월 16일(일)",2021-05-03 17:28:19.0
컴퓨터정보통신공학과과,2021학년도(제22기) 학생홍보대사 선발 안내(5/10~12),https://ce.jnu.ac.kr/bbs/ce/2114/435011/artclView.do,"2021학년도(제22기) 학생홍보대사 선발 안내  대학본부에서는 매년 학생홍보대사를 선발하여 SNS홍보, 캠퍼스투어 진행, 대내·외 대학 공식 행사 운영 지원 등의 활동을 통해 우리대학을 홍보하고 있습니다. 이에 애교심과 열정을 가진 「2021학년도(제22기) 학생홍보대사」를 선발하오니 많은 신청바랍니다.  가. 선발인원 : 총 10명(광주 7명, 여수 2명, 외국인 1명)  나. 선발일정    - 지원서 접수기간 : '21. 5. 10.(월) ~ 5. 12.(수)    - 서류전형 합격자 발표 : '21. 5. 14.(금)",2021-05-03 10:12:43.0
컴퓨터정보통신공학과과,2021학년도 전기 일반대학원 입학 설명회 안내(ICT융합시스템공학과: 4단계 BK21 사업 선정 학과),https://ce.jnu.ac.kr/bbs/ce/2114/435010/artclView.do,"2021학년도 후기 일반대학원 입학 설명회 안내- ICT융합시스템공학과 -  2021학년도 후기 일반대학원 신입생 모집과 관련하여 입학설명회를 개최하여야 하나, 최근 코로나19로 인하여 부득이 학과 홈페이지를 통한 비대면 홍보를 하고자 합니다. 일반대학원 ICT융합시스템공학과 입학에 관심 있는 학생들의 확인 바랍니다. ▷ 대학원 소개 : ICT융합시스템공학과 소개 및 대학원 과정 안내▷ 연구실 소개 : ICT융합시스템공학과 16개 연구실 소개▷ 지원 및 혜택 : 전남대학교 재원 지원 및 혜택 안내▷ 대학원 입학 안내 : 2021학년",2021-04-29 13:36:08.0
컴퓨터정보통신공학과과,2021학년도 후기 일반대학원 입학 설명회 안내(전자컴퓨터공학과 컴퓨터정보통신전공),https://ce.jnu.ac.kr/bbs/ce/2114/435009/artclView.do,"2021학년도 후기 일반대학원 입학 설명회 안내- 전자컴퓨터공학과 컴퓨터정보통신전공 -  2021학년도 후기 일반대학원 신입생 모집과 관련하여 입학설명회를 개최하여야 하나, 최근 코로나19로 인하여 부득이 학과 홈페이지를 통한 비대면 홍보를 하고자 합니다. 일반대학원 전자컴퓨터공학과 컴퓨터정보통신전공 입학에 관심 있는 학생들의 확인 바랍니다. ▷ 대학원 소개 : 전자컴퓨터공학과 컴퓨터정보통신전공 소개 및 대학원 과정 안내▷ 연구실 소개 : 전자컴퓨터공학과 컴퓨터정보통신전공 11개 연구실 소개▷ 지원 및 혜택 : 전남대학교 재원 지원",2021-04-29 13:31:38.0
컴퓨터정보통신공학과과,2020학년도 하계 계절학기 운영계획 안내(수강신청 : 5/3~7),https://ce.jnu.ac.kr/bbs/ce/2114/435008/artclView.do,2020학년도 하계 계절학기 운영계획 안내  내  용기  간비고강좌개설‘21. 4. 14.(수) ~ 4. 20.(화)     강의계획서 입력‘21. 4. 21.(수) ~ 4. 26.(월)① 강의계획서 업로드시 수업 운영 방식 선택   [혼합수업(원격+대면) / 원격수업 / 대면수업]② 강의계획서 자료 업로드개설교과목 공고‘21. 4. 27.(화)전남대 홈페이지 공지사항에 공고수강신청(1차)‘21. 5. 3.(월) 09:00 ~ 5. 7.(금) 18:00인터넷을 이용한 수강신청대체교과목 신청접수 및 지정 ‘21. 6. 4.(금) 까지,2021-04-29 13:25:59.0
컴퓨터정보통신공학과과,2021학년도 1학기 늘! 학습멘토링 참여 신청 안내(4/26~5/4),https://ce.jnu.ac.kr/bbs/ce/2114/435007/artclView.do,2021학년도 1학기 늘! 학습멘토링 참여 신청 안내  기초교육원 교수학습지원센터에서는 학업저성취 예상 대학생의 기초 학습역량을 향상하고자 늘! 학습멘토링을 운영하고 있으니 많은 참여 신청바랍니다. 신청 기간· 2021년 4월 26일(월)~5월 4일(화)까지·선정 계획: 15모둠 내외신청 방법· 이끄미(교과목 학습에 도움을 주는 학생): 신규모둠 개설+활동계획서 및 따르미 추천서(첨부파일 참고) → 따르미에게 모둠 비밀번호 안내· 따르미(교과목 학습에 도움을 받은 학생): 팀원으로 신청선정 방법· 1순위: 따르미 중 참여 전 학기,2021-04-27 09:37:34.0
컴퓨터정보통신공학과과,사회적 거리두기 1.5단계 유지 및 방역수칙 강화에 따른 교내 스포츠시설물 이용 제한 안내(4/26~5/2),https://ce.jnu.ac.kr/bbs/ce/2114/435006/artclView.do,"사회적 거리두기 1.5단계 유지 및 방역수칙 강화에 따른 교내 스포츠시설물 이용 제한 안내  광주광역시 '사회적 거리두기 1.5단계 연장' 및 체육시설 방역수칙 강화 조치에 따라 교내 모든 스포츠시설물에서의 생활체육 관련 동호회 활동 및 집단 체육활동이 제한됨을 알려드립니다.  가. 기간 : '21. 04. 26.(월) ~ '21. 05. 02.(일) 나. 대상 : 교내운동장, 풋살경기장, 테니스경기장 등 교내 스포츠시설물 다. 스포츠센터(북구 국민체육센터) : 방역수칙 준수 하 정상운영(06:00~21:00)  붙임  사회적거리두",2021-04-27 09:24:54.0
컴퓨터정보통신공학과과,2021학년도 1학기 동행장학생 선발 계획 안내(4/26~5/7),https://ce.jnu.ac.kr/bbs/ce/2114/435005/artclView.do,"2021학년도 1학기 동행장학생 선발 계획 안내 2021학년도 1학기 동행장학생 선발을 다음과 같이 시행하오니 많은 학생들의 지원바라며, 지원서는 우리 대학교 포털사이트(장학)를 통하여 접수함을 알려드립니다.  ○ 선발 예정 인원 : 166명(학업장려유형 110명, 취업지원유형 56명)○ 장학 금액(1인당) : 1,800천원○ 지원서 접수 : 2021. 4. 26.(월) 09:00 ~ 5. 7.(금) 18:00 [2주간, 휴일포함]○ 지원(신청) 방법  우리 대학교 포털사이트(http://portal.jnu.ac.kr)에 로그인 후",2021-04-26 17:25:29.0
컴퓨터정보통신공학과과,2021학년도 하계 계절학기 타 대학교(제주대) 수학신청원 제출 안내(~5/6),https://ce.jnu.ac.kr/bbs/ce/2114/435004/artclView.do,"2021학년도 하계 계절학기 타 대학교(제주대) 수학신청원 제출 안내  2021학년도 하계 계절학기 타 대학교(제주대) 운영계획을 다음과 같이 안내하오니, 수학을 희망하는 학생은 수학신청원을 기한 내 제출해 주시기 바랍니다. 가. 지원자격 : 2021년도 1학기 현재 재적중인 자  ※ 당해학기 졸업(수료)을 목적으로 계절수업을 수강하고자 하는 자는 그 계절수업이 속한 정규학기에 재학한 자에 한함.  나.교류대학 수 : 1개 대학만 가능(우리대학+타대학교류 가능, 타대학+타대학 불가)  다. 계절학기 총 수강 가능 학점 : 6학점 이",2021-04-23 17:43:50.0
컴퓨터정보통신공학과과,2021년도 제1회 「기업연계 청년기술전문인력 육성사업」청년 기술사업화 전담인력 공개경쟁채용시험 시행 공고(~4/30),https://ce.jnu.ac.kr/bbs/ce/2114/435003/artclView.do,"2021년도 제1회 「기업연계 청년기술전문인력 육성사업」청년 기술사업화 전담인력 공개경쟁채용시험 시행 공고  2021년도 제1회 「기업연계 청년기술전문인력 육성사업」청년 기술사업화전담인력 공개경쟁채용시험시행계획을 다음과 같이 공고합니다.       1. 채용분야 및 인원 모집분야직급인원계약 기간비고청년기술사업화전담인력청년 기술마케터*기간제 계약직3명계약일로부터6개월학사기업파견 전문인력기간제 계약직5명계약일로부터8개월석·박사* 사업 잔여 인건비가 발생한 경우, 성과우수자를 선발하여 근로계약 연장체결(2개월) 가능   2. 담당업무 및",2021-04-23 09:33:36.0
컴퓨터정보통신공학과과,2021학년도 1학기 기초창의설계 경진대회 신청 안내(5/3~26 18:00),https://ce.jnu.ac.kr/bbs/ce/2114/435002/artclView.do,"2021학년도 1학기 기초창의설계 경진대회 신청 안내  1. 개요  1.1. 명      칭 : 2021 기초창의설계 경진대회 (1학기)  1.2. 목      적 :     - 창의적 설계 교육을 통하여 학습 동기(motivation)를 부여하고 팀워크 활동의 중요성 인식시킴     - 발표회를 통한 자신감과 성취감을 경험함으로써 향후 설계활동(캡스톤디자인)에 대한 동기부여  1.3. 일시 및 장소 : 2021.06.04.(금) 14:00 ∼, 온라인(zoom시스템 활용)    1.4. 대회방식 : 다양한 idea 발표대회  1.",2021-04-21 10:37:11.0
컴퓨터정보통신공학과과,외국인 유학생을 위한 학사 및 체류관리 안내 자료 안내,https://ce.jnu.ac.kr/bbs/ce/2114/435001/artclView.do,"외국인 유학생을 위한 학사 및 체류관리 안내 자료 안내  외국인 유학생의 원활한 정착지원을 위하여 학사 및 체류관리 안내 자료를 다음과 같이 제작하여 배포하오니 참고바랍니다 구분언어내용비고유튜브국문, 영문학부외국인 유학생 학사 및 체류관리 안내https://youtu.be/gn5UpPHbDR0유튜브국문, 영문대학원외국인 유학생 학사 및 체류관리 안내https://youtu.be/PGYVS-w00D8E-guidebook영문, 중문[학부, 대학원(공통)]- 학사, 유학생 지원사항, 학교시설, 체류관련 정보http://internatio",2021-04-16 09:48:36.0
컴퓨터정보통신공학과과,2021학년도 2학기「미국ICT 학점연계 프로젝트 인턴십」과정 모집 안내(~4/18),https://ce.jnu.ac.kr/bbs/ce/2114/435000/artclView.do,2021학년도 2학기 「미국ICT 학점연계 프로젝트 인턴십」 과정 모집 안내우리 대학의 글로벌 경쟁력확보 및 학생의 역량강화를 위해 미국 ICT학점연계 프로젝트 인턴십 과정에 대해 아래와 같이 모집하오니 신청바랍니다.     ▶신청기한 : 2021. 4. 13.(화) ~ 2021. 4. 18.(일) ▶제출방법 : 취업진로사이트(CAPD)에서 직접 신청 [신청 바로가기(클릭)] 1. 대학 선발일정구분일정내용비고모집기간‘21.4.13.(화)~’21.4.18.(일)학생 모집(온라인 접수)     대학 추천학생 심사‘21.4.19.(월)~,2021-04-15 11:20:24.0
컴퓨터정보통신공학과과,2020학년도 후기(2021년 8월 졸업예정) 졸업 논문 제출 안내,https://ce.jnu.ac.kr/bbs/ce/2114/434999/artclView.do,2020학년도 후기(2021년 8월 졸업예정) 졸업 논문 제출 안내  1. 논문 심사   1) 논문 심사 방법  : 컴퓨터공학종합프로젝트(캡스톤디자인) 교과목에서 진행한 프로젝트 또는 개인 자유 주제로 심사기간 내에 개별로 논문 지도교수님과 논문지도 및 발표 진행   ※ 장기수료생 및 휴학으로 인하여 논문지도교수가 없는 경우 학과사무실(062-530-1751)로 연락바랍니다.  2) 논문 심사 기간 : ~7월 2일(금) 2. 최종 논문 제출   1) 제출 대상 : 2021년 8월 졸업예정자   2) 제출 기간 : 2021년 7월 9,2021-04-15 11:06:26.0
컴퓨터정보통신공학과과,『매치업(Match業) 인공지능(AI) 프로그램』수강 안내,https://ce.jnu.ac.kr/bbs/ce/2114/434998/artclView.do,"『매치업(Match業) 인공지능(AI) 프로그램』수강 안내 우리대학교 평생교육원에서는 교육부와 국가평생교육진흥원 주관의 4차 산업혁명 실무형인재양성을 위한 ‘2021 매치업(Match業) 인공지능(AI) 온라인 강좌’를 운영하고 있습니다.『매치업(Match業) 인공지능(AI) 프로그램』○ (핵심내용)4차 산업혁명분야 직무능력 향상 온라인 강좌를 운영하는 산업맞춤               단기직무인증 교육과정(5개월) 운영○ (교육분야) 인공지능(AI)○ (교육과정) 입문과정 (AI기초수학Ⅰ, AI기초수학Ⅱ, AI기초프로그래밍)",2021-04-14 09:35:31.0
컴퓨터정보통신공학과과,2021 Capstone Design 지원사업 추가 모집 안내(~4/30),https://ce.jnu.ac.kr/bbs/ce/2114/434997/artclView.do,"[공학교육혁신센터]2021 Capstone Design 지원사업 추가 모집 안내 공학교육혁신센터에서는 종합설계 능력 향상을 위한 목적으로 학문분야별로 습득한 전문지식을 바탕으로 산업체 또는 사회가 필요로 하는 과제 등을 학생들이 팀을 구성하여 기획, 해결함으로써 창의성, 실무능력, 팀워크 등의 프로젝트 실무 능력 향상에 도움을 주고자 다음과 같이 『2021 Capstone Design 지원사업』을 추가 모집 하오니 참여바랍니다. ○ 지원 분야지원분야세부사업명모집인원(팀)비고Capstone Design 지원 프로그램다학제형융합동아리",2021-04-13 10:32:53.0
컴퓨터정보통신공학과과,보건진료소 이용 안내,https://ce.jnu.ac.kr/bbs/ce/2114/434996/artclView.do,"보건진료소 이용 안내  1. 진료사업 구  분위  치1차진료(상처 소독 및 예방접종 등)전문진료(전문의 진료)광주캠퍼스제1학생회관 2층09:00 ~ 18:00학기중 매주 화, 목14:00 ~ 17:00여수캠퍼스학생회관 3층09:00 ~ 18:00학기중 매주 목15:00 ~ 17:00 2. 예방접종 사업   ① A형간염     ② B형간염     ③ 자궁경부암(9가)    ④ 수두     ⑤ 장티푸스   ⑥ 파상풍(혼합-파상풍, 디프테리아, 백일해)     ⑦ 대상포진           ⑧ MMR(혼합-홍역, 유행성이하선염, 풍진)",2021-04-12 09:58:40.0
컴퓨터정보통신공학과과,2021학년도 제1학기 최종 등록기간(추가 3차) 안내(4/7~8 16:00),https://ce.jnu.ac.kr/bbs/ce/2114/434995/artclView.do,2021학년도 제1학기 최종 등록기간(추가 3차) 안내 우리 대학교에서는 2021학년도 제1학기 최종 등록기간(추가 3차)을 다음과 같이 공고하오니 등록금을 납부하지 못한 학생은 기한 내에 등록금을 납부하시기 바랍니다. ■  다      음  ■ 1. 기    간 : 2021. 4. 7.(수) ~ 4. 8.(목) 16:00 [2일간]   ➣ 2021. 1학기 수업연한 초과자도 위 기간 내에 등록금 납부 2. 납입금 납부장소 : 광주은행 및 농협전국 본·지점(지역농협 포함) 3. 유의사항  가. 이번 최종 등록기간 내에 등록하지 못할,2021-04-05 18:26:51.0
컴퓨터정보통신공학과과,2021학년도 1학기 디딤돌 참여 안내(~4/8),https://ce.jnu.ac.kr/bbs/ce/2114/434994/artclView.do,2021학년도 1학기 디딤돌 참여 안내  기초교육원 교수학습지원센터에서는 학업중단 위기학생의 학습역량 및 대학생활 적응력 향상을목적으로 운영하는 디딤돌 참여 모둠을 다음과 같이 모집합니다.  신청 기간· 기간: 2021. 3. 29.(월)~6. 24.(목)· 1차 신청 기간: 4. 8.(목)까지상시 선정· 기간: 2021. 4. 12.(월)~6. 28.(월)· 매주 월요일 모둠 선정 발표· 1차 모둠 선정일: 4. 12.(월)신청 방법· 교수: 기초교육원 누리집(홈페이지)-프로그램 개설 현황에서 디딤돌 선택(또는 학생지원 선택) →,2021-04-01 19:31:49.0
컴퓨터정보통신공학과과,[공학교육혁신센터] 2021 Capstone Design 지원사업 모집 안내(~4/9),https://ce.jnu.ac.kr/bbs/ce/2114/434992/artclView.do,"[공학교육혁신센터]2021 Capstone Design 지원사업 모집 안내 공학교육혁신센터에서는 종합설계 능력 향상을 위한 목적으로 학문분야별로 습득한 전문지식을 바탕으로 산업체 또는 사회가 필요로 하는 과제 등을 학생들이 팀을 구성하여 기획, 해결함으로써 창의성, 실무능력, 팀워크 등의 프로젝트 실무 능력 향상에 도움을 주고자 다음과 같이 『2021 Capstone Design 지원사업』을 실시하고자 합니다. 학생들의 참여바랍니다. ○ 지원 분야지원분야세부사업명모집인원(팀)비고Capstone Design 지원 프로그램다학제형융합동",2021-04-01 18:24:19.0
컴퓨터정보통신공학과과,[공학교육혁신센터] 2021 기업가 멘토링 지원사업 모집 안내(~4/16),https://ce.jnu.ac.kr/bbs/ce/2114/434991/artclView.do,"[공학교육혁신센터]2021 기업가 멘토링 지원사업 모집 안내 기업연계형 프로그램으로 재학생과 지역 기업체에 재직중인 기업가와 멘토-멘티 관계를 맺고, 진학·취업·전공 등 다양한 주제로 멘토링을 함으로써 지속적인 유대관계를 형성과 학생들의 맞춤형 취업 채널 구축을 위한 목적으로 『2021 기업가 멘토링 지원사업』을 시행하고자 합니다. 관심있는 학생들의 참여바랍니다. ○ 프로그램명 : 2021 기업가 멘토링 지원사업○ 모집형태 : 재학생(2~4인) 및 기업가(동문포함)로 구성된 팀○ 모집팀수 : 20팀 내외 멘토기업유형멘티소속공기업대기",2021-04-01 18:14:17.0
컴퓨터정보통신공학과과,2021학년도 학습코칭 안내,https://ce.jnu.ac.kr/bbs/ce/2114/434990/artclView.do,"2021학년도 학습코칭 안내기초교육원 교수학습지원센터에서는 맞춤형 학습지원을 통한 대학생의 자기주도 학습역량 강화를 위해 학습코칭 프로그램을 운영하고 있습니다. 학습코칭을 통해 학습습관 등을 개선하는 데 도움을 받을 수 있으므로 학생들의 참여바랍니다.      1. 학습코칭 소개온라인 학습코칭· 내용: 대학생의 자기주도 학습전략 수준 파악 후 맞춤형 학습전략 동영상 제공· 인증 기준: 학습전략검사 1회, 검사해석 동영상 1회, 학습전략 동영상 2회 이상, 설문실시  ※ e-class-자율강좌-온라인 학습코칭에서 수강 가능· 참여 혜",2021-04-01 18:04:49.0
컴퓨터정보통신공학과과,2021년 「전남대 전공 알림아리」 프로그램을 위한 전공 알리미 선발 안내(3/26~4/4),https://ce.jnu.ac.kr/bbs/ce/2114/434989/artclView.do,2021년 「전남대 전공 알림아리」 프로그램을 위한 전공 알리미 선발 안내전남대학교 입학본부에서는 진로설정을 고민하는 고교생들에게 관심학과에 대한 정보 제공 및 진로설계에 도움을 주는 「전남대 전공 알림아리」 프로그램을 운영하고 있습니다. 프로그램 운영을 위한 전공 알리미 선발을 아래와 같이 시행하니 참여바랍니다.    1) 지원자격 : 우리대학 1~3학년 재학생 및 휴학생 2) 신청기간 : 2021. 3. 26.(금) ~ 4. 4.(일) 3) 신청방법 : http://naver.me/GNyWhnhl (온라인신청: URL 접속 후,2021-04-01 17:03:15.0
컴퓨터정보통신공학과과,2021학년도 1학기 지식나눔샘 안내,https://ce.jnu.ac.kr/bbs/ce/2114/434988/artclView.do,"2021학년도 1학기 지식나눔샘 안내기초교육원 교수학습지원센터에서는 대학생의 기초 학습역량 강화를 목적으로 지식나눔샘 프로그램을 운영하고 있습니다. 2021학년도 1학기 기초과학 교과목(수학, 물리, 화학)을 수강생들은 활용바랍니다.     1. 지식나눔샘 소개내용· 참여 학생의 온라인 질의응답방 운영· 수학1, 일반물리1, 일반화학1 관련 연습문제 풀이 자료(PDF 및 동영상) 제공신청 방법· e-class 자율강좌-수학(지식나눔샘), 물리(지식나눔샘), 화학(지식나눔샘)이용 기간· 질의응답 : 2021. 3. 8.(월)~2021",2021-04-01 11:46:01.0
컴퓨터정보통신공학과과,2021학년도 1학기 표현과 소통 상담실 운영 안내(3/4~6/30),https://ce.jnu.ac.kr/bbs/ce/2114/434987/artclView.do,"2021학년도 1학기 표현과 소통 상담실 운영 안내  기초교육원 교양교육지원센터에서는 전남대학교 재학생의 의사소통 능력 강화를 위하여, 매학기 수요자 중심의 맞춤형 글쓰기 및 말하기 상담 서비스를 제공하고 있으니 많은 신청바랍니다.  가. 운영 기간 : 2021 3. 4.(목) ~ 6. 30.(수), (주말, 공휴일, 중간·기말고사 기간 제외)  나. 신청 자격 : 전남대학교 재학생(대학생, 대학원생)  다. 신청 방법 : 기초교육원 누리집(https://ile.jnu.ac.kr/) → 로그인(포털 ID/PW) → 학생 지원 →",2021-03-26 09:35:10.0
컴퓨터정보통신공학과과,2021학년도 전남대학교 온라인 폭력예방교육 이수 안내(3/22~11/31),https://ce.jnu.ac.kr/bbs/ce/2114/434986/artclView.do,"2021학년도 전남대학교 온라인 폭력예방교육 이수 안내  「고등교육법」 제2조 각호의 학교는 관련 법령에 따라 매년 폭력예방교육(성희롱 성매매 성폭력 가정폭력)을 연 1회 이상 실시하여야 하는 바,  이에 우리 대학에서는 온라인과 집합교육을 병행하여 실시하오니 전 구성원은 폭력예방교육을 모두 이수하여 주시기 바랍니다.  가. 교육기간 : 2021. 3. 22.(월) ~ 12. 31.(금)  나. 교육대상 : 전 구성원(전임 및 비전임교원, 조교, 직원 및 비정규직, 학생 등)  다. 온라인 교육 이수 방법 및 결과 확인    - 전",2021-03-24 15:25:16.0
컴퓨터정보통신공학과과,2022년도 풀브라이트 대학원 장학 프로그램 신청 안내(접수: 6/1~8),https://ce.jnu.ac.kr/bbs/ce/2114/434985/artclView.do,"2022년도 풀브라이트 대학원 장학 프로그램 신청 안내  한미 양국은 정부 공동의 재정지원을 통한 풀브라이트(Fulbright) 장학사업을 추진하여 양국 간 교육교류 활성화 및 상호 이해를 증진하고 있습니다. 이와 관련하여 올해 선발을 추진하는 ‘2022년도 풀브라이트 미국 대학원 장학 프로 그램’을 붙임과 같이 안내하오니, 관심있는 학생들의 많은 신청바랍니다.  가. 선발대상 : 2022년도 가을학기 미국 석박사 과정 유학 희망자  나. 원서접수 : 2021. 6. 1.(화) ~ 6. 8.(화) / 온라인 및 우편 접수  붙임",2021-03-24 14:14:45.0
컴퓨터정보통신공학과과,2021학년도 제1학기 추가 2차 등록기간 안내(3/30~4/1 16:00),https://ce.jnu.ac.kr/bbs/ce/2114/434984/artclView.do,"2021학년도 제1학기 추가 2차 등록기간 안내  우리 대학교에서는 2021. 3. 16.(화) ~ 3. 18.(목) 추가 등록을 실시하였으나 아직까지 등록금을 납부하지 못한 학생이 있어 다음과 같이 추가 2차 등록기간을 설정, 시행하오니 기간내에 등록금을 납부하시기 바랍니다.■  다      음  ■1. 기    간 : 2021. 3. 30.(화) ~ 4. 1.(목) 16:00 [3일간]   ➣ 2021. 1학기 수업연한 초과자도 위 기간 내에 등록금 납부2. 납입금 납부장소 : 광주은행 및 농협전국 본·지점(지역농협 포함)3.",2021-03-19 17:33:06.0
컴퓨터정보통신공학과과,[사회맞춤형 산학렵력선도대학(LINC+)육성사업단] 2021년 1학기 캡스톤디자인 교과목 지원 안내(~3/31),https://ce.jnu.ac.kr/bbs/ce/2114/434983/artclView.do,"[사회맞춤형 산학렵력선도대학(LINC+)육성사업단]  2021년 1학기 캡스톤디자인 교과목 지원 안내 『사회맞춤형 산학협력선도대학(LINC+)육성사업단』에서는 4차 산업혁명 시대에 맞는 산업체 현장수요형 창의적 인재양성을 목적으로 2021년 1학기 캡스톤디자인 교과목에 대하여 아래와 같이 지원하고자 하오니 신청바랍니다. 1. 지원대상 : LINC+사업 참여학과(부) 3, 4학년 학생 중 캡스톤디자인 교과목 수강생2. 지원내용 유형지원내용지원 금액전공기반형재료비, 회의비학생 1인 기준 10만원기업연계형 재료비, 회의비, 멘토링비학생",2021-03-17 10:07:51.0
컴퓨터정보통신공학과과,2021학년도 1학기 글로벌커뮤니케이션잉글리쉬 학점 미취득자 대체 이수 안내(~6/16),https://ce.jnu.ac.kr/bbs/ce/2114/434982/artclView.do,"2021학년도 1학기 글로벌커뮤니케이션잉글리쉬 학점 미취득자 대체 이수 안내 2014~2018학년도 신입학자, 2016~2020학년도 편입학자 중 글로벌커뮤니케이션잉글리쉬(이하 글커잉) 교과목 학점 미취득 학생은 아래 글로벌커뮤니케이션잉글리쉬 대체 방안 중 택1하여 이수바랍니다. 글로벌커뮤니케이션잉글리쉬 학점 미취득시 졸업이 불가하오니 이 점 유의바랍니다. 【  2021학년도 이후 글커잉 대체 방안 】 1. 대상자 : 글커잉 학점 미취득자 중 2021학년도 1학기 글커잉 성적 인정 희망자만 해당 2. 대체 방안 (택 1)  1) 대",2021-03-16 16:42:52.0
컴퓨터정보통신공학과과,2021학년도 1학기 수강취소 안내(3/25~26 17:00),https://ce.jnu.ac.kr/bbs/ce/2114/434981/artclView.do,2021학년도 1학기 수강취소 안내  ❍ 신청기간 : 2021. 3. 25.(목) 09:00 ~ 3. 26.(금) 17:00 ❍ 취소절차 : 학생이 인터넷으로 포털에서 직접 수강취소 신청→교과목 개설학과에서 취소 승인 ❍ 취소방법 : 전남대학교 포털사이트(http://portal.jnu.ac.kr)에 접속한 후 “교육지원→내학사행정→수업→수강신청→수강취소 신청” 선택 ❍ 수강취소 과목범위  - 수강취소 신청과목은 2과목 이내로 하되 취소 후 수강학점은 1학점 이상을 유지해야 함(수업관리지침 제19조) ❍ 수강취소 내역확인  - 수강,2021-03-15 17:28:40.0
컴퓨터정보통신공학과과,2021학년도 1학기 교과구분 정정 신청 안내(3/22~25),https://ce.jnu.ac.kr/bbs/ce/2114/434980/artclView.do,"2021학년도 1학기 교과구분 정정 신청 안내  1. 신청 대상  : 휴·복학에 따른 교과과정 적용년도 변경, 부·복수전공 선발, 모집단위간이동(전과)로 인한 교과구분 상이 학생 2. 신청 유의사항  1) 휴·복학 및 전과에 따른 교과과정 적용년도 변경자의 경우 적용받는 교과과정에 따라 필수 과목이 달라질 수 있으므로 교과과정 적용년도 반드시 확인  2) 편입생 전적 대학 학점인정 내역은 교과구분정정 신청 대상 아님  3) 교과구분 정정 불승인 학생의 경우, 다음 수강신청시 동일 과목 수강 또는 대체지정 신청   4) 부·복수전공으",2021-03-15 11:46:26.0
컴퓨터정보통신공학과과,2021학년도 1학기 예비 해외파견 교육 신청 안내(3/8~17 18:00),https://ce.jnu.ac.kr/bbs/ce/2114/434979/artclView.do,"2021학년도 1학기 예비 해외파견 교육 신청 안내  대학본부에서 해외 파견은 가고 싶지만 공인 외국어성적이 없는 학생들에게 체계적인 외국어 교육 및 글로벌 소양 교육을 실시하는 「2021학년도 1학기 예비 해외파견 교육 프로그램」 참여자를 아래와 같이 모집하오니 관심있는 학생들의 많은 신청바랍니다.  가. 지원기간 : 2021. 3. 8.(금) ~ 2021. 3. 17.(수), 오후 6시   나. 지원자격 : 현재 3학년 1학기(5학기)내 재학 중이며 평균 평점 3.0이상  다. 내용 : 해외 파견 프로그램에 참가하고 싶으나 공인",2021-03-12 09:20:13.0
컴퓨터정보통신공학과과,코로나19 예방을 위한 교내 방역수칙 준수 안내,https://ce.jnu.ac.kr/bbs/ce/2114/434978/artclView.do,"코로나19 예방을 위한 교내 방역수칙 준수 안내  광주광역시에서는 2021학년도 1학기 대학교 개강 후 교내 방역수칙 위반 신고사례(5인 이상 집합금지 등)가 증가하고 있으며, 향후 캠퍼스 내 모임 등으로 위반사례가 증가할 것으로 예상하고 있습니다. 이에 대학교 관련 주요 민원 내용을 알려드리니, 대학 구성원 모두 방역수칙을 준수해주시기 바랍니다.  【 대학교 관련 주요 민원 내용 】 ○ 기숙사 2인실 방에서 5인 이상이 모여 배달음식 취식○ 캠퍼스 내 잔디밭에 5인 이상이 앉아서 친목 도모○ 강의실에서 좌석간 거리두기, 환기 없이",2021-03-12 09:15:21.0
컴퓨터정보통신공학과과,[미래형운송기기육성사업단]2021학년도 1학기 미래형운송기기육성사업단 혁신인재지원 장학생 선발 계획 안내(~5/4),https://ce.jnu.ac.kr/bbs/ce/2114/434977/artclView.do,"[미래형운송기기육성사업단] 2021학년도 1학기 미래형운송기기육성사업단 혁신인재지원 장학생 선발 계획 안내    1. 목적  가. 현장 밀착형 인력양성을 위한 기업의 애로기술 분석 및 해결능력 배양  나. 주력산업과 사업단 참여대학 주력과제와 관련한 산학협력 중심의 상호협력, 정보교류 등을 통해 시너지 창출 2. 장학금명 : 혁신인재지원금 3. 장학인원프로그램명장학인원비고프로젝트LAB00 기업체 현업 프로젝트00 기술개발 및 사업화00 총 계00       4. 지원자격   [프로젝트랩, 기업체 현업 프로젝트, 기술개발 및 사업화]",2021-03-10 19:13:15.0
컴퓨터정보통신공학과과,2021년도 전라남도 해외유학생 선발 공고 안내(2/2~3/31 16:00),https://ce.jnu.ac.kr/bbs/ce/2114/434976/artclView.do,"2021년도 전라남도 해외유학생 선발 공고 안내  새천년 인재육성프로젝트의 일환으로 전공 분야에서 두각을 나타내고 있는 으뜸 인재들에게 해외 석·박사 유학기회를 제공하기 위하여 ｢제2기 전라남도 도비유학생｣ 을 다음과 같이 모집합니다.2021년 2월 2일(재)전남인재평생교육진흥원 이사장 1. 선발개요  ❍ 선발대상 : 해외대학 석·박사 학위과정(전공분야 제한없음)전공 분야세부 전공 분야(예시)• 블루이코노미• 공학• 인문과학• 사회과학• 자연과학• 예술·체육 등• 에너지, 관광, 바이오, 트랜스포트, 농수산, 스마트시티 등• AI,",2021-03-10 16:19:50.0
컴퓨터정보통신공학과과,제2회 으뜸인재 발굴대회 참가자 모집 공고 안내(3/8~4/30),https://ce.jnu.ac.kr/bbs/ce/2114/434975/artclView.do,,2021-03-10 16:19:06.0
컴퓨터정보통신공학과과,전남대학교 리걸클리닉 법률지원단 2021학년도 1학기 운영 일정 안내,https://ce.jnu.ac.kr/bbs/ce/2114/434974/artclView.do,"전남대학교 리걸클리닉 법률지원단 2021학년도 1학기 운영 일정 안내  우리 대학 구성원의 복지향상을 위해 무료로 운영중인 「전남대학교 리걸클리닉 법률지원단」의 2021학년도 1학기(2021년 3월~6월) 운영 일정을 다음과 같이 안내하오니, 법률자문이 필요한 구성원의 이용바랍니다.     가. 장소 : 대학본부 2층 법률지원단실     나. 지원대상 : 우리 대학 교직원 및 그 가족, 학생     다. 운영일정 : 아래 일자 13:30~15:00, 대학본부 2층 법률지원단실        - 3/10(수), 3/17(수), 3/24",2021-03-08 10:31:14.0
컴퓨터정보통신공학과과,2021학년도 1학기 이뭣고-교학상장 공모 안내(3/8~19),https://ce.jnu.ac.kr/bbs/ce/2114/434973/artclView.do,"2021학년도 1학기 이뭣고-교학상장 공모 안내  기초교육원 교수학습지원센터에서는 2021학년도 1학기 신입생-교수 세미나: 이뭣고-교학상장 참여 모둠을 공모하오니 참여 바랍니다. 가. 대상 - 지도교수 : 전임교원 - 참여 학생 : 신입생(1학년 복학생, 편입생, 전과생, 외국인 학생 포함) - 도우미 : 2학년 이상 학과(부) 대학생나. 모둠 구성(1모둠 기준) : 교수 1명, 신입생 4~5명, 도우미 1명다. 모임 주제 : 신입생의 자기이해, 대학생활, 전공 및 진로에 관해 이해를 돕는 내용라. 공모 기간 : '21. 3. 8",2021-03-05 11:54:57.0
컴퓨터정보통신공학과과,2021학년도 신(편)입생 학생증(스마트카드) 배부 일정 안내(3/24~25),https://ce.jnu.ac.kr/bbs/ce/2114/434972/artclView.do,2021학년도 신(편)입생 학생증(스마트카드) 배부 일정 안내 2021학년도 신(편)입생 학생증(스마트카드)를 다음과 같이 배부코자 하오니 일정 확인바랍니다. ○ 배부대상 : 전남대학교 포털에서 학생증 발급 신청을 완료한 신(편)입생○ 배부일정  1. 배부일 및 시간 : 2021.3.24.(수) ~ 3.25.(목) 10:00 ~ 16:00 2. 배부장소 : 제1학생회관 1층 광주은행 앞 배부처※ 코로나19 감염증의 확산 추이 및 학사일정에 따라 향후 배부 일정이 변동될 수 있음 ※ 학생증 신청기간에 신청을 못한 학생은 대학본부 1층,2021-03-05 09:47:07.0
컴퓨터정보통신공학과과,2021학년도 1학기 학습꿈터 참여 신청 안내(3/2~11),https://ce.jnu.ac.kr/bbs/ce/2114/434971/artclView.do,2021학년도 1학기 학습꿈터 참여 신청 안내  기초교육원 교수학습지원센터에서는 학사경고자를 포함한 학업저성취자의 기초 학습역량을 향상하고자 학습꿈터를 운영하고 있습니다. 학업 수행에 어려움을 겪고 있는 대학생과 교과목 학습에 도움을 주는 대학원 및 대학 재학생들의 학습꿈터 프로그램 참여 신청바랍니다. 1. 학습꿈터 공모 안내소개‧ 학업에 어려움을 겪는 학생들을 위한 동료 또는 선배와의 교과목 학습 모임신청 기간‧ 2021. 3. 2.(화) ~ 3. 11.(목)까지신청 방법‧ 기초교육원 누리집(https://ile.jnu.ac.kr,2021-03-04 09:21:58.0
컴퓨터정보통신공학과과,"2021학년도 정시합격생 및 재학생 건강검진 실시 안내(정시합격생: 2/1~26, 재학생: 3/2~26)",https://ce.jnu.ac.kr/bbs/ce/2114/434970/artclView.do,"2021학년도 정시합격생 및 재학생 건강검진 실시 안내  2021학년도 정시합격생 건강검진 및 재학생 건강검진을 다음과 같이 실시코자 하오니 참여바랍니다.  1. 실시기간  가. 정시합격생   1) 광주캠퍼스 : 2021. 2. 1.(월) ~ 2. 26.(금), 4주간   2) 여수캠퍼스 : 2021. 3. 2.(화) ~ 3. 3.(수), 2일간  나. 재학생    1) 광주캠퍼스 : 2021. 3. 2.(화) ~ 3. 26.(금), 4주간    2) 여수캠퍼스 : 2021. 3. 2.(화) ~ 3. 3.(수), 2일간 2. 실시장",2021-03-04 09:15:44.0
컴퓨터정보통신공학과과,2021학년도 1학기 서해안권 거점 국립대학(전북대) 공동화상강의 수강 허가자 학번 부여 안내,https://ce.jnu.ac.kr/bbs/ce/2114/434969/artclView.do,"2021학년도 1학기 서해안권 거점 국립대학(전북대) 공동화상강의 수강 허가자 학번 부여 안내 2021학년도 1학기 서해안권 거점 국립대학(전북대) 공동화상강의 수학 허가자 명단을 아래와 같이 알려드리니, 수학 학과 학사일정에 따라 공동화상강의 교과목을 수학하시기 바랍니다.  ◎ 전북대학교 LMS시스템(http://ieilms.jbnu.ac.kr) 과목 공지 확인 ◎ 전북대학교 학부 부여 내역 ※ 비밀번호 : 주민번호 앞자리학번전북대학번151785115178518084811808481825891182589182913118291318",2021-03-03 13:44:27.0
컴퓨터정보통신공학과과,2021학년도 제1학기 추가 등록기간 안내(3/16~18 16:00),https://ce.jnu.ac.kr/bbs/ce/2114/434968/artclView.do,"2021학년도 제1학기 추가 등록기간 안내  우리 대학교에서는 2021. 2. 22.(월) ~ 2. 25.(목) 등록을 실시하였으나 아직까지 등록금을 납부하지 못한 학생이 있어 다음과 같이 추가 등록기간을 설정, 시행하오니 기간내에 등록금을 납부하시기 바랍니다. ■  다      음  ■ 1. 기    간 : 2021. 3. 16.(화) ~ 3. 18.(목) [3일간] 16:00까지  ➣ 2021. 1학기 수업연한 초과자도 위 기간 내에 등록금 납부2. 납입금 납부장소 : 광주은행 및 농협전국 본·지점(지역농협 포함)3. 휴‧복학",2021-02-26 13:52:39.0
컴퓨터정보통신공학과과,신입생을 위한 도서관 안내데스크 운영 안내(3/2~12),https://ce.jnu.ac.kr/bbs/ce/2114/434967/artclView.do,"신입생을 위한 도서관 안내데스크 운영 안내2021학년도 새 학기를 맞아 우리 학교 신입생의 도서관 이용 편의를 위한 도서관 안내   데스크를 운영하오니 이용바랍니다.  1. 기간  : 2021. 3. 2.(화) ~ 3. 12(금)/토요일 제외2. 시간 : 10:00~12:00, 13:30~17:303. 장소 : 중앙도서관 2층 로비(대출반납실 앞)4. 내용 - 도서관 시설 및 서비스 안내 - 자료검색방법 및 학술정보교육 안내 - 도서관 퀴즈행사 등5. 문의 : 학술정보운영과 정보운영팀(☎530-3561)",2021-02-25 18:01:37.0
컴퓨터정보통신공학과과,2021학년도 1학기 건강밥상(아침식사) 제공 안내(3/2~6/21),https://ce.jnu.ac.kr/bbs/ce/2114/434966/artclView.do,"2021학년도 1학기 건강밥상(아침식사) 제공 안내우리 대학에서는 아침밥 먹기 운동을 통해 학생들의 건강을 증진시키고, 학교생활에 활력을 불어넣기 위하여 건강밥상(아침식사)사업을 시행하고 있으니 학생 여러분께서는 많이 이용해 주시기 바랍니다.       1. 제공기간 : 2021. 3. 2.(화) ~ 6. 21.(월) ※ 공휴일, 토·일요일 제외  2. 이용시간 : 08:00 ~ 08:50(월~금요일)  3. 이용장소 : 제1학생회관 식당(광주캠퍼스)  4. 식단가 : 3,000원(학생부담 1,000원 / 대학 1,000원 / 농림",2021-02-25 18:01:07.0
컴퓨터정보통신공학과과,2020학년도 전기(2021년 2월) 학위수여식 및 2021학년 입학식 취소 및 학위기 배부 안내,https://ce.jnu.ac.kr/bbs/ce/2114/434965/artclView.do,"2020학년도 전기(2021년 2월) 학위수여식 및 2021학년 입학식 취소 및 학위기 배부 안내  코로나19 지역감염이 지속되고 있는 상황에서 다수가 참여하는 행사는 감염병 확산 우려가 더욱 크기에 안전한 교육환경 조성을 위해 2020학년도 전기 학위수여식(2021.2.26.) 및 2021학년도 입학식(2021.3.2.) 행사를 취소합니다.아울러, 학위수여식 및 입학식 취소에 따른 후속조치 추진사항 중 주요내용을 아래와 같이 알려드리니 참고하시기 바랍니다.   ▶ 졸업증서(학위기) 배부    1) 기간 : 상시(주중 10:00 ~",2021-02-25 17:09:27.0
컴퓨터정보통신공학과과,「 제8기 빛가람 ICT 오픈캠퍼스」 과정 수강생 모집 안내(~3/5),https://ce.jnu.ac.kr/bbs/ce/2114/434964/artclView.do,"「 제8기 빛가람 ICT 오픈캠퍼스」 과정 수강생 모집 안내  ▶접수 기간 : ~3/5(금)▶접수 방법 : 010-9805-5208로 문자 또는 전화 접수  1. 교육개요 교육명 제8기 빛가람 에너지ICT 오픈캠퍼스주관 한국전력공사, 광주전남지역혁신플랫폼, 에너지밸리기업개발원목적⦁이전공공기관의 지역인재 채용 의무화 제도에 맞춘 지역인재 양성⦁에너지밸리기업 취업 지원을 위한 네트워크 구축⦁광주전남지역 지자체와 대학, 지역혁신기관 간 협력을 통한 지역혁신생태계 구축대상 광주ㆍ전남지역대학 3,4학년기간⦁2021년 3월 2일 화요일 ~ 6",2021-02-25 10:59:27.0
컴퓨터정보통신공학과과,2021 희망이음경진대회(기업애로해결과제) 참가팀 모집 안내(~3/31),https://ce.jnu.ac.kr/bbs/ce/2114/434963/artclView.do,2021 희망이음경진대회(기업애로해결과제) 참가팀 모집 안내  공학교육혁신센터에서는 광주테크노파크의 협조요청을 받아 『호남제주권 지역기업-청년 희망이음 지원사업』의 일환으로 운영되는 ‘희망이음경진대회(기업애로해결과제)’에 참가할 팀을 모집합니다. 관심있는 학생들의 많은 신청바랍니다.  가. 목  적  - 지역기업에 대한 학생들의 인식개선 및 기업 애로사항 해결을 위한 공동과제 수행 지원  - 기업과 학생 간 심층 탐색의 기회 제공 및 채용연계 지원나. 지원대상 : 공고일 현재 공과대학 및 공학대학 소속 재학생으로 설계교과목을 수강,2021-02-23 09:51:17.0
컴퓨터정보통신공학과과,WISET 여대학원생 공학연구팀제 지원사업 참여 연구팀 모집 안내(~3/5 18:00),https://ce.jnu.ac.kr/bbs/ce/2114/434962/artclView.do,"WISET 여대학원생 공학연구팀제 지원사업 참여 연구팀 모집 안내  WISET은 여성과학기술인의 육성과 지원을 위한 정책사업을 수행하는 과학기술정보통신부 소관 공공기관입니다.WISET에서는 여자 대학원생이 연구책임자가 되어 대학생, 중·고등학생들과 함께 팀을 이루어 공학연구 프로젝트를 수행하여 우수한 과학기술인력으로 성장할 수 있도록 연구비를 지원하는 여대학원생 공학연구팀제 지원사업을 운영하고 있습니다.   본 사업에 참여할 대학원생-대학생 연구팀을 모집하고니 많은 신청바랍니다. 1. 지원규모 : 총 100팀, 팀당 600~700만",2021-02-23 09:27:47.0
컴퓨터정보통신공학과과,언어교육원 2021학년도 봄학기 외국어강좌 안내(~선착순),https://ce.jnu.ac.kr/bbs/ce/2114/434961/artclView.do,언어교육원 2021학년도 봄학기 외국어강좌 안내  ▶외국어강좌 접수(원어민영어회화/온라인 원어민영어회화/영역별 특화강좌/온라인영작문/제2외국어 회화)https://lec.jnu.ac.kr/Course/Course100.aspx ▶공인영어시험대비반 접수(토익/토익스피킹/오픽)https://jnu.ttceducation.net/campusedu/,2021-02-22 09:24:50.0
컴퓨터정보통신공학과과,2021학년도 1학기 셔틀버스(광주↔여수캠퍼스) 운행 안내,https://ce.jnu.ac.kr/bbs/ce/2114/434960/artclView.do,"2021학년도 1학기 셔틀버스(광주↔여수캠퍼스) 운행 안내    가. 운행 목적 : 광주 ↔ 여수캠퍼스 간 행정업무 지원   나. 운행 기간 : 2021. 03. 02.(화) ~ 2021. 06. 21.(월) [토, 일, 공휴일 제외]    1) 운행 방식 : 학사운영에 따른 단계별 버스운행     2) 학사운영에 따른 단계별 버스운행 계획학사운영 방안셔틀버스 운행현황탑승인원비고대면수업학기 중 운행시간 적용 탑승 정원(41~44명)     제한적 대면수업학기 중 운행시간 적용 탑승 정원 1/2 이내비대면수업셔틀버스 운행 중단",2021-02-19 09:44:44.0
컴퓨터정보통신공학과과,2021학년도 이후 글로벌커뮤니케이션잉글리쉬 교과목 학점 미취득자 대체 방안 변경 안내,https://ce.jnu.ac.kr/bbs/ce/2114/434959/artclView.do,"2021학년도 이후 글로벌커뮤니케이션잉글리쉬 교과목 학점 미취득자 대체 방안 변경 안내 □학점 미취득자 - 글커잉 응시횟수 및 점수 처리 방법 기존 글커잉응시횟수기존변경비고3회기 응시횟수 및 점수 초기화기 응시횟수 및 점수 초기화 [단, 기 응시횟수 및 점수 인정을 희망하는 경우 소속학과(부)로 신청하면 기준*에 따라 성적 인정 가능]기 응시횟수 및 점수 인정 신청은‘21. 1학기에 한함※ 학점 미취득자 중 글커잉 2~3회응시자(1,702명)에게 학사과에서문자 안내 예정2회1회좌  동0회 ※ 응시횟수 및 점수 인정 기준(‘20학년도",2021-02-18 13:43:21.0
컴퓨터정보통신공학과과,2021학년도 신(편)입생 학생증(스마트카드) 신청 안내(3/2~5),https://ce.jnu.ac.kr/bbs/ce/2114/434958/artclView.do,"2021학년도 신(편)입생 학생증(스마트카드) 신청 안내  2021학년도 신(편)입생 학생증(스마트카드) 신청 방법 및 발급 계획을 다음과 같이 안내드리오니, 기한 내에 신청하기 바랍니다. 1) 신청대상 : 2021학년도 신입생(학부, 편입, 대학원) 2) 신청기간 : 2021. 3. 2.(화) ~ 2021. 3. 5.(금) 3) 신청방법  가. 전남대포털(http://portal.jnu.ac.kr) 로그인 → 서비스데스크 → 스마트카드 → 발급신청  나. 기본정보 확인, 증명사진(3x4cm)을 JPG 파일로 등록 → 신청버튼 클릭",2021-02-16 09:41:03.0
컴퓨터정보통신공학과과,"2021학년도 컴퓨터정보통신공학과 신입생 오리엔테이션 안내(2/17 15:00, Zoom 활용 온라인(비대면) 진행, OT 자료 추가)",https://ce.jnu.ac.kr/bbs/ce/2114/434957/artclView.do,2021학년도 컴퓨터정보통신공학과 신입생 오리엔테이션 안내  2021.2.22. 업데이트 사항   - 2021.2.17. 오리엔테이션 자료 첨부 2021학년도 컴퓨터정보통신공학과 신입생 오리엔테이션을 아래와 같이 운영하오니 신입생 및 재학생들의 많은 참여바랍니다. Ⅰ. 목적   □ 신입생들에게 우리 대학을 소개하고 대학생활에 필요한 정보를 제공하여 조기적응을 할 수 있도록 지원   □ 신입생의 소속 대학 및 학과(부)별 오리엔테이션 실시로 맞춤형 정보 제공 및 조기 진로 방향을 설정할 수 있도록 안내   □ 코로나19 장기화로 집단,2021-02-10 17:09:45.0
컴퓨터정보통신공학과과,"공과대학 학생 대상 '융합인재로드_온라인 인문학 특강' 안내(신청: [1강] ~2/15 15:00, [2강] ~ 2/18 15:00)",https://ce.jnu.ac.kr/bbs/ce/2114/434956/artclView.do,"공과대학 학생 대상 '융합인재로드_온라인 인문학 특강' 안내  여성공학4.o인재양성 프로그램에서 공과대학 학생들에게 공학적 사고와 인문학적 사고를 배양하고 사회진출을 위한 소양 습득 및 융합형 인재양성의 기반을 다지는 인문학 특강 프로그램인 ‘융합인재로드’를 진행합니다. 공과대학 학생들의 적극적인 참여 바랍니다.      ▸참여 대상 : 공과대학 학생 (학부생, 대학원생 모두 가능) ▸참여 방법 : 신청서 작성 후 담당자 이메일로 제출, 담당자 백은진 ejbaek@jnu.ac.kr            ▸신청서 제출 기한 : 1강_2",2021-02-09 13:56:32.0
컴퓨터정보통신공학과과,2021학년도 이후 글로벌커뮤니케이션잉글리쉬 교과목 학점 미취득자 대체 방안 안내,https://ce.jnu.ac.kr/bbs/ce/2114/434955/artclView.do,"2021학년도 이후 글로벌커뮤니케이션잉글리쉬 교과목 학점 미취득자 대체 방안 안내   글로벌커뮤니케이션잉글리쉬(이하 글커잉) 시험이 2020학년도 2학기를 끝으로 폐지됨에  따라 다음과 같이 2021학년도 이후 글커잉 교과목 학점 미취득자 대체 방안을 수립하여     운영하고자 하오니, 학점 미취득 학생은 졸업에 차질이 없도록 협조하여   주시기 바랍니다.     가. 학점 미취득자  - 2021년 이후 글커잉 대체 방안으로 진행 → 기 응시횟수 및 점수 초기화  - 750점 이상 득점자(A+) 및 글커잉 4회 응시자는 학점 인정",2021-02-05 15:56:40.0
컴퓨터정보통신공학과과,2021학년도 1학기 국가장학금 2차 신청 안내​(2/3~3/16),https://ce.jnu.ac.kr/bbs/ce/2114/434954/artclView.do,"2021학년도 1학기 국가장학금 2차 신청 안내  「2021학년도 1학기 국가장학금」 2차 신청 일정을 다음과 같이 안내하오니 해당 학생들은 기간 내 국가장학금 신청바랍니다. 가.신청대상 : 신입생, 편입생, 재입학생, 복학생 및 1차 신청을 놓친 재학생*,   *재학생은 국가장학금 1차 신청이 원칙이며, 재학 중 2회에 한하여 구제신청제도를 통한 2차 신청 가능 나. 신청기간 : 2021. 2. 3.(수) ~ 3. 16.(화) 18:00 (총 42일간) - 서류제출및 가구원 정보제공 동의 기간 : 2021. 2. 3.(수) ~",2021-02-03 17:48:54.0
컴퓨터정보통신공학과과,국가거점국립대학교(KNU10) 학사교류 활성화를 위한 장학금 지원 안내,https://ce.jnu.ac.kr/bbs/ce/2114/434953/artclView.do,국가거점국립대학교(KNU10) 학사교류 활성화를 위한 장학금 지원 안내  국가거점국립대학교[KNU10] 간 학사교류 제도와 관련하여 대상자에게 다음과 같이 장학금을 지원하고 있으니 확인 바랍니다.  주요 내용  가. 생활지원장학금   - 대상 : 본교생(전남대학교⇒타 대학교)   - 지원액 : 1인당 50만원   - 조건 : 교류대학 교과목 12학점 이상 이수자 중 성적 3.0(B0)이상   - 인원 : 100명 이내 나. 생활관비 지원   - 대상 : 본교생(전남대학교⇒타 대학교)   - 지원액 : 1인당 50만원 이내   - 조,2021-02-03 12:58:29.0
컴퓨터정보통신공학과과,2021학년도 1학기 외국인 버디 프로그램 참가자 선발 안내(신청: 1/27~2/5),https://ce.jnu.ac.kr/bbs/ce/2114/434952/artclView.do,"2021학년도 1학기 외국인 버디 프로그램 참가자 선발 안내  대학본부에서 학부 외국인 유학생(신·편입, 교환학생)의 대학생활 적응력을 높이고, 재학생의 글로벌 역량을 강화하기 위하여 다음과 같이 2021학년도 1학기 외국인 버디 프로그램을 운영하오니 관심있는 학생들의 많은 신청바랍니다. 가. 지원 자격 : 우리대학 학부 재학생 나. 주요 일정구 분일 정내 용모집 공고 및 신청서 접수2021. 1. 27.(수) ~ 2. 5.(금)- 국제협력본부 홈페이지 온라인접수면접대상자 발표2021. 2. 9.(화)국제협력본부 홈페이지 게시선발면",2021-02-01 13:48:38.0
컴퓨터정보통신공학과과,2021학년도 1학기 등록금재원 교내 장학금 관련 마일리지 점수 확인 안내(~2/2 17:00),https://ce.jnu.ac.kr/bbs/ce/2114/434951/artclView.do,"2021학년도 1학기 등록금재원 교내 장학금 관련 마일리지 점수 확인 안내  1. 확인 기간 : 2021년 1월 29일(금) ~ 2월 2일(화) 17:00 2. 확인 방법 : 학과학생마일리지사이트(http://ecescholarship.kr) ▶ 로그인(ID: 학번, 초기PW: 학번) ▶ 본인 마일리지 점수 확인 3. 문의사항 : 062)530-1751 (컴퓨터정보통신공학과, 전자컴퓨터공학부 컴퓨터정보통신공학전공)※ 전남대학교 자기계발활동기록부 점수 기준일 : 2021 1. 20. ※ 등록금재원 교내 장학금은 컴퓨터정보통신공학과의",2021-01-29 16:57:28.0
컴퓨터정보통신공학과과,'21년도 1학기 매치업 인공지능 분야 프로그램 교육생 모집 안내(2/1~21),https://ce.jnu.ac.kr/bbs/ce/2114/434950/artclView.do,"'21년도 1학기 매치업 인공지능 분야 프로그램 교육생 모집 안내  ▶ 교육내용    입문과정(AI기초수학I, AI기초수학II, AI기초프로그래밍), 공통과정(기계학습입문, 심층학습),    심화/응용(자연어처리/영상처리/음성인식 및 실습)을 단계적으로 교육을 진행함(온라인교육)   [첨부] ‘21학년도 1학기 매치업 인공지능 분야 프로그램 운영 계획(안) ▶ 교육혜택   ① 학습비 지원(개인부담금 제외)  ② 수료증 발급 ▶ 신청 기간 : 2021.2.1.(월) ~ 2021.2.21.(일) ▶ 학습비 지원 대상- 전남대학교 링크사",2021-01-29 14:58:55.0
컴퓨터정보통신공학과과,"공과대학 여학생(학부생, 대학원생) 대상 '차세대 여성리더십 온라인교육' 모집안내(~2/15 15:00)",https://ce.jnu.ac.kr/bbs/ce/2114/434949/artclView.do,"[여성공학인재양성프로그램]  공과대학 여학생(학부생, 대학원생) 대상 '차세대 여성리더십 온라인교육' 모집안내   여성공학4.o인재양성 프로그램에서 차세대 준비된 리더이자 비전설계자인 여성리더로서 갖추어야 할 리더십 역량 강화 및 원활한 커뮤니케이션 스킬 훈련 등을 통해 취업역량을 강화하고자 「차세대 여성 리더십 온라인 교육」프로그램을 진행합니다. 씨프로그램 엄윤미 대표님의 특강을 포함해 다양한 리더십 교육이 준비되어 있는 본 프로그램에 공과대학 여학생들의 적극적인 참여 바랍니다.      ▸참여 대상 : 공과대학 여학생 (학부생,",2021-01-29 09:53:12.0
컴퓨터정보통신공학과과,"2020학년도 전기(2021년 2월) 학부 졸업(수료)대상자 유보 추가 신청 안내(~1/29, 15:00)",https://ce.jnu.ac.kr/bbs/ce/2114/434948/artclView.do,2020학년도 전기(2021년 2월) 학부 졸업(수료)대상자 유보 추가 신청 안내2020학년도 전기(2021년 2월) 학부 졸업(수료) 대상자 중 반드시 2021학년도 1학기 학적사항을 “재학”으로 유지하여야 할 특별한 사유가 있는 학생을 대상으로 졸업(수료) 유보 추가 신청 기간을 안내하오니 신청바랍니다. ○ 유보 추가 신청 기간 : 2021. 1. 29.(금) 15:00  ※ 추가 신청기간 없음○ 유보 추가 신청 방법 1. 전남대학교포털(http://arsam.jnu.ac.kr)에서 졸업․수료 유보 신청 2. 사유서 제출 : 메,2021-01-28 17:39:38.0
컴퓨터정보통신공학과과,2021 대만장학금 선발 안내(신청: ~3/31 18:00),https://ce.jnu.ac.kr/bbs/ce/2114/434947/artclView.do,"2021 대만장학금 장학생 선발 안내 2021 대만장학금 장학생 선발을 아래와 같이 안내하니, 관심있는 학생들의 많은 지원바랍니다.   가. 선발과정 : 석사과정, 박사과정  나. 장학금 : 생활비(매월 NT$ 20,000), 수업료(매학기 최대 NT$ 40,000)  다. 선발인원 : 총 6명  라. 지원방법 및 기한    1) 지원방법 : 신청서 및 제출서류를 직접 등기우편으로 송부    2) 지원기한 : 2021. 3. 31.(수) 18:00까지 우편 도착  마. 지원자격 및 제출서류 : [붙임] 참조 붙임  1. 2021 대",2021-01-26 10:16:42.0
컴퓨터정보통신공학과과,[1학년] 2021학년도 1학기 수강신청 안내 ( 2021.2.5. 업데이트),https://ce.jnu.ac.kr/bbs/ce/2114/434946/artclView.do,"2021학년도 컴퓨터정보통신공학과 1학년 수강신청 안내   2021.2.5. 업데이트 사항   - 수강신청 매뉴얼 추가 2021.1.28. 업데이트 사항   - 수강신청 교과목 (교선 : 철학과 삶, 한국사) 시간표 추가 ※ 타과 개설 교과목 여석 문의 시 전화예절을 지켜주시기 바랍니다.❏ 수강신청 방법수강신청 방법전남대학교 포털(http://portal.jnu.ac.kr) ➔ 로그인 ➔ 교육지원 ➔ 내학사행정 ➔ 수업 ➔ 수강신청 ➔ 수강신청(학부) 또는 수강신청(간편)신입생 로그인 정보ID: 수험번호, PW: 주민등록번호 앞",2021-01-25 18:37:24.0
컴퓨터정보통신공학과과,[2~4학년] 2021학년도 1학기 수강신청 안내,https://ce.jnu.ac.kr/bbs/ce/2114/434945/artclView.do,2021학년도 1학기 컴퓨터정보통신공학과/컴퓨터정보통신공학전공 2~4학년 수강신청 안내     ※ 타과 개설 교과목 여석 문의 시 전화예절을 지켜주시기 바랍니다.  ❏ 수강신청 방법수강신청 방법전남대학교 포털(http://portal.jnu.ac.kr) ➔ 로그인 ➔ 교육지원 ➔ 내학사행정 ➔ 수업 ➔ 수강신청 ➔ 수강신청(학부) 또는 수강신청(간편)     ❏ 수강신청 일정구  분기  간시  간비  고수강희망과목 예약2월 8일(월) ~ 2월 9일(화)9:00~18:00- 포털 로그인 ➔ 교육지원 ➔ 내학사행정 ➔ 수업 ➔ 수강신,2021-01-25 18:29:50.0
컴퓨터정보통신공학과과,2021-2022 러시아 정부초청 장학생 선발 안내(~2/20),https://ce.jnu.ac.kr/bbs/ce/2114/434944/artclView.do,"2021-2022 러시아 정부초청 장학생 선발 안내  2021-2022 러시아 정부초청 장학생 선발을 아래와 같이 안내하오니 관심 있는 학생들의 지원 바랍니다. 가. 선발과정 : 학사과정, 석사과정, 박사과정 나. 장학금 : 학비 지원(기숙사, 항공료, 의료보험 등 기타비용은 본인 부담) 다. 선발인원 : 총 254명 라. 지원방법 및 기한  1) 지원방법 : 온라인 사이트(http://edu.rs.gov.ru/)에 등록 후 직접 지원  2) 지원기한 : 2021. 2. 20.(토) 마. 지원자격 및 제출서류 : 붙임 문서 참조 바",2021-01-25 14:46:32.0
컴퓨터정보통신공학과과,2021년 1학기 한국에너지공단 현장실습교육과정 모집 안내(~1/29),https://ce.jnu.ac.kr/bbs/ce/2114/434943/artclView.do,2021년 1학기 한국에너지공단 현장실습교육과정 모집 안내    융합인재교육원 현장실습지원센터에서는 한국에너지공단과 연계하는 현장실습을 통하여 학생들에게 에너지 전문인력 양성 기반 마련을 위하여 아래와 같이 「2021년 1학기 한국에너지공단 현장실습교육과정」을 운영하오니 학생들의 참여바랍니다.       가. 프로그램명 : 2021년 1학기 한국에너지공단 현장실습교육과정  나. 추진일정운영 내용일 정비 고학생 신청기간2021. 01. 22.(금) ~ 01. 29.(금) 18:00까지붙임1의 내용 중 직무기술서 참고붙임2의 서류를,2021-01-22 14:11:04.0
컴퓨터정보통신공학과과,2021학년도 전기 대학원 총장명예장학(CNU GS-PHF) 3차 선발 안내(~1/27),https://ce.jnu.ac.kr/bbs/ce/2114/434942/artclView.do,"2021학년도 전기 대학원 총장명예장학(CNU GS-PHF) 3차 선발 안내  2021학년도 전기 대학원 총장명예장학(CNU GS-PHF) 3차 선발 계획을 다음과 같이 안내하오니 많은 신청바랍니다.   1. 지원자격    가. 선정기준 :본부 및 학과 선정기준에 모두 충족하는 2021학년도 전기 일반대학원 석·박사통합과정 신입생과정본부 선정기준(기준1, 2 모두 충족 필요)학과 선정기준 석·박사통합[기준1] 동일 계열 학과 졸업생 + 전일제 학생[기준2] 학부 졸업평점 4.0(4.5만점) 이상인 학생※ 외국인 학생은 위 기준을 준",2021-01-21 18:01:03.0
컴퓨터정보통신공학과과,2021학년도 2학기 해외 파견교환학생 선발 공고 안내(신청: 1/20~31),https://ce.jnu.ac.kr/bbs/ce/2114/434941/artclView.do,2021학년도 2학기 해외 파견교환학생 선발 공고 안내  2021학년도 2학기 해외 파견 교환학생을 다음과 같이 선발 하고자 하오니 많은 지원 바랍니다.□ 교환학생 개요교환학생은 우리 대학의 국외 자매대학에서 1~2학기 동안 교과과정을 이수하고 성적을 인정받습니다. 이 기간 동안 우리대학에 등록금을 내고 재학생 신분을 유지해야 하며 대신 자매대학에서는 등록금 면제를 받습니다. 단 교환학생을 마친 후 우리대학에서 마지막 정규학기(4학년 2학기/ 8학기)를 이수해야 합니다.   가. 파견대학 및 선발 예정인원 : 33개국 103개교 2,2021-01-21 14:47:14.0
컴퓨터정보통신공학과과,2021학년도 대학생활안내 책자 발간 안내,https://ce.jnu.ac.kr/bbs/ce/2114/434940/artclView.do,"2021학년도 대학생활안내 책자 발간 안내  우리 대학교 신입생 및 재학생들의 대학생활에 도움이 될 수 있도록 대학생활, 기관소개 등 학사업무 전반에 관한 정보를 수록한 '2021학년도 대학생활안내' 자료를 붙임과 같이 발간하여 첨부하오니 학생들의 많은 활용바랍니다. ※ 대학생활안내는 책자로 발간하지 않고, 홈페이지에 게시하여 e-manual로 활용함  붙임  2021학년도 대학생활안내 자료 1부.  끝.",2021-01-20 11:35:52.0
컴퓨터정보통신공학과과,2021학년도 1학기 수강신청 시행 계획 안내,https://ce.jnu.ac.kr/bbs/ce/2114/434939/artclView.do,"2021학년도 1학기 수강신청 시행 계획 안내  2021학년도 1학기 수강신청 시행 계획을 다음과 같이 알려드리며, 특히 수강신청 기간이 변경되었음을 반드시 확인하여 기간 내 신청바랍니다. 업무내용기간시간대상내용수강인원 조정‘21.2.1.(월) ~2.4.(목)09:00～18:00▶전공: 강좌 주관학과▶교양: 강좌 협력학과▶학년별 수강인원 관리▶자과/타과/부전공 수강인원 조정▶분반정보의 사무실 번호 입력수강희망과목예약 신청'21.2.8.(월)~2.9.(화)09:00～18:00▶학부 전 학년 공통▶학부생만 해당(대학원생 제외)▶수강희망",2021-01-19 17:17:19.0
컴퓨터정보통신공학과과,[사회맞춤형 산학협력 선도대학(LINC+)육성사업단] 2020 LINC+ 페스티벌 캡스톤디자인 경진대회 운영 안내(신청: ~1/26 16:00),https://ce.jnu.ac.kr/bbs/ce/2114/434938/artclView.do,『사회맞춤형 산학협력 선도대학(LINC+)육성사업단』  2020 LINC+ 페스티벌 캡스톤디자인 경진대회 운영 안내    1. 행사명 : 2020 LINC+ 페스티벌 캡스톤디자인 경진대회   2. 행사일시 : 2021. 2. 5. (금) 9:00 ~ 18:00  3. 행사장소 : LINC+페스티벌 온라인 전시장   4. 참가대상     - 전남대학교 대학(원)생 재학생 팀/개인    - 캡스톤디자인 교과목 과제 진행 팀/개인  5. 신청방법     - 신청기간 : 2021. 1. 26.(화) 16:00까지    - LINC+사업단,2021-01-19 15:07:47.0
컴퓨터정보통신공학과과,2020년도 외국어 시험 응시료 지원(2차) 신청 안내(신청마감),https://ce.jnu.ac.kr/bbs/ce/2114/434937/artclView.do,"2020년도 외국어 시험 응시료 지원(2차) 신청 안내   2020년도 외국어 시험 응시료 지원(2차)과 관련하여 안내하오니 해당 학생들의 많은 신청바랍니다.▶신청 기한 : 2021. 1. 15.(금) ~ 2021. 1. 27.(금)▶신청 방법 : 이메일(kimmin1210@jnu.ac.kr)로 신청 서류 제출    1. 지원 가능 시험  : 외국어(영어, 일본어, 중국어, 독일어, 프랑스어 등) ＊TOEIC, TOEFL, TEPS, New TEPS, IELTS, OPIc, TOEIC SPEAKING, DELF, JPT, HSK",2021-01-15 09:30:39.0
컴퓨터정보통신공학과과,"[지역선도대학육성사업단] 지능형ICT CC 콘텐츠 공모전 안내 (~2/15, 기간연장)",https://ce.jnu.ac.kr/bbs/ce/2114/434936/artclView.do,"[지역선도대학육성사업단]   지능형ICT C C 콘텐츠 공모전 안내   ▶ 제출 기한 : ~ 2월 15일(월) 18:00, 기간연장▶ 제출 장소 : 학과실(공7-229) 김민재 조교(062-530-3420)▶ 신청 방법 (①, ② 모두 이행하여야 신청 완료됨)  ① 참가신청서, 콘텐츠(동영상) 제출  ② jnuris.com(Chrome으로 접속) 가입 ▶ 프로그램 ▶ 온라인 신청 ▶ ICT ▶사전접수 신청     1. 목적   □ 지능형ICT 분과 학생의 캡스톤디자인(Captstone) 프로젝트 성과 및 우수사례 확대로 공학분야의",2021-01-13 14:43:21.0
컴퓨터정보통신공학과과,[공학교육혁신센터] 글로벌 캡스톤 프로그램 모집 안내 (~1/18 18:00),https://ce.jnu.ac.kr/bbs/ce/2114/434935/artclView.do,"[공학교육혁신센터] 글로벌 캡스톤 프로그램 모집 안내  1. 프로그램명 : 9기 I-CAPS 2. 설계 주제 : Life in New Normal 3. 모집인원 : 1~2팀(팀당 2명 권장) 4. 모집대상 : 공학교육혁신사업 참여 학부,과 소속 재학생으로 기간동안 성실히 설계 프로젝트에 참여 가능한 자  (2021년 8월 졸업자는 대상에서 제외, 2022년 이후 졸업 예정자)5. 모집기한 : 2021.1.18(월) 18시까지   ※ 해외팀과의 매칭을 위하여 모집기한 연장이 불가한 점 양해 부탁드립니다.6. 신청방법 : 전남대 공학교",2021-01-11 17:23:34.0
컴퓨터정보통신공학과과,[지역선도대학육성사업단] 방구석 잡드림(job-dream) 페스티벌 개최 안내(접수: ~1/17),https://ce.jnu.ac.kr/bbs/ce/2114/434934/artclView.do,[지역선도대학육성사업단] 방구석 잡드림(job-dream) 페스티벌 개최 안내  광주·전남 지자체-대학-공공기관 간 협업으로 비대면 취업경쟁력 강화 프로그램 운영을 통해 지역 우수인재 양성 및 일자리 창출에 기여하기 위하여 방구성 잡드립(job-dream) 페스티벌 개최 하오니 학생들의 참여 바랍니다.  1. 접수 기간 : ~ 2021. 1. 17.(일) 까지 2. 접수 방법 : jnuris.com(Chrome으로 접속) 가입 → 프로그램 → 온라인 신청 → 프로그램별 사전접수 신청 3. 참여 대상 : 지역선도대학육성사업 참여 대,2021-01-11 09:52:13.0
컴퓨터정보통신공학과과,2021학년도 1학기 한국장학재단 학자금 대출 신청 안내,https://ce.jnu.ac.kr/bbs/ce/2114/434933/artclView.do,"2021학년도 1학기 한국장학재단 학자금 대출 신청 안내2021학년도 1학기 학자금 대출 기본계획을 붙임과 같이 알려드리오니, 차질없는 학자금 대출이 이루어질 수 있도록 신청바랍니다.        가. 대출신청 및 실행기간  구분등록금 대출분납연계 대출생활비 대출취업 후 상환 전환 대출신청2021. 1. 6.(수)~4. 14.(수)2021. 1. 6.(수)~5. 6.(목)2021. 1. 6.(수)~5. 6.(목)2021. 1. 6.(수)~5. 24.(월)실행2021. 1. 6.(수)~4. 14.(수)2021. 1. 6.(수)~5.",2021-01-08 16:27:25.0
컴퓨터정보통신공학과과,"2021년 1학기 농촌출신대학생 학자금융자(무이자) 지원 안내(1차: 1/4~13, 2차: 2/8~19)",https://ce.jnu.ac.kr/bbs/ce/2114/434932/artclView.do,2021년 1학기 농촌출신대학생 학자금융자(무이자) 지원 안내 한국장학재단에서 농어업인 교육비 부담 경감 및 농어촌출신 대학생에 대한 균등한 교육기회 제공을 위하여「2021학년도 1학기 농촌출신대학생 학자금지원사업」을 아래와 같이 시행합니다.   가. 주요 일정구 분1차(재학생 및 신입생군*)2차(신입생군*만 해당)비고신청 및 서류제출2021. 1. 4.(월) ~ 1. 13.(수)2021. 2. 8.(월) ~ 2. 19.(금)     융자 실행2021. 2. 15.(월) ~ 4. 9.(금)2021. 3. 22.(월) ~ 4. 9.(,2021-01-08 09:43:12.0
컴퓨터정보통신공학과과,유니티로 만드는 AI 제작 및 제어프로그램 장기과정 교육 모집 안내(~1/15 18:00),https://ce.jnu.ac.kr/bbs/ce/2114/434931/artclView.do,유니티로 만드는 AI 제작 및 제어프로그램 장기과정 교육 모집 안내     인공지능(AI)대한 이해와 체험 등 다양한 교육프로그램으로 미래사회와 네트워크 기반의 공학세계 패러다임 및 새로운 기술에 대한 이해와 고찰을 통한 창의 핵심 역량 강화을 위해 『2021 IoT·AI 교육 프로그램(유니티로 만드는 AI 제작 및 제어) 장기과정』을 실시하고자 합니다. 관심 있는 학생들의 많은 신청바랍니다.     - 다    음 -   가. 명 칭 :  2021 IoT·AI 교육프로그램(유니티로 만드는 AI 제작 및 제어) 장기과정나. 교육일시,2021-01-08 09:42:34.0
컴퓨터정보통신공학과과,2021 스마트홈 시스템 제작 및 제어 프로그램 단기과정 모집(선착순 접수),https://ce.jnu.ac.kr/bbs/ce/2114/434930/artclView.do,2021 스마트홈 시스템 제작 및 제어 프로그램 단기과정 모집  사물인터넷에 대한 이해와 체험 등 다양한 교육프로그램을 통해 미래사회와 네트워크 기반의 공학세계 패러다임 및 새로운 기술에 대한 이해와 고찰을 통한 창업을 유도하고자 『2021 스마트홈 시스템 제작 및 제어 프로그램』을 실시하고자 합니다. 관심있는 학생들의 많은 참여바랍니다.  ○ 개요1. 명 칭 : 2021 스마트홈 시스템 제작 및 제어 프로그램 교육2. 목적 및 필요성 ▶ 8차년도 산업계 수요조사에서 ① 4차 산업혁명 시대의 5대 신산업 분야 우선순위 ② 4차 산업,2021-01-07 13:16:06.0
컴퓨터정보통신공학과과,2021 IoT·AI 교육 프로그램(아두이노-자율주행(심화)) 단기과정 모집안내(선착순 접수),https://ce.jnu.ac.kr/bbs/ce/2114/434929/artclView.do,2021 IoT·AI 교육 프로그램(아두이노-자율주행(심화)) 단기과정 모집안내 사물인터넷에 대한 이해와 체험 등 다양한 교육프로그램을 통해 미래사회와 네트워크 기반의 공학세계 패러다임 및 새로운 기술에 대한 이해와 고찰을 통한 창업을 유도하고자 『2021 IoT·AI 교육 프로그램(아두이노-자율주행(심화)) 단기과정』을 실시하고자 합니다. 관심있는 학생들의 많은 참여바랍니다. ○ 개요1. 명 칭 : 아두이노-자율주행(심화) 교육프로그램(단기과정)2. 목적 및 필요성 ▶ 8차년도 산업계 수요조사에서 ① 4차 산업혁명 시대의 5대 신,2021-01-07 09:53:27.0
컴퓨터정보통신공학과과,공대7호관 1층 학생회실 공사로 인한 내부 물품 정리 요청(1/6~1/12),https://ce.jnu.ac.kr/bbs/ce/2114/434928/artclView.do,공대7호관 1층 학생회실 공사로 인한 내부 물품 정리 요청  공대7호관 1층 학생회실 공사로 인해 내부에 있는 물품 정리 요청하오니 학생 개인 물품이 있는 경우 찾아가기 바랍니다. 기간 내 정리되지 않은 물품은 폐기 예정입니다. ○ 요청기간 : 2021. 1. 6.(수) ~ 12.(화) 9:00 ~ 17:00  ※ 학생회실이 잠겨있으니 학과실(공7-229호) 방문바랍니다.,2021-01-06 10:11:01.0
컴퓨터정보통신공학과과,2020학년도 전기(2021년 2월) 학부 졸업(수료)대상자 유보 신청 안내(1/7~14),https://ce.jnu.ac.kr/bbs/ce/2114/434927/artclView.do,"2020학년도 전기(2021년 2월) 학부 졸업(수료)대상자 유보 신청 안내  2020학년도 전기(2021년 2월) 학부 졸업(수료) 대상자 중 2021학년도 1학기 학적사항을 ""재학""으로 유지하고자 희망하는 학생은, 졸업(수료) 유보를 신청하기 바랍니다. 1. 신청기간 : 2021. 1. 7.(목) ~ 1. 14.(목) 18시까지 (추가 신청 기간 없음)2. 신청방법 : 전남대학교 포털사이트(http://arsam.jnu.ac.kr/) → 교육지원 → 내 학사업무 → 등록 → 학부 졸업(수료)유보 선택3. 졸업(수료) 유보 고지",2021-01-06 09:53:14.0
컴퓨터정보통신공학과과,2020학년도 제2학기 글로벌커뮤니케이션잉글리쉬 시험 개인별 점수 조회방법 안내,https://ce.jnu.ac.kr/bbs/ce/2114/434926/artclView.do,"2020학년도 제2학기 글로벌커뮤니케이션잉글리쉬 시험 개인별 점수 조회방법 안내  2020학년도 제2학기 글로벌커뮤니케이션잉글리쉬 시험의 개인별 점수 조회방법을 아래와 같이 알려드립니다. 잘못된 성적이 입력되어 성적인정 시 불이익을 받지 않도록 개인별 점수 조회바랍니다.  가. 성적 조회 방법 : 전남대 포털→로그인→교육지원→내학사행정→성적→이수성적→글로벌커뮤니케이션잉글리쉬 성적조회 클릭     ※ 점수 조회 결과가 이상이 없을 경우, ‘21. 1. 8.(금) 2학기 점수 확정 예정 나. 유의사항(2020학년도 2학기 시험성적에 한",2021-01-05 15:34:17.0
컴퓨터정보통신공학과과,2021학년도 1학기 미국 ICT 학점연계 프로젝트 인턴십 과정 모집 안내(12/29~1/8 17:00),https://ce.jnu.ac.kr/bbs/ce/2114/434925/artclView.do,"2021학년도 1학기 미국 ICT 학점연계 프로젝트 인턴십 과정 모집 안내  우리 대학의 글로벌 경쟁력확보 및 학생의 역량강화를 위해 미국 ICT학점연계 프로젝트 인턴십 과정에 대해 아래와 같이 모집하오니, 많은 신청 바랍니다.   ▪ 신청기한 : 2020.12.29.(화) ~ 2020. 1. 8.(금)17:00 ▪ 신청방법 : 취업진로사이트(capd.jnu.ac.kr) - 취업프로그램 - 광주 - 자원서 첨부 ▪ 대학 선발일정구분일정내용비고모집기간‘20.12.29.(화)~’21.1.8.(금)학생 모집(온라인 접수)     대학 추",2021-01-05 11:08:53.0
컴퓨터정보통신공학과과,2021학년도 1학기 국가거점국립대학교(KNU10) 학사교류 강화 통합공고 및 추천 안내(1/4~13 12:00),https://ce.jnu.ac.kr/bbs/ce/2114/434924/artclView.do,"2021학년도 1학기 국가거점국립대학교(KNU10) 학사교류 강화 통합공고 및 추천 안내  국가거점국립대학교(KNU10)는 학사교류 활성화 및 상호발전을 위한 협력을 도모하고자2020. 10. 8. 상호협약을 체결하였고, 이에 따라2021학년도 1학기부터 기존 학점 교류제도를발전시킨 국가거점대학교(KNU10) 학사교류 제도를 도입하여 운영하게 되었습니다.   ※ KNU10 : 전남대, 강원대, 경북대, 경상대, 부산대, 서울대, 전북대, 제주대, 충남대, 충북대   이에 국가거점국립대학(KNU10) 학사교류 통합공고문을 붙임과 같이",2021-01-04 17:33:54.0
컴퓨터정보통신공학과과,[지역선도대학육성사업단] 지능형ICT 취업역량강화 소모임 신청(동계) 안내(~1/7 18:00),https://ce.jnu.ac.kr/bbs/ce/2114/434923/artclView.do,"[지역선도대학육성사업단]   지능형ICT 취업역량강화 소모임 신청(동계) 안내   ▶ 제출 기한 : ~ 1월 7일(목) 18:00▶ 제출 장소 : 학과실(공7-229) 김민재 조교(062-530-3420)▶ 신청 방법 (①, ② 모두 이행하여야 신청 완료됨)  ① 소모임 신청 서류(프로그램 계획서, 소모임 신청서, 운영계획서, 소요예산) 제출    ※ 작성 유의사항 : 소모임 지원 프로그램은 외국어 시험, 전공 관련 자격증 취득, 한국사능력시험 점수 취득을 위한 것이므로 운영계획서 내 참여 동기, 참여 목표, 학습 내용(어떠한 목표",2021-01-04 15:15:01.0
컴퓨터정보통신공학과과,2021년 지역인재 7급 공무원 수습직 추천 안내(1/18~24),https://ce.jnu.ac.kr/bbs/ce/2114/434922/artclView.do,"2021년 지역인재 7급 공무원 수습직 추천 안내 2021년 지역인재 7급 공무원 수습직 추천을 다음과 같이 하고자 하오니 관심있는 학생들은 지원 바랍니다.    가. 추천인원 : 10명    나. 지원자격    - 기졸업자(2018년 5월이후 졸업자), 졸업예정자(2022년 2월까지 졸업가능하고 2020년 2학기까지 3/4이상 학점이수자, 편입생은 4학기 이수자)    - 지원당시 학과석차 10%이내, 토익기준 700점이상(2016.1.1.이후), 한국사 2급(2016.1.1.이후)이상 취득자   다. 추천자 선발일정내용일시비고교",2020-12-29 16:51:36.0
컴퓨터정보통신공학과과,2021학년도 전기 대학원 총장명예장학(CNU GS-PHF) 추가 선발 안내(~1/7 12:00),https://ce.jnu.ac.kr/bbs/ce/2114/434921/artclView.do,"2021학년도 전기 대학원 총장명예장학(CNU GS-PHF) 추가 선발 안내  2021학년도 전기 대학원 총장명예장학(CNU GS-PHF) 추가 선발 계획을 다음과 같이 안내하오니 많은 신청바랍니다.   1. 지원자격    가. 선정기준 :본부 및 학과 선정기준에 모두 충족하는 2021학년도 전기 일반대학원 석·박사통합과정 신입생과정본부 선정기준(기준1, 2 모두 충족 필요)학과 선정기준 석·박사통합[기준1] 동일 계열 학과 졸업생 + 전일제 학생[기준2] 학부 졸업평점 4.0(4.5만점) 이상인 학생※ 외국인 학생은 위 기준을 준",2020-12-29 16:38:40.0
컴퓨터정보통신공학과과,2021학년도 제1학기 등록 공고(2/22~25 16:00),https://ce.jnu.ac.kr/bbs/ce/2114/434920/artclView.do,"2021학년도 제1학기 등록 공고  2021학년도 제1학기 등록금 납부를 다음과 같이 공고하오니 등록에 차질 없으시기바랍니다.     1. 기 간 : 2021. 2. 22.(월) ~ 2. 25.(목) 16:00까지 [4일간] 2. 장 소 : 광주은행 및 농협 전국 본·지점(지역농협 포함) 3. 등록금 분할납부 방법  가. 신청대상 : 경제사정으로 정해진 기간내에 등록금 전액 납부가 어려워 분할납부하고자 하는 학생     [신청제외자 : 학부 및 대학원 신입생, 전액 장학금 수혜자, 미등록 휴학예정자, 수업연한초과자]   나. 신청",2020-12-29 09:31:56.0
컴퓨터정보통신공학과과,2021년도 1학기 대학직장 예비군 전입 신청 및 개인 정보 수정 안내,https://ce.jnu.ac.kr/bbs/ce/2114/434919/artclView.do,"2021년도 1학기 대학직장 예비군 전입 신청 및 개인 정보 수정 안내  2021년도 1학기 재학생 중 대학직장 예비군(전남대학교연대 소속)으로 편성되지 않은 학생은 예비군연대로 전입 신청 및 정확한 훈련 안내를 위하여 개인 정보를 수정하기 바랍니다.   가. 대상 : 2021년도 1학기 대학(원) 재학생(신입, 편입, 복학, 전과생 포함)    1) 신청 절차 : 전남대학교 포털→내 학사행정→병무→예비군 전입 신청    2) 전입 신청 4~5일 경과 후 예비군 홈페이지에서 소속 부대 변경 여부 확인      ※ 전남대학교연대로 편",2020-12-28 13:21:56.0
컴퓨터정보통신공학과과,한국전력기술(주) 2021년 Power Engineering School Winter Camp 참가 학생 추천 안내(~1/4 12:00),https://ce.jnu.ac.kr/bbs/ce/2114/434918/artclView.do,"2021년 Power Engineering School Winter Camp 참가 학생 추천 안내  ▶ 신청 기한 : ~ 1월 4일(월) 12:00▶ 신청 방법 : 학과실(공7-229호) 방문 또는 메일(eb8916@jnu.ac.kr) 를 통해 신청▶ 제출 서류 : 성적증명서(반드시 100점 만점으로 환산하여 표기된 성적증명서)한국전력기술(주) 인재개발교육원에서 실시하는 Power Engineering School Winter Camp(22기, 23기)를 붙임과 같이 알려드리오니 참가를 희망하는 학생은 기한 내 신청바랍니다.   가",2020-12-24 14:04:28.0
컴퓨터정보통신공학과과,광주광역시 연말연시 방역강화 특별대책 안내(12/24~1/3 24:00),https://ce.jnu.ac.kr/bbs/ce/2114/434917/artclView.do,"광주광역시 연말연시 방역강화 특별대책 안내  전국 연말연시 방역강화 특별대책은 20년 12월 24일(목) 0시부터 21년 1월 3일(일) 24시까지전국 모든 지역에 동시 적용됩니다. 이에 따라 광주광역시의 방역강화 특별대책을 붙임과 같이 안내하오니 협조바랍니다.     또한, 시설 이용자에게도 방역지침 준수 의무가 부과되어수칙 위반 시 과태료 등이 부과될 수 있는 만큼우리 대학 구성원 및 이용자들은 방역지침을 준수해 주시기 바랍니다.      ‘연말연시 방역강화 특별대책’ 주요 내용             ○ 기간 : ‘20. 12.",2020-12-24 13:40:18.0
컴퓨터정보통신공학과과,공대7호관 내 학생 공간 이용 제한 안내(~별도 안내 시까지),https://ce.jnu.ac.kr/bbs/ce/2114/434916/artclView.do,"공대7호관 내 학생 공간 이용 제한 안내  코로나19 확산에 따라 LG이노텍라운지, 학생회실, 동아리실, 누리라운지 등 공대7호관 내 학생 공간 이용을 별도 안내 시까지 제한하오니 학생들의 협조바랍니다.",2020-12-24 13:31:04.0
컴퓨터정보통신공학과과,2021학년도 제1학기 부·복수(연계)전공 취소 신청 및 이수자 선발 안내,https://ce.jnu.ac.kr/bbs/ce/2114/434915/artclView.do,2021학년도 제1학기 부·복수(연계)전공 취소 신청 및 이수자 선발 안내  2021학년도 제1학기 부·복수(연계)전공 취소 신청 및 이수자 선발을 아래와 같이 시행하오니 기간내 신청하기 바랍니다. 1. 주요 일정구분일정비고부·복수(연계) 및 융합전공 취소 신청2021. 1. 6.(수) ~ 1. 8.(금)학생(직접 인터넷 신청)부·복수(연계) 및 융합전공 신청2021. 1. 15.(금)~1. 19.(화) 학생(직접 인터넷 신청)승인 및 선발자 공고2021. 1. 29.(금) 16:00전남대학교 홈페이지 2. 복수전공 지원 자격 및,2020-12-23 17:31:51.0
컴퓨터정보통신공학과과,2021학년도 1학기 모집단위간이동(전과) 시행 공고 안내(1/4~6),https://ce.jnu.ac.kr/bbs/ce/2114/434914/artclView.do,2021학년도 1학기 모집단위간이동(전과) 시행 공고 안내  2021학년도 1학기 모집단위간이동(전과)을 다음과 같이 실시하오니 해당 기간내 신청하기 바랍니다.  1. 주요 일정구분일정비고공고2020. 12. 23.(수)학과 홈페이지원서 접수2021. 1. 4.(월) ~ 1. 6.(수) 18:00포털 신청전출 승인2021. 1. 6.(수)학과(부) 및 대학전출 합격자 발표2021. 1. 13.(수) 16:00전남대학교 홈페이지전과 합격자 발표2021. 1. 26.(화) 16:00전남대학교 홈페이지전과 합격자 이수 성적 재사정표 제출,2020-12-23 17:13:31.0
컴퓨터정보통신공학과과,광주CGI아카데미 '콘텐츠아카데미 겨울방학 정규과정' 교육생 모집 안내(~12/28),https://ce.jnu.ac.kr/bbs/ce/2114/434913/artclView.do,"광주CGI아카데미 '콘텐츠아카데미 겨울방학 정규과정' 교육생 모집 안내  CGI아카데미에서는 지역민(성인학습자)을 위한 대학의 다양한 전문분야를 경험하고 취업 및 창업의 기회를 제공하는 프로그램을 운영하고 있으니 많은 신청바랍니다.  ▶ 접수 기한 : ~ 2020. 12. 28.(월)▶ 접수 방법 : CGI아카데미 홈페이지(http://cgia.kr) → 교육과정 → 교육신청 → 해당 교육과정* 선택 후 수강신청   ※ 과정 : 인디게임개발, 그래픽영상, 모델링, 애니메이션, 언리얼게임개발, 웹툰(6과정) ▶ 문의 : 광주정보문화산",2020-12-22 11:00:36.0
컴퓨터정보통신공학과과,"2021년 동계(제55, 56차) '대학생을 위한 외교 워크숍' 신청자 모집 안내(~12/25 18:00)",https://ce.jnu.ac.kr/bbs/ce/2114/434912/artclView.do,"2021년 동계(제55, 56차) ""대학생을 위한 외교 워크숍"" 신청자 모집 안내  외교부 국립외교원에서 대학생들의 국제적 역량 강화 및 외교현안에 대한 이해 제고를 위해 매년 “대학생을 위한 외교 워크숍”을 아래와 같이 개최하고 있으니, 관심있는 학생들의 많은 신청바랍니다.       가. 기간 및 장소 : 2021.02.15.(월)~26.(금), 서울 양재 국민외교타운 (국립외교원 옆건물)        - 제55차 : 2021.02.15.(월) - 02.19.(금)      - 제56차 : 2021.02.22.(월) - 02.2",2020-12-21 10:26:09.0
컴퓨터정보통신공학과과,2020년 현장실습교육과정 수기공모 및 성과발표 전시회 안내(접수: ~1/2),https://ce.jnu.ac.kr/bbs/ce/2114/434911/artclView.do,2020년 현장실습교육과정 수기공모 및 성과발표 전시회 안내  2020년도 현장실습교육과정 참여 학생들의 우수사례 발굴 및 공유를 통해 학생들에게 취업 및 진로탐색의 기회를 제공하고자 아래와 같이 수기공모 및 성과발표 전시회를    개최하오니 많은 학생들의 참여바랍니다.       가. 행사명 : 2020년 현장실습교육과정 수기공모 및 성과발표 전시회  나. 일시 : 2021. 01. 28.(목) ~ 01. 29.(금) 09:00~18:00  다. 운영방법 : AR전시 등 온라인 진행  라. 내용 : 현장실습 교육과정 관련 수기공모,2020-12-21 10:03:23.0
컴퓨터정보통신공학과과,​2021학년 1학기 농림축산식품부 대학 장학금 지원 안내(~1/6),https://ce.jnu.ac.kr/bbs/ce/2114/434910/artclView.do,"2021학년 1학기 농림축산식품부 대학 장학금 지원 안내  2021년 1학기 농림축산식품부 대학 장학생 선발 계획을 붙임과 같이 안내드리니, 해당 학생은 기간 내에 장학금 신청바랍니다. 가. 신청기간 : '20. 12. 21.(월) 10:00 ~ '21. 1. 6.(수) 17:00까지나. 신청방법 : 농어촌희망재단 누리집(www.rhof.or.kr)에서 온라인 신청다. 결과발표 : '21. 2. 2.(화) 및 '21. 2. 16.(화) 예정라. 선발분야  - 청년창업농육성장학금: 800명 내외, 등록금 전액 + 학업장려금 200만원",2020-12-21 09:53:48.0
컴퓨터정보통신공학과과,반도체설계교육센터 4차산업특징과 미래준비 세미나 신청 안내(~12/30),https://ce.jnu.ac.kr/bbs/ce/2114/434909/artclView.do,"반도체설계교육센터 4차산업특징과 미래준비 세미나 신청 안내  1. 강의 개요 : 4차산업의 특징 이해와 미래 대비를 위한 조언  2. 교육일정  - 교육주제 : 4차산업특징과 미래준비  - 교육일정 : 2020년 12월30일(수) 10:00 ~ 13:00  - 수강인원 : online 50명 3. 세부 교육 내용  - 4차산업혁명의 특징으로서 O2O, CPS 그리고 플랫폼 활용  - 기술동향과 세상변화, 그리고 지식 재산의 중요성  - 미래 준비에 대한 조언 4. 교육환경 - PC : 1인 1대  5. 강의방법 : Zoom을 이용한",2020-12-18 11:32:53.0
컴퓨터정보통신공학과과,반도체설계교육센터 사물인터넷 및 제어시스템 사이버 보안 실습 신청 안내(~12/28),https://ce.jnu.ac.kr/bbs/ce/2114/434908/artclView.do,반도체설계교육센터 사물인터넷 및 제어시스템 사이버 보안실습 신청 안내  1. 강의 개요사물인터넷 및 제어시스템의 구성 요소 및 보안 위협 관련 특징을 이해한다. 보안을 고려한 사물인터넷 및 제어시스템 아키텍처 설계 기법에 대하 학습 및 실습한다.  2. 교육일정 - 교육주제 : 사물인터넷 및 제어시스템 사이버 보안실습 - 교육일정 : 2020년 12월28일(월)~29일(화) 10:00 ~ 17:00 - 수강인원 : onsite 15명 / online 50명3. 세부 교육 내용- 산업사물인터넷(IIoT) 및 산업제어시스템 개요- 산업,2020-12-18 11:26:16.0
컴퓨터정보통신공학과과,'마켓플레이스(경영시뮬레이션) 온라인 진로캠프' 모집 안내(~12/29 17:00),https://ce.jnu.ac.kr/bbs/ce/2114/434907/artclView.do,"'마켓플레이스(경영시뮬레이션) 온라인 진로캠프' 모집 안내  여성공학4.o인재양성 프로그램에서 공과대학 재학생들에게 가상의 회사를 창업하여 운영해보며 현실과 유사한 기업현장의 경쟁과 분석, 성장을 학습하여 직무별 업무 프로세스를 경험해봄으로써 진로에 대해 심층적으로 생각해 볼 수 있도록‘마켓플레이스(경영시물레이션) 온라인 캠프’교육을 진행합니다. 공과대학 여학생들의 적극적인 참여를 바랍니다.     ▸참여 대상 : 공고일 현재 공과대학 3, 4학년 재학 중 여학생 30명                   ※ 남학생 정원내 20%까지",2020-12-17 15:03:40.0
컴퓨터정보통신공학과과,2021학년도 제1학기 학부 재입학 실시 안내(1/4~8),https://ce.jnu.ac.kr/bbs/ce/2114/434906/artclView.do,"2021학년도 제1학기 학부 재입학 실시 안내  1. 목적 : 자퇴·제적 등의 사유로 학교를 떠난 학생들에게 학칙 제30조 규정에 따라 학업을 계속할 수 있도록 기회 부여 2. 관련 근거  가. 고등교육법시행령 제29조의2(재입학)  나. 전남대학교 학칙 제30조(재입학)  다. 전남대학교 학부 재입학에 관한 세부지침 3. 재입학 요건  가. 재입학 대상    1) 미복학·미등록·학사경고 등으로 제적된 자    2) 경제적·신체적 사유 등으로 자퇴한 자    3) 학칙 제30조제4항에 해당하는 학생활동 제적자   ※ 단, 여수캠퍼스",2020-12-17 11:24:00.0
컴퓨터정보통신공학과과,2021학년도 제1학기 휴학·복학 신청 기간 안내,https://ce.jnu.ac.kr/bbs/ce/2114/434905/artclView.do,2021학년도 제1학기 휴학·복학 신청 기간 안내  1. 신청 기간  가. 휴학휴학 종류신청 기간대상자일반휴학(등록)2021. 2. 22.(월) ~ 4. 22.(목)· 등록금 납부 후 휴학을 원하는 자일반휴학(미등록)2021. 2. 22.(월) ~ 2. 25.(목)· 등록금 납부하지 않고 휴학을 원하는 자※ 등록 기간 내에만 휴학 신청 가능휴학연장2021. 2. 22.(월) ~2. 25.(목)· 휴학 만료일이 2021. 2. 28.까지인 자군휴학(복무신고)입영일 한 달 전 ~ 입영일· 학기 중에 군입대하는 학생 중 미등록으로 군휴학,2020-12-16 17:33:59.0
컴퓨터정보통신공학과과,「2020 전남대학교 테크페어」 온라인 개최 안내(12/15~18),https://ce.jnu.ac.kr/bbs/ce/2114/434904/artclView.do,"「2020 전남대학교 테크페어」 온라인 개최 안내  지역사회와의 산‧학‧연‧관 공유가치를 창출하고 산학협력 촉진 및 취·창업 활성화를 위해 다음과 같이 『2020 전남대학교 테크페어』를 온라인으로 개최하오니, 교원, 직원, 연구원, 학생, 지역사회 구성원 등의 많은 참여바랍니다.       1. 행사명 : 2020 전남대학교 테크페어 ‘ 산학협력, 온(溫)택트로 변화를 더하다’    2. 공식 사이트 주소 : http://www.cnutechfair.com/   2. 오픈 일정 : '20. 12. 15.(화) ~ 18.(금)(4일",2020-12-15 13:39:51.0
컴퓨터정보통신공학과과,포스코인재창조원 포스코 청년 AI-Big Data 아카데미 13기 모집 안내(신청: ~1/3 18:00),https://ce.jnu.ac.kr/bbs/ce/2114/434903/artclView.do,포스코인재창조원 포스코 청년 AI-Big Data 아카데미 13기 모집 안내  ▶ 관련 링크 : http://youth.posco.com,2020-12-15 11:39:36.0
컴퓨터정보통신공학과과,[사회맞춤형 산학협력선도대학(LINC+)육성사업단] 2020 AI기반 데이터 사이언티스트 머신러닝 양성과정 신청 안내(~1/8 14:00),https://ce.jnu.ac.kr/bbs/ce/2114/434902/artclView.do,2020 AI기반 데이터 사이언티스트 머신러닝 양성과정 신청 안내 ○ 프로그램명 : AI기반 데이터 사이언티스트 머신러닝 양성과정 ○ 교육 운영 방식 : 줌(zoom) 활용 비대면 교육○ 일시 : 2021. 1. 11.(월) ~ 2021. 1. 14.(목)○ 지원대상 : 빅데이터에 관심 있는 전남대학교 LINC+ 사업 참여학과 재학생 ○ 신청기간 : 공고일로부터 2021. 1. 8.(금) 14시까지○ 신청방법 :      - 전남대학교 LINC+사업단 홈페이지(http://lincplus.jnu.ac.kr/EducationSuppo,2020-12-14 14:42:02.0
컴퓨터정보통신공학과과,[사회맞춤형 산학협력선도대학(LINC+)육성사업단] 2020 AI기반 자율주행차 영상인식 교육프로그램 신청 안내(~1/15 14:00),https://ce.jnu.ac.kr/bbs/ce/2114/434901/artclView.do,2020 AI기반 자율주행차 영상인식 교육프로그램 신청 안내○ 사업명 : 2020 LINC+ 문제해결형 융복합 인재양성 교육○ 세부사업명 : 자율주행차 영상인식 과정○ 사업기간 : 2021. 1. 18.(월) ~ 2021. 1. 21.(목)○ 대상 : 데이터 사이언스 기반의 자율주행차 영상인식 프로젝트에 관심이 있는 전남대 재학생 ○ 신청기간 : 공고일로부터 2021. 1. 15.(금) 14시까지○ 신청방법 :      - 전남대학교 LINC+사업단 홈페이지(http://lincplus.jnu.ac.kr/EducationSuppor,2020-12-14 14:31:02.0
컴퓨터정보통신공학과과,[사회맞춤형 산학협력선도대학(LINC+)육성사업단] 2020 AI 자율주행차 인공지능 SW교육 과정 신청 안내(~1/22 14:00),https://ce.jnu.ac.kr/bbs/ce/2114/434900/artclView.do,2020 AI 자율주행차 인공지능 SW교육 과정 신청 안내○ 사업명 : 2020 LINC+ 대학연합 문제해결 인재양성 심화프로그램○ 세부사업명 : AI 자율주행차 인공지능 SW교육 과정○ 사업기간 : 2021. 1. 25.(월) ~ 2021. 1. 29.(금)○ 대상 : 데이터 사이언스 기반의 자율주행차 인공지능 SW프로젝트에 관심이 있는 전남대 재학생 ○ 신청기간 : 공고일로부터 2021. 1. 22.(금) 14시까지○ 신청방법 :      - 전남대학교 LINC+사업단 홈페이지(http://lincplus.jnu.ac.kr/Ed,2020-12-14 14:19:29.0
컴퓨터정보통신공학과과,KISTI-세종대학교 빅데이터·AI 겨울학교 안내(신청: ~12/17),https://ce.jnu.ac.kr/bbs/ce/2114/434899/artclView.do,"KISTI-세종대학교 빅데이터·AI 겨울학교 안내   한국과학기술정보연구원(KISTI)과 세종대학교는 KISTI의 내부역량과 세종대의 학술 인프라 및 연구 인력을 연계하여 데이터 경제 시대를 주도하는 미래 인적자원을 개발하고, 빅데이터를 중심으로 한 공동 학술활동 등 데이터·슈퍼컴퓨터·인공지능 분야의 융합 인재 양성을 위한 업무 협약을 체결하였으며, 금번 빅데이터·AI 겨울학교를 통해 디지털 뉴딜 정책을 실현하기 위한 D.N.A(디지털, 네트워크, 인공지능) 생태계 강화를 목적으로 데이터 과학 분야의 인재를 양성할 수 있는 전문적인",2020-12-14 14:09:11.0
컴퓨터정보통신공학과과,2020학년도 하반기 도전장학(미래) 추가 선발 안내(~12/21),https://ce.jnu.ac.kr/bbs/ce/2114/434898/artclView.do,"2020학년도 하반기 도전장학(미래) 추가 선발 안내  「2020학년도 하반기 도전장학(미래) 추가선발 계획」을 다음과 같이 공고하오니 우리 대학교 일반대학원에 진학하려는 학생은 신청바랍니다.  1. 장학생 선발  가. 자격 : 2021년 2월 학사과정 졸업예정자로서 2021학년도 전기 우리 대학교 일반대학원에  진학하려는 자 (학.석사연계과정생도 지원 가능)   ※ 직전학기 성적 평균평점 2.5이상 (전남대학교 장학규정 제3조(장학생의 자격))    나. 장학금 : 인문사회계열 1,700천원, 자연예체능계열 2,300천원   ※",2020-12-07 09:34:56.0
컴퓨터정보통신공학과과,2020 인공지능 학습용 데이터 해커톤 대회 신청 안내(~12/20),https://ce.jnu.ac.kr/bbs/ce/2114/434897/artclView.do,"2020 인공지능 학습용 데이터 해커톤 대회 신청 안내  ○ 대회 개요 : 2020 인공지능 학습용 데이터 해커톤 대회 ○ 주      제 : 다양한 연령대의 음성을 효과적으로 인식할 수 있는 AI 음성인식 알고리즘의 개발 ○ 참가 신청 : ~ 2020. 12. 20.(일) ○ 주최/주관 : NHN컨소시엄 ○ 대       상 : AI 음성인식기술을 보유하고 있거나, 음성인식기를 개발하고자 하는 모든 개인 또는 팀 (3인 이하)                   ※ 대학생 이상 참여 가능합니다. ○ 시        상 : 총 상금 1",2020-12-04 14:38:16.0
컴퓨터정보통신공학과과,삼성SDS 2021년 동계 알고리즘 특강 신청 안내(~12/11 15:00),https://ce.jnu.ac.kr/bbs/ce/2114/434896/artclView.do,"삼성SDS 2021년 동계 알고리즘 특강 신청 안내  안녕하세요! 삼성SDS입니다.'21년 동계 알고리즘 특강으로 인사드립니다. 고퀄리티 알고리즘 강의에 목말라 계셨던 분!알차고 의미있는 겨울방학을 보내고 싶으신 분! 단기간에 알고리즘 실력을 향상시킬 수 있는 기회이니 놓치지 마세요. 자세한 사항은 포스터를 통해 확인할 수 있습니다.포스터 내 URL 및 QR코드를 통해 신청하시는 분들을 대상으로 알고리즘 특강을 진행할 예정입니다.※ 신청자가 많을 경우, 입과 인원이 제한될 수 있는 점 양해 부탁드립니다. ▶ 대 상 : 알고리즘에 관",2020-12-04 14:19:55.0
컴퓨터정보통신공학과과,2020학년도 2학기 학부 재학생 긴급 경제사정 곤란 지원 장학 선발 안내(~12/14),https://ce.jnu.ac.kr/bbs/ce/2114/434895/artclView.do,2020학년도 2학기 학부 재학생 긴급 경제사정 곤란 지원 장학 선발 안내코로나19로 인한 학부모 등 실직·폐업·휴업에 따른 경제적으로 어려움을 겪고 있는 학생들의 부담을 완화하여 안정적인 학업여건을 조성하고자 붙임과 같이 학부 재학생 긴급 경제사정 곤란 지원 장학생을 선발하고자 하오니 해당 학생들의 신청바랍니다.  □ 지원 기준  ○ (지원 대상) ‘20. 6. 1. ~ 10. 31. 까지 코로나 19로 인해 학부모 등이 비자발적실직 또는 폐업·휴업으로 경제사정이 곤란한 학부 재학생*에게 심사 후 지원           * 미혼인,2020-12-02 16:47:32.0
컴퓨터정보통신공학과과,콘텐츠아카데미 겨울방학 교육과정 추진 계획 안내(신청: 2021.1.4.~7.),https://ce.jnu.ac.kr/bbs/ce/2114/434894/artclView.do,콘텐츠아카데미 겨울방학 교육과정 추진 계획 안내,2020-12-02 12:02:24.0
컴퓨터정보통신공학과과,제1회 오아시스 해커톤 안내 (접수: ~12/20),https://ce.jnu.ac.kr/bbs/ce/2114/434893/artclView.do,제1회 오아시스 해커톤 안내,2020-12-01 14:14:27.0
컴퓨터정보통신공학과과,"2020학년도 동계방학 현직자 직무부트캠프 (IT/SW, 품질, 생산/제조, 연구개발) 신청 안내(~12/18)",https://ce.jnu.ac.kr/bbs/ce/2114/434892/artclView.do,"2020학년도 동계방학 현직자 직무부트캠프 신청 안내   1. 운영 방법  가. 신청기간 : 2020. 12. 18.(금)까지  나. 신청방법 : 온라인 지원(https://comento.kr/edu/univ/chonnam)    ※ 신청 완료가 되었더라도 최종 선발된 것이 아니며, 접수 마감 후 최종 선발자 및 예비자 12.23.(수) 오전 중 개별 문자 통보 예정  다. 진행방식 : 직무별 현직자 멘토 1명과 학생 8명이 한 팀으로 진행  라. 모집인원 : 3~5학년 40명(직무별 8명)  마. 지원내역 : 수료증 및 자기계발",2020-12-01 14:00:02.0
컴퓨터정보통신공학과과,2021학년도 광주캠퍼스 총학생회 선거 안내(12/2 9:00~18:00),https://ce.jnu.ac.kr/bbs/ce/2114/434891/artclView.do,"2021학년도 광주캠퍼스 총학생회 선거 안내  1. 투 표 일 : 2020년 12월 2일(수) 09:00~18:00 2. 선거방법 : 과반수의 투표로써 투표자의 과반수 이상의 득표로 선출 3. 투표매체 : 온라인 투표[모바일(Mobile) 또는 개인용 컴퓨터(PC)] 4. 투표방법  ① 번호로 발송된 문자의 선거 링크를 통해 홈페이지에 접속 (선거링크는 선거날(12월2일)에 발송됩니다.)  ② 링크를 입력하여 로그인  ③ 선거 정보를 확인하고, 후보자 확인  ④ '투표하기'를 통해 투표5. 후보자  가. 기호 1번: 임기안(통계학과",2020-12-01 09:16:44.0
컴퓨터정보통신공학과과,2020학년도 2차 핵심역량진단 실시 안내(~12/4),https://ce.jnu.ac.kr/bbs/ce/2114/434890/artclView.do,"2020학년도 2차 핵심역량진단 실시 안내  우리 대학은 대학생의 핵심역량으로 ‘창의, 감성, 공동체’를 선정하였습니다. 이에 학생 스스로 자신의 역량 변화를 파악할 수 있도록 연 2회, 온라인으로 ‘핵심역량진단’을 실시하고 있습니다.     ▶ 설문기간 : ~ 12월 4일(금) ▶ 소요시간 : 5분▶ 참여방법 : https://ile.jnu.ac.kr (기초교육원 홈페이지)→포털 아이디로 로그인→‘핵심역량진단’ 클릭 → 하단의 ‘진단하기’ 클릭  진단이 끝난 직후 화면에 제시되는 '결과보기' 클릭하여 자신의 결과보고서를 확인할 수",2020-11-30 15:15:34.0
컴퓨터정보통신공학과과,2021학년도 1학기 학부생 학·석사학위연계과정 모집 안내(20.12.14.~21.1.15.),https://ce.jnu.ac.kr/bbs/ce/2114/434889/artclView.do,"2021학년도 1학기 학부생 학·석사학위연계과정 모집 안내  1. 학·석사학위연계과정  : 학칙 제19조 제5항에 의거 학사학위과정과 대학원 교과과정을 상호 연계하여 졸업(수료)학점을 취득함으로써 학사 및 석사과정 수업연한을 단축하여 학사학위와석사학위 취득이 가능한 학사제도 2. 모집학과 : 전 학과(의학과, 수의학과 제외) 3. 지원자격 및 특전사항구 분주 요 내 용지원자격□ 지원가능학과 : 학부과정의 주(복수)전공에 해당하는 대학원 학과(전공)□ 아래의 요건을 모두 갖춘 자  ⊙ 4학기(2학년 2학기)이상 이수자로서 총 72학점",2020-11-26 10:02:27.0
컴퓨터정보통신공학과과,2021 소프트웨어 산업 전망 컨퍼런스 안내(11/30 13:00~17:00),https://ce.jnu.ac.kr/bbs/ce/2114/434888/artclView.do,,2020-11-24 11:26:21.0
컴퓨터정보통신공학과과,2021학년도 1학기 국가장학금 1차 신청 안내(11/24~12/29),https://ce.jnu.ac.kr/bbs/ce/2114/434887/artclView.do,"2021학년도 1학기 국가장학금 1차 신청 안내  「2021학년도 1학기 국가장학금」 신청 일정을 다음과 같이 안내하오니 해당 학생들은 기간 내 국가장학금 신청바랍니다.가. 신청대상 : 재학생*, 신입생, 편입생, 재입학생, 복학생 * 재학생은 국가장학금 1차 신청이 원칙이나, 2차 신청 후 구제신청서 제출(공인인증서 서명) 시 재학 중 2회에 한하여 재심사 후 지원 가능(구제신청서 제출 기간은 한국장학재단에서 별도 안내)나. 신청기간 : ′20. 11. 24.(화) ~ 12. 29.(화) 18:00 (총 36일간) - 서류제출 및",2020-11-24 11:22:06.0
컴퓨터정보통신공학과과,2020년 동계 미국 North Carolina State University 온라인 프로그램 신청 안내(~11/26 12:00),https://ce.jnu.ac.kr/bbs/ce/2114/434886/artclView.do,"2020년 동계 미국 North Carolina State University 온라인 프로그램 신청 안내  대학본부가 2020년도 동계 계절학기 기간에 미국 North Carolina State University에서 아래와 같이 온라인 프로그램을 운영하오니 관심있는 학생들은 2020. 11. 26.(목) 오전까지 신청 바랍니다.    가. 프로그램 내용 : 온라인 E-포스터 발표, 프리젠테이션 스킬 워크숍    나. 프로그램 기간 : 2021. 1. 11. - 2. 12. (5주)    다. 지원자격 : 아래사항 모두 충족해야 함",2020-11-24 10:07:15.0
컴퓨터정보통신공학과과,2020학년도 동계 계절학기 제주대학교 교류수학 허가자 학번 부여 안내(수강신청: 11/23~25),https://ce.jnu.ac.kr/bbs/ce/2114/434885/artclView.do,"2020학년도 동계 계절학기 제주대학교 교류수학 허가자 학번 부여 안내  2020학년도 동계 계절학기 제주대학교 교류수학 허가자 명단을 붙임과 같이 알려드리니, 제주대학교 학사일정에 따라 수학하시기 바랍니다.   ◎ 수업기간 : 2020. 12. 29.(화) ~ 2021. 1. 19.(화)  ◎ 수강신청기간 : 2020. 11. 23.(월) 09:00 ~ 11. 25.(수) 18:00 ◎ 수강신청방법     제주대학교 홈페이지 (http://www.jejunu.ac.kr(클릭)) 수강신청 바로가기 팝업창 → 하영Dreamy(학사정보",2020-11-20 17:25:48.0
컴퓨터정보통신공학과과,2020학년도 2학기 셔틀버스(광주↔여수캠퍼스) 운행 변경 안내,https://ce.jnu.ac.kr/bbs/ce/2114/434884/artclView.do,"2020학년도 2학기 셔틀버스(광주↔여수캠퍼스) 운행 변경 안내  2020학년도 2학기 행정업무 지원을 위한 셔틀버스(광주↔여수캠퍼스간)를 다음과 같이 변경하여 운행하오니 참고바랍니다.  가. 운행 목적 : 광주 ↔ 여수캠퍼스 간 행정업무 지원   나. 운행 기간 : 2020. 09. 01.(화) ~ 2020. 12. 21.(월) [토, 일, 공휴일 제외]    가) 운행 방식 변경 : 코로나19 단계별 버스운행 - 학사운영에 따른 단계별 버스운행     나) 학사운영에 따른 단계별 버스운행 계획     학사운영 방안셔틀버스 운행상",2020-11-19 15:55:11.0
컴퓨터정보통신공학과과,2021년도 1학기 1차 국가근로장학금 학생 신청 안내(11/24~12/29 18:00),https://ce.jnu.ac.kr/bbs/ce/2114/434883/artclView.do,2021년도 1학기 1차 국가근로장학금 학생 신청 안내  2021년도 1학기 1차 국가근로장학금 학생 신청 일정을 다음과 같이 안내하오니 많은 신청바랍니다.   가. 신청기간 : '20. 11. 24.(화) 09:00 ~ '20. 12. 29.(화) 18:00   나. 신청자격 : 학교 재학중인 학생으로 아래의 두가지 요건 충족 학생    - 직전학기 성적 1.75이상(70점/100점)    - 소득분위 8분위 이하(기초생활수급자 및 차상위 포함)   다. 신청방법 : 한국장학재단 홈페이지 로그인 → 장학금 → 장학금 신청 → 신청,2020-11-19 09:22:09.0
컴퓨터정보통신공학과과,[사회맞춤형 산학협력선도대학(LINC+)육성사업단] LINC+ 소셜디자인랩 교육 프로그램 운영 안내(신청: ~11/25),https://ce.jnu.ac.kr/bbs/ce/2114/434882/artclView.do,"LINC+육성사업단 ‘LINC+ 소셜디자인랩 교육 프로그램’ 운영 안내  사회맞춤형 산학협력선도대학(LINC+)육성사업단에서는 행위디자인씽킹교육을 통한 4차산업혁명 맞춤형 전문인력 양성을 위하여 「LINC+ 소셜디자인랩 교육 프로그램」을 운영하오니, 관심있는 학생들의 많은 참여바랍니다.  가. 프로그램명 : LINC+ 소셜디자인랩 교육 프로그램    나. 일시 : 2020. 11. 28.(토) ~ 2020. 12. 12.(토)  다. 지원대상 : 전남대학교 재학생 50명  라. 신청방법    - 신청기간 : 2020. 11. 25.",2020-11-18 17:41:36.0
컴퓨터정보통신공학과과,2021학년도 1학기 교내 장학금 장학사정 관련 동아리 회원 명단 제출(~12/18 17:00),https://ce.jnu.ac.kr/bbs/ce/2114/434881/artclView.do,"2021학년도 1학기 교내 장학금 장학사정 관련 동아리 회원 명단 제출  각 학과 [(구) 전자컴퓨터공학부, (현)전자공학과, (현)컴퓨터정보통신공학과, (현)소프트웨어공학과]의 동아리 회장은 2021학년도 1학기 교내장학금 장학사정 자료인 2020학년도 2학기 동아리 활동 회원 명단을 제출바랍니다.   - 제출 기간 : ~ 2020. 12. 18.(금) 17:00  - 제출 양식 : 동아리 현황 조사 서식(붙임 문서 확인)  - 제출 방법 : 메일 ( oka@jnu.ac.kr ) 제출 ※ 유의사항  - 학번, 이름 정확하게 표기바",2020-11-18 10:42:56.0
컴퓨터정보통신공학과과,"COVID19 'Starting November 13, a fine of up to 100,000 won for not wearing masks in a public facilities'",https://ce.jnu.ac.kr/bbs/ce/2114/434880/artclView.do,"Starting November 13, a fine of up to 100,000 won for not wearing masksin apublic facilities     □ Subject to imposition▲ If the mask is not worn ▲ Wearing a mask but not covering the mouth and nose completely▲ Covering the face with clothing such as a mesh or valve type mask or scarf☞ Accepted Mask",2020-11-18 10:37:36.0
컴퓨터정보통신공학과과,코로나19 '다중이용시설에서의 마스크 미착용시 과태료 부과' 안내(11/13부터 시행),https://ce.jnu.ac.kr/bbs/ce/2114/434879/artclView.do,"코로나19 '다중이용시설에서의 마스크 미착용시 과태료 부과' 안내  11월 13일부터 다중이용시설에서 마스크 미착용시 과태료 최고 10만원     □ 부과대상▲ 마스크를 착용하지 않은 경우 ▲ 마스크를 착용하였으나, 입과 코를 완전히 가리지 않은 경우▲ 망사형이나 밸브형 마스크 또는 스카프 등의 옷가지로 얼굴을 가리는 것☞ 인정되는 마스크 종류: KF94, KF80, 비말 차단 마스크 등과 수술용 마스크, 천 마스크, 일회용 마스크 등          마스크 착용 의무화는 거리두기 단계에 따라 감염병 전파 위험 시설·장소별로 다르게",2020-11-18 10:30:20.0
컴퓨터정보통신공학과과,2021학년도 1학기 등록금재원 교내 장학금 신청 안내(20.11.23.~21.1.4. 17:00),https://ce.jnu.ac.kr/bbs/ce/2114/434878/artclView.do,"2021학년도 1학기 등록금재원 교내 장학금 신청 안내  2021학년도 1학기 등록금재원 교내 장학금 신청 관련 사항을 안내하오니 장학 기본 충족 사항 및 신청 방법을 확인 후, 기간 내 많은 신청 바랍니다.  1. 신청 대상 : 2020학년도 2학기 이수자 ( 전자컴퓨터공학부 컴퓨터정보통신공학전공, 컴퓨터정보통신공학과 ) 2. 신청 기간 : 2020. 11. 23.(월) ~ 2021. 1. 4.(화) 17:00 [6주간] 3. 장학 기본 충족 사항  : 아래 사항을 만족하는 학생들을 마일리지 순으로 장학금 지급  - 직전학기 평균",2020-11-18 10:06:56.0
컴퓨터정보통신공학과과,2021-2022 헝가리 정부초청 장학생 선발 안내(~20.1.15. 23:59),https://ce.jnu.ac.kr/bbs/ce/2114/434877/artclView.do,"2021-2022 헝가리 정부초청 장학생 선발 홍보 2021-2022 헝가리 정부초청 장학생 선발을 아래와 같이 안내하오니, 관심있는 학생들의 많은 지원바랍니다.  가. 선발과정 : 학위 과정(학사, 석사, 박사, 석박사 통합), 비학위 과정(헝가리어 준비과정, 특수과정)    ※ 기타 자세한 사항은 붙임 참조  나. 지원방법 : 탬푸스 공익재단 홈페이지 온라인 지원 사이트(apply.stipendiumhungaricum.hu)에 직접 제출  다. 신청마감 : 2021. 1. 15. 23:59 까지 (Central European",2020-11-17 16:31:10.0
컴퓨터정보통신공학과과,2021학년도 총학생회 선거(12/2) 및 선거인 개인정보 수정 요청 안내(~11/23 18:00),https://ce.jnu.ac.kr/bbs/ce/2114/434876/artclView.do,"2021학년도 총학생회 선거 및 선거인 개인정보 수정 요청 안내  1. 2021학년도 총학생회 구성을 위한 선거를 전남대학교 학생 중앙선거관리위원회의 결정에 따라 온라인 투표로 진행합니다. 가. 선거일자 : 2020. 12. 2.(수) 나. 온라인 투표 : 중앙선거관리위원회 K-Voting(온라인 전자투표시스템) 활용   2. 선거인의 편의 및 코로나19 확산 방지를 위해 온라인(모바일) 투표만 진행하며, 온라인(모바일) 투표를 위해 선거인의 휴대폰 번호가 필요하오니, 학생들은 포털-개인정보 현행화에 적극 협조하여 주시기 바랍니다.",2020-11-17 16:24:19.0
컴퓨터정보통신공학과과,2020학년도 2학기 도전장학생(돋움) 선발 계획 안내(접수:11/25~12/1 18:00),https://ce.jnu.ac.kr/bbs/ce/2114/434875/artclView.do,"2020.11.18. 업데이트 사항  ▶ 학년별 선발 인원 변경  : (붙임) 문서의 3페이지 '선발인원' 확인바랍니다.  2020학년도 2학기 도전장학생(돋움) 선발 계획 안내  2020학년도 2학기 도전장학생(돋움) 선발을 다음과 같이 시행하오니 많은 학생들의 지원바랍니다.   가. 선발인원(예정) : 110명(학부재학생 105명, 외국인학생 5명)  나. 장학금액(1인당) : 1,800천원  다. 접수기간 : 2020. 11. 25.(수) 09:00 ~ 12. 01.(화) 18:00 [7일간]  라. 신청방법    : 전남",2020-11-16 17:00:12.0
컴퓨터정보통신공학과과,2020 Capstone Design 경진대회 안내(접수: ~12/7 15:00),https://ce.jnu.ac.kr/bbs/ce/2114/434874/artclView.do,"2020 Capstone Design 경진대회 안내  공학교육혁신센터에서는 학부 과정을 통해 습득한 이론과 설계 능력을 바탕으로 하나의 시스템을 기획, 설계, 제작할 수 있는 창의력과 종합적 설계 능력을 갖춘 실무중심의 엔지니어를 양성하고, 학생들의 기술개발 및 학습의욕을 고취시키기 위해 『2020 Capstone Design 경진대회』를 다음과 같이 진행합니다.   가. 명   칭 : 2020 Capstone Design 경진대회   나. 절차 및 일정절 차   1단계   2단계   3단계   4단계내 용   공고 및 접수⇒예선(",2020-11-16 13:57:01.0
컴퓨터정보통신공학과과,전대愛서52 함께 읽기 특강 안내(신청: 11/9~특강 개최 하루 전),https://ce.jnu.ac.kr/bbs/ce/2114/434873/artclView.do,"전대愛서52 함께 읽기 특강 안내  기초교육원 교양교육지원센터에서는 자기성찰적 고전교육 활성화를 목적으로, 전남대 구성원이 함께 읽는 전대愛서52를 연계하여 2020학년도 2학기 전대愛서52 함께 읽기 특강을 개최합니다.  가. 프로그램명 : 전대愛서52 함께 읽기 특강나. 대상 : 전남대학교 재학생(대학생 및 대학원생)다. 신청기간 : 2020. 11. 9.(월) ~ 특강 개최 하루 전까지라. 신청방법 : 기초교육원 누리집(https://ile.jnu.ac.kr)에서 사전 신청 ※ 포털 ID 로그인  학생지원  특강 및 워크숍",2020-11-13 13:45:41.0
컴퓨터정보통신공학과과,′20년 예비군훈련 원격교육 시행 안내,https://ce.jnu.ac.kr/bbs/ce/2114/434872/artclView.do,′20년 예비군훈련 원격교육 시행 안내      1. 교육 개요 ○ 대상 : ′20년 기준 1년차 이상 예비군훈련 대상자 중 수강 희망 인원   ※ 6년차 훈련까지 모두 이수한 예비군은 원격교육을 수강할 필요 없음   ※ 단 6년차 이상이더라도 이월훈련이 있으면 수강 가능     ○ 기간 : ′20. 11. 16.(월) 09:00 ~ ′21. 2. 21.(일) 24:00   * 수강 인원 분산 조치 : 연차별 수강 주차ㆍ출생일 끝자리 기준 요일 지정(10부제)  ㆍ연차별 수강 주차 지정구 분(출생일)7년차 이상6년차5년차4년차3년차,2020-11-13 13:38:53.0
컴퓨터정보통신공학과과,[사회맞춤형 산학렵력선도대학(LINC+)육성사업단] ​2020년 PIP 캡스톤디자인 프로그램 운영 안내(신청: ~11/18),https://ce.jnu.ac.kr/bbs/ce/2114/434871/artclView.do,"[사회맞춤형 산학렵력선도대학(LINC+)육성사업단]  2020년 PIP 캡스톤디자인 프로그램 운영 안내  『사회맞춤형 산학협력선도대학(LINC+)육성사업단』에서는 아이디어의 지식재산권 확보를 통한 사업화 프로젝트 발굴 및 참여학생들의 지식재산권 및 영상제작 구현 역량 강화를 위해 「2020년 PIP 캡스톤디자인 프로그램」을 아래와 같이 운영합니다.     1. 프로그램명 : 2020년 PIP 캡스톤디자인 프로그램   2. 지원대상 : 2020년 캡스톤디자인, 융복합교과목, 창업교과목 수강학생 30명3. 일시 : 2020. 11. 2",2020-11-11 09:44:28.0
컴퓨터정보통신공학과과,2020년 전공 관련 기사 자격증 응시료 지원 신청 안내(~11/30),https://ce.jnu.ac.kr/bbs/ce/2114/434870/artclView.do,"2020년 전공 관련 기사 자격증 응시료 지원 신청 안내     학생들의 전공 관련 기사 자격증 응시료를 지원하오니, 많은 신청바랍니다.      1. 지원 가능 자격증 : 전공 관련 기사자격증(정보처리기사, 정보통신기사, 무선설비기사, 전기기사 등) ※ 2020년 취득한 전공 관련 기사자격증만 지원 가능2. 지원 금액 : 필기 및 실기 지원 금액 각각 지원3. 제출 서류 (서류 미비 시 응시료 지원이 불가) ▸ 전공 기사자격증 지원 신청서 1부. ▸ 통장사본 1부. ▸ 성적사본 1부. ▸ 결제영수증(필기, 실기 모두) 각 1부.",2020-11-10 18:00:09.0
컴퓨터정보통신공학과과,2020년도 전남대학교 창의융합교육센터 3D프린팅 창의경진대회 개최 안내(접수: 11/6~12/7),https://ce.jnu.ac.kr/bbs/ce/2114/434869/artclView.do,"2020년도 전남대학교 창의융합교육센터 3D프린팅 창의경진대회 개최 안내  전남대학교 창의융합교육센터에서는 4차 산업혁명 대비 창의적인 아이디어를 기반으로 제조업 및 생활밀착형 3D프린팅 시제품 제작을 통해 신사업 발굴을 도모하고, 3D프린팅 문화 확산에 기여하고자 다음과 같이 경진대회를 개최하오니 많은 참여바랍니다.   가. 행 사 명 : 2020년도 창의융합교육센터 3D프린팅 창의경진대회   나. 운영일정 : 2020. 11. 6.(금) ~ 2020. 12. 7.(월) [4주]   다. 추진일정추진단계일정장소내용예선경진대회 공고",2020-11-10 09:32:40.0
컴퓨터정보통신공학과과,기초교육원 제3회 CNU 말하기 대회 안내(접수: 11/4~18),https://ce.jnu.ac.kr/bbs/ce/2114/434868/artclView.do,"기초교육원 제3회 CNU 말하기 대회 안내  기초교육원 교양교육지원센터에서 재학생 말하기 능력 강화 및 교양교육 성과 공유를 목적으로 제3회 CNU 말하기 대회를 개최하오니 많은 신청바랍니다.   가. 프로그램명 : 제3회 CNU 말하기 대회     ※ 우리 대학 재학생의 말하기 능력 강화를 위한 교양 교과목 연계 3분 스피치 대회  나. 대상 : 2020학년도 교양 교과목 수강생  다. 주제 : 나의 찐(진짜) 교양 수업     ※ 교양 수업을 통해 경험한 지식, 정보, 삶의 지혜, 가치, 의미 등을 자유롭게 구성  라. 참여방법",2020-11-09 10:38:45.0
컴퓨터정보통신공학과과,2020학년도 2차 동계학기 온라인 해외파견 프로그램 시행 안내(신청: 11/5~10),https://ce.jnu.ac.kr/bbs/ce/2114/434867/artclView.do,"2020학년도 2차 동계학기 온라인 해외파견 프로그램 시행 안내  대학본부에서 2020학년도 동계 해외 단기 파견 프로그램(온라인)을 다음과 같이 진행하오니, 관심있는 학생들의 많은 신청바랍니다.   가. 대상 : 전남대 재학생/휴학생 누구나 가능(2021년 2월 졸업 예정자는 신청불가)  나. 학점이수 : 프로그램 기간(2주~4주)에 따라 동계 계절학기 일선 1~2학점 인정  다. 파견대학 : 2개국 2개 기관   라. 신청기간 : 2020. 11. 5.(목) ~ 2020. 11. 10.(화)  마. 혜택 : 프로그램 비용 95%",2020-11-06 10:37:17.0
컴퓨터정보통신공학과과,2020학년도 2학기 늘! 학습멘토링 참여 신청 안내(11/5~11),https://ce.jnu.ac.kr/bbs/ce/2114/434866/artclView.do,2020학년도 2학기 늘! 학습멘토링 참여 신청 안내  기초교육원 교수학습지원센터에서는 학업저성취 예상 대학생의 기초 학습역량을 향상하고자 늘! 학습멘토링을 운영하고 있으니 많은 참여 신청바랍니다. 신청 기간· 2020년 11월 5일(목)~11월 11일(수)까지·선정 계획: 10모둠신청 방법· 이끄미(교과목 학습에 도움을 주는 학생): 신규모둠 개설+활동계획서 및 따르미 추천서(첨부파일 참고) → 따르미에게 모둠 비밀번호 안내· 따르미(교과목 학습에 도움을 받은 학생): 팀원으로 신청선정 방법· 1순위: 따르미 중 참여 전 학기 평,2020-11-06 10:27:47.0
컴퓨터정보통신공학과과,융합인재교육원 AI면접 시스템 도입 및 이용 안내,https://ce.jnu.ac.kr/bbs/ce/2114/434865/artclView.do,융합인재교육원 AI면접 시스템 도입 및 이용 안내  코로나-19로 비대면 면접이 확대되면서 많은 기업들이 AI 면접 시스템을 도입하기 시작했습니다. 이에 대비하여 전남대학교 융합인재교육원에서도 AI 모의 면접 시스템을 도입하였으니 많은 이용 부탁드립니다.,2020-11-04 16:27:50.0
컴퓨터정보통신공학과과,2021년도 관정이종환교육재단 국내대학 장학생 선발 안내(~11/12 17:00),https://ce.jnu.ac.kr/bbs/ce/2114/434864/artclView.do,"2021년도 관정이종환교육재단 국내대학 장학생 선발 안내  2021학년도 관정이종환교육재단에서는 다음과 같이 국내대학 장학생을 선발하오니, 지원자격에 적격한 학생들의 많은 신청바랍니다.  ▶ 지원 기한 : ~ 11월 12일(목) 17:00▶ 서류 제출처 : 본부 학생과가. 지원자격   : 2021학년도 제1학기에 5학기 진학을 예정하고, 1-3학기 총 평균평점이 4.0이상이며, 1997.1.1이후 출생한 자(편입생은 제외됨)      ※ 2021년 1학기 재학생 유지 자(휴학예정자 불가)  지원대학   공과대학, 공학대학, 자연과학",2020-11-03 14:23:59.0
컴퓨터정보통신공학과과,2020학년도 제2학기 글로벌커뮤니케이션잉글리쉬 시험 안내(접수: 11/4~23 9:00),https://ce.jnu.ac.kr/bbs/ce/2114/434863/artclView.do,"2020학년도 제2학기 글로벌커뮤니케이션잉글리쉬 시험 안내  코로나19 감염병 확산 방지, 안전한 교육환경 조성, 재학생들의 취업경쟁력 제고 및  영어능력 향상을 위해 2020학년도 제2학기 글로벌커뮤니케이션잉글리쉬(이하 글커잉)  시험을 아래와 같이 실시합니다 ❍ 시험 시행 기본 방침 (‘20.2학기에 한함)가. 기본원칙    - 글커잉 시험을 아래의 계획으로 실시함. 다만, 이 시험을 접수하지 않은 경우라도 1회 응시한 것으로 간주 처리함    ※ 글커잉 시험에 접수하지 않는 경우별도의 조치 없이 응시대상* 학생 모두에게 1회",2020-11-03 10:03:01.0
컴퓨터정보통신공학과과,2020학년도 2학기 광주시내 통학버스 운행 실시 안내(11/2~12/21),https://ce.jnu.ac.kr/bbs/ce/2114/434862/artclView.do,"2020학년도 2학기 광주시내 통학버스 운행 실시 안내  광주광역시 코로나 19 사회적 거리두기 1단계 완화로, 2020학년도 2학기 대면수업 실시에 따른 통학버스 운행을 아래와 같이 실시하고자 합니다.  1. 운행기간 : 2020. 11. 02.(월) ~ 12. 21.(월) (토요일 및 공휴일 제외)   2. 탑승대상 : 우리대학교 재학생 및 교직원  3. 운행노선 및 시간    가. 순환노선 운행시간표구 분노선회차양동 주공아파트농성역교원공제회관광천지구대무등경기장경신여고사거리학교(용봉탑)기존노선(터미널/농성역)1회 운행07:350",2020-10-30 09:41:49.0
컴퓨터정보통신공학과과,2020 대학혁신지원사업 여성공학인재양성프로그램 공과대학 재학생대상 온라인 교육프로그램 모집 안내(~11/10),https://ce.jnu.ac.kr/bbs/ce/2114/434861/artclView.do,2020 대학혁신지원사업 여성공학인재양성프로그램 공과대학 재학생대상 온라인 교육프로그램 모집 안내  여성공학인재양성(WE-UP+)프로그램에서 공과대학 학생들을 대상으로 4차 산업에 부합한 역략을 가진 인재를 양성하고 여러 전공분야에서 데이터 분석에 대한 실무 역량을 강화하는 「Python 기반 빅데이터 기초 과정」과 직무 강사를 초빙하여 직무역량에 대해 알아보고 직무별 궁금증에 대한 Q A 시간을 갖는 「이공계열 직무특강」교육을 온라인으로 다음과 같이 운영하오니 많은 신청바랍니다.  1. 학생지원 교육프로그램     가. Pytho,2020-10-30 09:28:32.0
컴퓨터정보통신공학과과,2020학년도 전기(2021년 2월 졸업예정) 졸업 논문 제출 안내(제출: ~1/21),https://ce.jnu.ac.kr/bbs/ce/2114/434860/artclView.do,2020학년도 전기(2021년 2월 졸업예정) 졸업 논문 제출 안내  1. 논문 심사   1) 논문 심사 방법  : 컴퓨터공학종합프로젝트(캡스톤디자인) 교과목에서 진행한 프로젝트 또는 개인 자유 주제로 심사기간 내에 개별로 논문 지도교수님과 논문지도 및 발표 진행   ※ 장기수료생 및 휴학으로 인하여 논문지도교수가 없는 경우 학과사무실(062-530-1751)로 연락바랍니다.  2) 논문 심사 기간 : ~1월 15일(금) 2. 최종 논문 제출   1) 제출 대상 : 2021년 2월 졸업예정자   2) 제출 기간 : 2021년 1월,2020-10-29 14:35:02.0
컴퓨터정보통신공학과과,2020학년도 동계 계절학기 타 대학교(제주대) 수학 신청원 제출 안내(~11/9),https://ce.jnu.ac.kr/bbs/ce/2114/434859/artclView.do,"2020학년도 동계 계절학기 타 대학교(제주대) 수학 신청원 제출 안내  2020학년도 동계 계절학기 타 대학교 운영계획을 다음과 같이 안내하오니 제주대 수학을 희망하는 학생은 수학신청원을 기한 내 제출바랍니다.    가. 지원자격 : 2020년도 2학기 현재 재학중인 자    나. 교류대학 수 : 1개 대학만 가능 (우리대학+타대학교류 가능, 타대학+타대학 불가)     다. 계절학기 총 수강 가능 학점 : 6학점 이내 (우리대학 수강학점과 교류대학 수강학점 포함)    라. 타 대학 계절학기 운영 내용 (※ 자세한 사항은 붙임",2020-10-28 11:38:33.0
컴퓨터정보통신공학과과,2020학년도 2학기 중간 수업평가 시행 안내(10/26~11/7 18:00),https://ce.jnu.ac.kr/bbs/ce/2114/434858/artclView.do,2020학년도 2학기 중간 수업평가 시행 안내  우리 대학에서는 이번 2020학년도 2학기에 처음으로 중간 수업평가를 도입·시행하게 되었습니다. 교수-학생 간 피드백을 통해 수업이 완료되기 이전에 학생 의견을 반영하여 수업의 질을 개선하고자 하오니 참여바랍니다. 1) 평가 대상 : 전체 교과목2) 평가 기간 : 2020. 10. 26.(월) 9:00 ~ 11. 7.(토) 18:00 (2주간)3) 평가 방법 : 전남대학교포털→교육지원→내 학사행정→성적→수업평가→중간 수업평가,2020-10-27 15:01:29.0
컴퓨터정보통신공학과과,2020년 동계 포스코 스틸브릿지 현장실습교육과정 모집 안내(10/26~11/2),https://ce.jnu.ac.kr/bbs/ce/2114/434857/artclView.do,2020년 동계 포스코 스틸브릿지 현장실습교육과정 모집 안내  융합인재교육원 현장실습지원센터에서는 포스코 스틸브릿지와 연계하는 현장실습을 통하여 학생들에게 기업 문화 체험 및 취업활동에 도움을 주고 산학협력의 기반을 조성하고자      아래와 같이 「2020년 동계 포스코 스틸브릿지 현장실습」을 운영하오니 많은 학생들의 참여바랍니다.       가. 프로그램명 : 2020년 동계 포스코 스틸브릿지 현장실습   나. 추진일정운영 내용일정비고학생 신청기간2020. 10. 26.(월) ~ 11. 02.(월)현장실습지원센터 홈페이지 공지사,2020-10-27 14:36:32.0
컴퓨터정보통신공학과과,2020학년도 2학기 표현과 소통 상담실 운영 안내(~12/31),https://ce.jnu.ac.kr/bbs/ce/2114/434856/artclView.do,"2020학년도 2학기 표현과 소통 상담실 운영 안내  기초교육원 교양교육지원센터에서는 전남대학교 재학생의 의사소통 능력 강화를 위하여, 매학기 수요자 중심의 맞춤형 글쓰기 및 말하기 상담 서비스를 제공하고 있습니다.  1. 운영 기간 : 2020 9. 7.(월) ~ 12. 31.(목)  ※ 주말, 공휴일, 중간·기말고사 기간 제외  2. 신청 자격 : 전남대학교 재학생(대학생, 대학원생)  3. 신청 방법 : 기초교육원 누리집(https://ile.jnu.ac.kr/) → 로그인(포털 ID/PW) → 학생 지원 → 표현과 소통 상담",2020-10-27 09:20:55.0
컴퓨터정보통신공학과과,2020 동계학기 인공지능 매치업(Match業) 프로그램 교육생 모집 안내(11/1~22),https://ce.jnu.ac.kr/bbs/ce/2114/434855/artclView.do,"2020 동계학기 인공지능 매치업(Match業) 프로그램 교육생 모집 안내   ▶ 교육내용 : 입문(AI기초수학 및 AI기초프로그래밍 등), 공통(기계학습입문 등), 심화/응용(자연어처리/영상처리/음성인식 및 실습 등)을 단계적으로 교육을 진행함(온라인교육)   ▶ 교육혜택   ① 학습비 지원(개인부담금 제외)  ② 수료증 발급  ③ 심화/응용과정 및 대표기업(KT)의 인증을 받은 수강생 대상 직무인증서 발급(국가기관(교육부/국평원) 및 대표기업의 명의 발급)     ▶ 신청 기간 : 2020.11.01.(일) ~ 2020.11.2",2020-10-26 10:18:39.0
컴퓨터정보통신공학과과,2020학년도 2학기 「외국인 학부 4학년 대상 대학원 입학설명회」개최 안내(10/29 16:00),https://ce.jnu.ac.kr/bbs/ce/2114/434854/artclView.do,2020학년도 2학기 「외국인 학부 4학년 대상 대학원 입학설명회」개최 안내  일반대학원 소개 세션을 통해 대학원 진학에 대한 정보 제공 및 우리 대학 학부 유학생의 타대학원 유출 방지를 위해 다음과 같이 입학설명회를 개최하고자 하오니 학부 외국인 4학년 재학생 학생들의 참여바랍니다.   가. 프로그램 : 외국인 학부 4학년 대상 대학원 입학설명회  나. 참가대상 : 2020학년도 2학기 외국인 학부 4학년 재학생 29명     다. 일시 : 2020. 10. 29.(목) 16:00~17:30  라. 장소 : G R Hub 1층 세,2020-10-23 15:58:14.0
컴퓨터정보통신공학과과,『제 18회 2020 전남대학교 창업아이템 경진대회』안내(접수: 10/19~11/18 17:00),https://ce.jnu.ac.kr/bbs/ce/2114/434853/artclView.do,『제 18회 2020 전남대학교 창업아이템 경진대회』안내  창의적인 창업아이템을 보유한 학생 예비창업자 및 창업기업을 발굴하고자 아래와 같이 『제 18회 2020 전남대학교 창업아이템 경진대회』를 개최하오니 많은 참여바랍니다. 1. 대회 목적   - 교내 학생의 우수 창업아이템 및 학생창업기업을 발굴하고 체계적인 창업지원을 통해 벤처 창업의 성공 가능성 제고 및 창업 분위기 확산   - 예비창업자의 사업계획 능력을 고양 시켜 벤처 창업의 성공 가능성 제고 및 창업 분위기 확산   - 기업가 정신 함양을 통한 진취적인 미래 설계 역량,2020-10-22 09:28:01.0
컴퓨터정보통신공학과과,2021학년도 전기 일반대학원 입학 설명회 안내(전자컴퓨터공학과 컴퓨터정보통신전공),https://ce.jnu.ac.kr/bbs/ce/2114/434852/artclView.do,"2021학년도 전기 일반대학원 입학 설명회 안내- 전자컴퓨터공학과 컴퓨터정보통신전공 -  2021학년도 전기 일반대학원 신입생 모집과 관련하여 입학설명회를 개최하여야 하나, 최근 코로나19로 인하여 부득이 학과 홈페이지를 통한 비대면 홍보를 하고자 합니다. 일반대학원 전자컴퓨터공학과 컴퓨터정보통신전공 입학에 관심 있는 학생들의 확인 바랍니다. ▷ 대학원 소개 : 전자컴퓨터공학과 컴퓨터정보통신전공 소개 및 대학원 과정 안내▷ 연구실 소개 : 전자컴퓨터공학과 컴퓨터정보통신전공 10개 연구실 소개▷ 지원 및 혜택 : 전남대학교 재원 지원",2020-10-21 16:46:13.0
컴퓨터정보통신공학과과,제7회 전남대학교 토론 대회 개최 안내(신청: 10/22~11/8 24:00),https://ce.jnu.ac.kr/bbs/ce/2114/434851/artclView.do,"제7회 전남대학교 토론 대회 개최 안내  기초교육원 교수학습지원센터에서 제7회 전남대학교 토론 대회를 다음과 같이 개최하오니 많은 신청바랍니다.       1) 대상 : 본교 대학 중인 대학생(휴학생 포함, 대학원생 제외)  2) 모둠 구성 : 1모둠 최소 2명 이상 최대 5명 이하(단, 실전 토론은 2명 참가)  3) 신청 방법 : 기초교육원 홈페이지(http://ile.jnu.ac.kr)-학생 지원-대회 및 공모전-전남대학교 토론 대회  4) 신청 기간 : 2020. 10. 22.(목) ~ 11. 8.(일) 24:00시까지  5",2020-10-21 16:11:58.0
컴퓨터정보통신공학과과,2021학년도 전기 일반대학원 입학 설명회 안내(ICT융합시스템공학과: 4단계 BK21 사업 선정 학과),https://ce.jnu.ac.kr/bbs/ce/2114/434850/artclView.do,"2021학년도 전기 일반대학원 입학 설명회 안내- ICT융합시스템공학과 -  2021학년도 전기 일반대학원 신입생 모집과 관련하여 입학설명회를 개최하여야 하나, 최근 코로나19로 인하여 부득이 학과 홈페이지를 통한 비대면 홍보를 하고자 합니다. 일반대학원 ICT융합시스템공학과 입학에 관심 있는 학생들의 확인 바랍니다. ▷ 대학원 소개 : ICT융합시스템공학과 소개 및 대학원 과정 안내▷ 연구실 소개 : ICT융합시스템공학과 13개 연구실 소개▷ 지원 및 혜택 : 전남대학교 재원 지원 및 혜택 안내▷ 대학원 입학 안내 : 2021학년",2020-10-21 11:33:47.0
컴퓨터정보통신공학과과,[한국전력공사]전력분야 순화용어 홍보 콘텐츠 공모전 안내(~11/20),https://ce.jnu.ac.kr/bbs/ce/2114/434849/artclView.do,전력분야 순화용어 홍보 콘텐츠 공모전 안내,2020-10-21 09:22:57.0
컴퓨터정보통신공학과과,2020학년도 동계 계절학기 운영계획 안내(수강신청 : 11/2~6),https://ce.jnu.ac.kr/bbs/ce/2114/434848/artclView.do,2020학년도 동계 계절학기 운영계획 안내   내  용기  간비고개설교과목 공고‘20. 10. 29.(목)- 전남대 홈페이지 공지사항에 공고- 전남대 포털 수강신청 프로그램에 탑재:  포털→수강시간표 조회→2020.동계 선택수강신청(1차)‘20. 11. 2.(월) 09:00 ~ 11. 6.(금) 18:00인터넷을 이용하여 학생 본인이 수강신청대체교과목 신청접수 및 지정 ‘20. 11. 20.(금) 까지     폐강(1차)‘20. 11. 11.(수)- 전남대 홈페이지 공지사항에 공고- 수강인원 15명 이하 폐강(원격강의는 30명 미만,2020-10-20 17:53:53.0
컴퓨터정보통신공학과과,"2020 IoT·AI 교육프로그램(아두이노-드론 코딩) 단기과정 2차 모집 안내(~10/30, 선착순)",https://ce.jnu.ac.kr/bbs/ce/2114/434847/artclView.do,2020 IoT·AI 교육프로그램(아두이노-드론 코딩) 단기과정 2차 모집 안내  공학교육혁신센터에서는 사물인터넷에 대한 이해와 체험 등 다양한 교육프로그램을 통해 미래사회와 네트워크 기반의 공학세계 패러다임 및 새로운 기술에 대한 이해와 고찰을 통한 창업을 유도하고자 『2020 IoT·AI 교육 프로그램(아두이노-드론 코딩) 단기과정(2차)』을 실시하고자 합니다. 관심있는 학생들의 많은 신청바랍니다. - 다    음 - 가. 명 칭 : 아두이노-드론 코딩 교육프로그램(단기과정-2차)나. 교육일시 : 2020. 11. 26.(목),2020-10-20 11:28:47.0
컴퓨터정보통신공학과과,공대7호관 출입 절차 안내(10/19부터 시행),https://ce.jnu.ac.kr/bbs/ce/2114/434846/artclView.do,"공대7호관 출입 절차 안내 우리대학은 코로나19의 확산 방지를 위해 10월 19일(월)부터 발열체크, 전자출입명부 작성에 필요한 시스템을 설치하고 운영합니다. 이와 관련하여 건물 출입 시 지켜야 할 표준 절차를 안내 드리니 학생 및 교직원께서는 숙지하시고 반드시 출입 절차를 지켜, 안전한 교육 환경 조성에 협조해 주시기 바랍니다.정 보 전 산 원 장   공대7호관 출입 절차   ▶ 시스템 설치 출입문 : 공대7호관 흡연부스쪽 출입문  1. 발열 체크  : 건물 출입 후 발열체크    ※ 발열 체크 후 37.5도 이상인 경우 건물 관",2020-10-19 10:54:15.0
컴퓨터정보통신공학과과,'20학년도 2학기 중간고사 기간 도시락 제공(10/19~30) 및 건강밥상(아침식사) 제공(10/19~12/21)안내,https://ce.jnu.ac.kr/bbs/ce/2114/434845/artclView.do,"'20학년도 2학기 중간고사 기간 도시락 제공 및 건강밥상(아침식사) 제공안내   우리 대학에서는 아침밥 먹기 운동을 통해 학교생활에 활력을 증진시키고, 건강한 인재를 양성하기 위하여 건강밥상(아침식사) 사업을 시행하고 있습니다. 이와 더불어 2학기 중간고사 기간 동안 무료로 도시락을 제공하오니 학생 여러분께서는 많이 이용해 주시기 바랍니다.   가. 도시락 제공    - 기간 : ‘20. 10. 19. (월) ~ 10. 30. (금)  ※ 토요일, 일요일 제외     - 장소 : 중앙도서관(백도),   후문    - 시간 : 08",2020-10-16 16:13:40.0
컴퓨터정보통신공학과과,전남대학교 건물 출입 절차 안내(10/19부터 시행),https://ce.jnu.ac.kr/bbs/ce/2114/434844/artclView.do,"전남대학교 건물 출입 절차 안내 우리대학은 코로나19의 확산 방지를 위해 10월 19일(월)부터 발열체크, 전자출입명부 작성에 필요한 시스템을 설치하고 운영합니다. 이와 관련하여 건물 출입 시 지켜야 할 표준 절차를 안내 드리니 학생 및 교직원께서는 숙지하시고 반드시 출입 절차를 지켜, 안전한 교육 환경 조성에 협조해 주시기 바랍니다.정 보 전 산 원 장  전남대학교 내 건물 출입 표준 절차  1. 발열 체크  : 건물 출입 후 발열체크    ※ 발열 체크 후 37.5도 이상인 경우 건물 관리자에게 문의하여 의료용으로 체온 재측정",2020-10-16 16:04:17.0
컴퓨터정보통신공학과과,[지역선도대학육성사업단] 2020 메이커 창업 경진대회 참가 신청 안내(10/15 ~20 15:00),https://ce.jnu.ac.kr/bbs/ce/2114/434843/artclView.do,"[지역선도대학육성사업단] 2020 메이커 창업 경진대회 참가 신청 안내  1.   일시 :   2020년   10월 23일(금),   13:00~18:00  2.   장소 :   나주 (광주전남   공동혁신도시 동신대 에너지클러스터 2층)  3.   참가분야   : 3D,   2차전지,   IOE, 해킹 4. 진행시간   : 13:00   ~ 15:00 (경진대회 REVIEW   (팀별 주제발표)) 5. 시상식   : 15:00~   16:00  6. 신청기간 : 2020년 10월 15(목) 11:00 ~ 20일(화) 15:00 7",2020-10-15 13:38:00.0
컴퓨터정보통신공학과과,Safe-Net 2020 재난안전통신망 서비스 아이디어 공모전 안내(10/12~11/10),https://ce.jnu.ac.kr/bbs/ce/2114/434842/artclView.do,Safe-Net 2020 재난안전통신망 서비스 아이디어 공모전○ 행사개요 ▸ 공모기간 : 2020년 10월 12일 (월) ~ 2020년 11월 10일 (화) 17시까지 ▸ 서류심사 : 2020년 11월 11일 (수) ~ 2020년 11월 13일 (금) / 결과발표 2020년 11월 16일 ▸ 발표평가 : 2020년 11월 18일 (수)  / 결과발표 2020년 11월 20일 (금) ▸ 사전교육 및 멘토링  : 2020년 11월 23일 (월) ~ 2020년 12월 11일 (금) ▸ 본선 및 시상 : 20년 12월 15일 (화)  ※,2020-10-14 17:47:49.0
컴퓨터정보통신공학과과,2021학년도 대학원 총장명예장학(CNU GS-PHF) 선발 안내(~11/18),https://ce.jnu.ac.kr/bbs/ce/2114/434841/artclView.do,"2021학년도 대학원 총장명예장학(CNU GS-PHF) 선발 안내  2021학년도 대학원 총장명예장학(CNU GS-PHF) 선발 계획을 다음과 같이 안내하오니 많은 신청바랍니다.   1. 지원자격    가. 선정기준 :본부 및 학과 선정기준에 모두 충족하는 2021학년도 전기 일반대학원 석·박사통합과정 진학예정자     ※ 2021학년도 전기 일반대학원 일반전형(1차) 지원자 또는 2021학년도 전기 외국인 및 재외국민 전형(1, 2차) 지원자과정본부 선정기준(기준1, 2 모두 충족 필요)학과 선정기준 석·박사통합[기준1] 동일 계",2020-10-14 14:58:48.0
컴퓨터정보통신공학과과,2020학년도 2학기 동행장학생 선발 계획 안내(10/26~11/5),https://ce.jnu.ac.kr/bbs/ce/2114/434840/artclView.do,"2020학년도 2학기 동행장학생 선발 계획 안내 2020학년도 2학기 동행장학생 선발을 다음과 같이 시행하오니 많은 학생들의 지원바라며, 지원서는 우리 대학교 포털사이트(장학)를 통하여 접수함을 알려드립니다.  ○ 선발 예정 인원 : 167명(학업장려유형 110명, 취업지원유형 57명)○ 장학 금액(1인당) : 1,800천원○ 지원서 접수 : 2020. 10. 26.(월) 09:00 ~ 11. 5.(목) 18:00 [2주간, 휴일포함]○ 지원(신청) 방법  우리 대학교 포털사이트(http://portal.jnu.ac.kr)에 로그인",2020-10-12 16:25:42.0
컴퓨터정보통신공학과과,[사회맞춤형 산학렵력선도대학(LINC+)육성사업단] 광주 KOTRA 디지털마케터 육성지원사업 교육생 모집 안내(~10/14),https://ce.jnu.ac.kr/bbs/ce/2114/434839/artclView.do,[사회맞춤형 산학렵력선도대학(LINC+)육성사업단]  광주 KOTRA 디지털마케터 육성지원사업 교육생 모집 안내  『사회맞춤형 산학협력 선도대학(LINC+)육성사업단』에서는 산∙학∙관 협력을 통하여 디지털 채널 기반 마케팅 전문가 양성을 위하여 붙임과 같이 「광주 KOTRA 디지털마케터 육성지원사업」을 운영하고자 하오니 많은 관심과 신청바랍니다.     1. 사업명 : 광주 KOTRA 디지털마케터 육성지원사업   2. 사업내용 : [붙임]광주 디지털마케터 육성지원사업 계획(안) 참고   - 광주전남 소재 수출 초보기업 10여개사 매,2020-10-12 16:18:09.0
컴퓨터정보통신공학과과,2020학년도 2학기 글쓰기 및 말하기 특강 안내,https://ce.jnu.ac.kr/bbs/ce/2114/434838/artclView.do,2020학년도 2학기 글쓰기 및 말하기 특강 안내 기초교육원 교양교육지원센터에서는 재학생 의사소통 능력 강화를 목적으로 2020학년도 2학기 표현과 소통 상담실 글쓰기 및 말하기 특강을 개최하려고 합니다.      1. 프로그램명 : 표현과 소통 상담실 글쓰기 및 말하기 특강2. 대상 : 전남대학교 재학생(대학생 및 대학원생)3. 신청기간 : 2020. 10. 7.(수) ~ 특강 개최 하루 전까지4. 신청방법 : 기초교육원 누리집(https://ile.jnu.ac.kr) 신청※포털 ID 로그인  학생지원  특강 및 워크숍  의사소통,2020-10-12 13:48:41.0
컴퓨터정보통신공학과과,2020학년도 하반기 도전장학(미래) 선발 안내(~10/27),https://ce.jnu.ac.kr/bbs/ce/2114/434837/artclView.do,"2020학년도 하반기 도전장학(미래) 선발 안내  「2020학년도 하반기 도전장학(미래) 선발 계획」을 다음과 같이 공고하오니 우리 대학교 일반대학원에 진학하려는 학생은 신청바랍니다.  1. 장학생 선발  가. 자격 : 2021년 2월 학사과정 졸업예정자로서 2021학년도 전기 우리 대학교 일반대학원에  진학하려는 자 (학.석사연계과정생도 지원 가능)   ※ 직전학기 성적 평균평점 2.5이상 (전남대학교 장학규정 제3조(장학생의 자격))    나. 장학금 : 인문사회계열 1,700천원, 자연예체능계열 2,300천원   ※ 단, 지원",2020-10-07 16:17:12.0
컴퓨터정보통신공학과과,2020학년도 동계 계절학기 온라인 해외파견 프로그램 신청 안내(9/29~10/11),https://ce.jnu.ac.kr/bbs/ce/2114/434836/artclView.do,2020학년도 동계 계절학기 온라인 해외파견 프로그램 신청 안내  2020학년도 동계 해외 단기 파견 프로그램을 다음과 같이 온라인으로 진행하고자 합니다. 동계 해외 온라인 프로그램 참가자를 다음과 같이 모집하오니 관심있는 학생들의 많은 신청바랍니다.       가. 대         상 : 전남대 재학생/휴학생 누구나 가능 (‘21. 2월 졸업 예정자는 신청불가)  나. 학점이수 : 프로그램 기간(2주 ~ 8주)에 따라 동계 계절학기 1학점 ~ 5학점 인정  다. 파견대학 : 4개국 10개교   라. 신청기간 : ‘20. 9. 2,2020-10-06 17:01:22.0
컴퓨터정보통신공학과과,원격수업 기간 2주('20. 10. 19. ~ 10. 31.) 추가 연장 안내,https://ce.jnu.ac.kr/bbs/ce/2114/434835/artclView.do,"원격수업 기간 2주('20. 10. 19. ~ 10. 31.) 추가 연장 안내  가. 원격수업(제한적 대면수업) 기간 2주 추가 연장    - (기존) '20. 9. 1.(화) ~ 10. 17.(토) → (연장) '20. 9. 1.(화) ~ 10. 31.(토)      · 정부 방역 단계 하향 시, 10. 31.(토) 이전에 혼합 또는 대면수업 전환 가능     · 코로나19 사태 추이에 따라 학사 운영 방안 변경 시 사전 공지 예정 나. 2학기 중간고사 실시 방안    - 시험 기간 : 강의실 확보를 위해 중간고사 기간 확대(1주",2020-10-06 16:53:14.0
컴퓨터정보통신공학과과,2020년도 2학기 광주광역시 대학(원)생 학자금대출 이자지원 신청 안내(10/5~11/16 18:00),https://ce.jnu.ac.kr/bbs/ce/2114/434834/artclView.do,"2020년도 2학기 광주광역시 대학(원)생 학자금대출 이자지원 신청 안내  광주광역시에서는 대학(원)생들이 교육비 부담 경감을 위하여 「2020년도 2학기 광주광역시 대학(원)생 학자금대출 이자 지원 사업」을 추진하오니, 해당 학생들의 많은 신청바랍니다.  가. 지원대상 : 공고일 기준 현재 광주에 주민등록이 되어 있는 대학(원)에 재학 또는 휴학생  나. 지원내용 : 2017. 1월 ~ 2020. 2학기 한국장학재단에서 받은 학자금 대출 이자  다. 지원방법 : 한국장학재단 대출이자 상환  라. 신청기간 : 2020. 10. 5.",2020-10-06 10:27:06.0
컴퓨터정보통신공학과과,[사회맞춤형 산학협력선도대학(LINC+)육성사업단] 드론스포츠 교육 및 전국대학 드론축구 경진대회 참가자 모집 안내(~10/8 17:00),https://ce.jnu.ac.kr/bbs/ce/2114/434833/artclView.do,[사회맞춤형 산학렵력선도대학(LINC+)육성사업단]  드론스포츠 교육 및 전국대학 드론축구 경진대회 참가자 모집 안내  『사회맞춤형 산학협력 선도대학(LINC+)육성사업단』에서는 4차산업혁명시대에 맞추어 드론을 이용한 학습 및 드론스포츠 응용을 통한 대학 교류 활성화를 위하여 「드론스포츠 교육 및 전국대학 드론축구 경진대회」을 운영하고자 하오니 많은 관심과 참여바랍니다.   1. 사업명 : 2020년도 드론스포츠 교육 및 전국대학 드론축구 경진대회  2. 사업기간 : 2020. 9. ~ 2020. 12. (4개월)  3. 참여대상,2020-10-06 09:51:00.0
컴퓨터정보통신공학과과,2020 글로벌 역량 강화 프로그램 '너나들이 글로벌 튜터링' 추가모집 안내(충원시 마감),https://ce.jnu.ac.kr/bbs/ce/2114/434832/artclView.do,"2020 글로벌 역량 강화 프로그램 '너나들이 글로벌 튜터링' 추가모집 안내  4차 산업혁명 시대의 도래와 함께 다양한 국제 문화에 대한 이해와 체험을 통해 학생들의 글로벌 의사소통능력 향상에 기여하고, 나아가 글로벌 리더로서의 폭 넓은 지식 활용과 안목을 다질수 있도록 『2020 글로벌 역량강화 프로그램 “너나들이 글로벌 튜터링”』추가모집을 실시하고자 합니다. 관심있는 학생들의 많은 신청바랍니다. - 다    음 -가. 명 칭 : 2020 글로벌 역량강화 프로그램 “너나들이 글로벌 튜터링”나. 모집형태 : 재학생(2~4인) 및 유",2020-10-05 18:05:23.0
컴퓨터정보통신공학과과,"2020 IoT·AI 교육프로그램(아두이노-드론 코딩) 단기과정 모집 안내(~10/14, 선착순마감)",https://ce.jnu.ac.kr/bbs/ce/2114/434831/artclView.do,2020 IoT·AI 교육프로그램(아두이노-드론 코딩) 단기과정 모집 안내  공학교육혁신센터에서는 사물인터넷에 대한 이해와 체험 등 다양한 교육프로그램을 통해 미래사회와 네트워크 기반의 공학세계 패러다임 및 새로운 기술에 대한 이해와 고찰을 통한 창업을 유도하고자 『2020 IoT·AI 교육 프로그램(아두이노-드론 코딩) 단기과정』을 실시하고자 합니다. 관심 있는 학생들의 많은 신청바랍니다. - 다    음 - 가. 명     칭 : 아두이노-드론 코딩 교육프로그램(단기과정)나. 교육일시 : 2020.10.29.(목) 09:30 ~,2020-10-05 09:36:14.0
컴퓨터정보통신공학과과,2020학년도 2학기 디딤돌 참여 모둠 신청 안내(9/28~10/16),https://ce.jnu.ac.kr/bbs/ce/2114/434830/artclView.do,2020학년도 2학기 디딤돌 참여 모둠 신청 안내기초교육원 교수학습지원센터에서는 학업중단 위기학생의 학습역량과 대학생활 적응력 향상을  목적으로 운영하고 있는 디딤돌 참여 모둠을 다음과 같이 모집합니다. 신청 기간· 2020. 9. 28.(월) ~ 10. 16.(금)까지신청 방법· 교수: 기초교육원 누리집(홈페이지)-프로그램 개설 현황에서 디딤돌 선택(또는 학생지원 선택) → 신청서 작성 및 활동계획서 첨부(붙임문서2 참고)   ※ 학생에게는 프로그램 참여를 비공개로 해서 기초교육원 누리집(홈페이지)에 참여 신청을 하지 않음· 신청,2020-09-28 09:23:00.0
컴퓨터정보통신공학과과,[지역선도대학육성사업단] 2020년 2학기 지능형ICT 취업역량강화 소모임 지원 신청 안내(9/22~10/5),https://ce.jnu.ac.kr/bbs/ce/2114/434829/artclView.do,"[지역선도대학육성사업단]   지능형ICT 취업역량강화 소모임 지원 신청 안내  ▶ 제출 기한 : ~ 10월 5일(월)▶ 제출 장소 : 학과실(공7-229)▶ 제출 서류 : 소모임 신청 서식(프로그램 계획서, 소모임 신청서, 운영계획서, 소요예산)    ※ 작성 유의사항 : 소모임 지원 프로그램은 외국어 시험, 전공 관련 자격증 취득, 한국사능력시험 점수 취득을 위한 것이므로 운영계획서 내 참여 동기, 참여 목표, 학습 내용(어떠한 목표로 무슨 시험을 어떻게 준비하고, 언제 응시할지 등에 대한 내용)을 명확해야 작성해야 함  1. 목",2020-09-23 16:58:20.0
컴퓨터정보통신공학과과,전남대학교 리걸클리닉 법률지원단 2020학년도 2학기 운영 일정 안내,https://ce.jnu.ac.kr/bbs/ce/2114/434828/artclView.do,"전남대학교 리걸클리닉 법률지원단 2020학년도 2학기 운영 일정 안내  우리 대학 구성원의 복지향상을 위해 무료로 운영중인 「전남대학교 리걸클리닉 법률지원단」의 2020학년도 2학기(2020년 9월~12월) 운영 일정을 다음과 같이 안내하오니, 법률자문이 필요한 구성원의 이용바랍니다.가. 장소 : 대학본부 2층 법률지원단실나. 지원대상 : 우리 대학 교직원 및 그 가족, 학생다. 운영일정장소 및 시간일자자문교수대학본부 2층 법률지원단실(13:30~15:00)09. 09.(수)법학전문대학원 리걸클리닉법률지원단 교수09. 16.(수)0",2020-09-23 14:22:18.0
컴퓨터정보통신공학과과,전남대학교 평생교육원 인공지능매치업 프로그램 신청 안내(9/22~27),https://ce.jnu.ac.kr/bbs/ce/2114/434827/artclView.do,전남대학교 평생교육원 인공지능매치업 프로그램 신청 안내  ▶ 전남대학교 평생교육원 Match業 홈페이지 : http://sleonline.jnu.ac.kr/,2020-09-23 09:30:49.0
컴퓨터정보통신공학과과,북구국민체육센터 및 교내 스포츠시설물 이용제한 안내(~9/27),https://ce.jnu.ac.kr/bbs/ce/2114/434826/artclView.do,"북구국민체육센터 및 교내 스포츠시설물 이용제한 안내  광주광역시 ‘사회적 거리두기 준2단계’ 행정조치가 연장됨에 따라 북구국민체육센터 및 교내 모든 스포츠시설물의 이용제한 일정이 연장됨을 알려드립니다.      □ 교내 스포츠시설물 이용제한 일정 □구분이용제한 일정비고북구국민체육센터 프로그램(헬스, 필라테스, 요가, 발레스트레칭, 순환운동, 스피닝사이클,  재즈댄스, 줌바댄스, 체력측정, 스포츠클리닉, 배드민턴)~ 09.27.(일)이용제한 일정은코로나19 확산 추이에 따라 변경될 수 있습니다. 교내 스포츠시설물(체육관, 종합운동장,",2020-09-23 09:23:23.0
컴퓨터정보통신공학과과,2020 글로벌 역량 강화 프로그램 '너나들이 글로벌 튜터링' 안내(~9/29),https://ce.jnu.ac.kr/bbs/ce/2114/434825/artclView.do,"2020 글로벌 역량 강화 프로그램 '너나들이 글로벌 튜터링' 안내  4차 산업혁명 시대의 도래와 함께 다양한 국제 문화에 대한 이해와 체험을 통해 학생들의 글로벌 의사소통능력 향상에 기여하고, 나아가 글로벌 리더로서의 폭 넓은 지식 활용과 안목을 다질수 있도록 『2020 글로벌 역량강화 프로그램 “너나들이 글로벌 튜터링”』을 실시하고자 합니다. ○ 명칭 : 2020 글로벌 역량강화 프로그램 “너나들이 글로벌 튜터링”○ 모집형태 : 재학생(2~4인) 및 유학생(원어민)으로 구성된 팀○ 모집팀수 : 10팀 내외 (선착순 마감)○ 팀구",2020-09-22 15:58:14.0
컴퓨터정보통신공학과과,광주광역시 대학생 교육재난지원금 신청 안내(9/22~25 18:00),https://ce.jnu.ac.kr/bbs/ce/2114/434824/artclView.do,"광주광역시 대학생 교육재난지원금 신청 안내  ▶ 광주광역시청 대학생 교육재난지원금 온라인 지원 신청 링크 주소  : https://m.gwangju.go.kr/c19/em/pgYouthNotice.do  1. 신청자격   : 2020. 9. 15. 현재 광주광역시 소재 대학교에 재학중이어야 하며 본인이나 부 또는 모의 주소가 광주광역시에 등록되어 있어야 함(제외 : 외국인 유학생, 휴학생, 학사학위취득유예생, 한국폴리텍대학 광주캠퍼스(1년제), 대학원생, 방송통신대학, 원격대학 제외) ※ 본인만 인터넷 접수가능(본인 휴대폰 명의 인",2020-09-22 10:53:59.0
컴퓨터정보통신공학과과,2020학년도 제2학기 최종 등록기간 안내(10/7~8),https://ce.jnu.ac.kr/bbs/ce/2114/434823/artclView.do,"2020학년도 제2학기 최종 등록기간 안내 2020학년도 제2학기 추가 등록기간(2020. 9. 15.(화) ~ 9. 17.(목)) 내에 등록금을 납부하지 못한 학생과 학자금 대출을 신청한 학생을 위하여 아래와 같이 등록기간을 설정, 시행하오니 기간내에 등록금을 납부하시기 바랍니다.       1. 등록기간 : 2020. 10. 7.(수) ~ 10. 8.(목) 16:00 [2일간] ※2020. 2학기 수업연한 초과자도 위 기간 내에 등록금 납부 2. 납입금 납부장소 : 광주은행 및 농협전국 본·지점(지역농협 포함) 3. 휴학 신청:",2020-09-21 15:56:08.0
컴퓨터정보통신공학과과,[지역선도대학육성사업단] 지능형ICT 종합설계지원 신청 안내(9/21~25),https://ce.jnu.ac.kr/bbs/ce/2114/434822/artclView.do,"[지역선도대학육성사업단]  지능형ICT 종합설계지원 신청 안내   1. 개요  □ 지역선도대학육성사업에 참여하는 특화트랙(ICT) 참여 학과의 캡스톤디자인 교과목 활성화 및 학생들의 문제해결 능력 향상을 통한 4차 산업혁명 시대에 부합하는 창의형 인재 양성  □ 학생이 실제 현장에서 부딪히는 문제를 해결하기 위해 대학에서 배운 이론과 설계능력을 바탕으로 하나의 시스템을 기획, 설계, 제작할 수 있는 창의력과 종합적 설계 능력을 갖춘 실무 중심의 인재 양성  □ 산업현장의 수요에 적합한 창의적 인재양성을 위하여 재학생들이 주체가 되어",2020-09-21 15:15:50.0
컴퓨터정보통신공학과과,2020학년도 제2학기 수강취소 안내(9/24~25 17:00),https://ce.jnu.ac.kr/bbs/ce/2114/434821/artclView.do,2020학년도 제2학기 수강취소 안내  2020학년도 제2학기 수강취소에 관한 사항을 다음과 같이 안내하오니 희망하는 학생들은 지정된 기간 내에 수강취소 바랍니다.❍ 신청기간 : 2020. 9. 24.(목) 09:00 ~ 9. 25.(금) 17:00 ❍ 취소절차 : 학생이 인터넷으로 포털에서 직접 수강취소 신청→교과목 개설학과에서 취소 승인 ❍ 취소방법 : 전남대학교 포털사이트(http://portal.jnu.ac.kr)에 접속한 후 “교육지원 → 내학사행정 → 수업 → 수강신청 → 수강취소 신청” 선택 ❍ 수강취소 과목범위  -,2020-09-16 10:05:45.0
컴퓨터정보통신공학과과,2021학년도 1학기 국제인턴 모집 안내(9/14~25 18:00),https://ce.jnu.ac.kr/bbs/ce/2114/434820/artclView.do,"2021학년도 1학기 국제인턴 모집 안내  대학본부에서 2021학년도 1학기 국제인턴을 아래와 같이 선발하오니, 관심 있는 학생들의 많은 신청바랍니다.  가. 파견기관 : 2개국(미국, 태국) 6개 기관  나. 파견기간 : 2021년 1월 ~ 2021년 8월 중  다. 선발인원 : 총 15명  라. 모집기간 : 2020. 9. 14.(월) ~ 9. 25.(금), 오후 6시  바. 지원방법 : 국제협력과 홈페이지 온라인 지원 (포털로그인 → http://international.jnu.ac.kr → Outbound Programs →",2020-09-15 17:17:50.0
컴퓨터정보통신공학과과,2020년 G밸리 우수기업 온택트 채용박람회(9/7~25),https://ce.jnu.ac.kr/bbs/ce/2114/434819/artclView.do,"2020년 G밸리 우수기업 온택트 채용박람회  행 사 명 2020년 G밸리 우수기업 온택트 채용박람회일    시 2020. 9. 7.(월) ~ 9.25.(금)주    최 한국산업단지공단 서울지역본부, 중소벤처기업진흥공단 서울지역본부주    관 구로구, 금천구, 서울관악고용복지+센터, (사)벤처기업협회 참여기업 G밸리 내 우수기업 50개사       □ 주요내용  ㅇ G밸리 우수기업 50개사 참여(www.ontactjobfair.com 채용공고 게시)  ㅇ NCS 취업준비도 검사  ㅇ 취업 전문 컨설턴트의 자기소개서 컨설팅",2020-09-15 15:12:44.0
컴퓨터정보통신공학과과,[지역선도대학육성사업단]ICT트랙 1:1 입사지원 멘토링 프로그램 신청 안내(선착순 마감 예정),https://ce.jnu.ac.kr/bbs/ce/2114/434818/artclView.do,"[지역선도대학육성사업단] ICT트랙 1:1 입사지원 멘토링 프로그램 신청 안내  ▶ 제출 기한 : 9월 15일(화) ~ 선착순 마감▶ 제출 장소 : 학과실(공7-229) 방문 또는 이메일(eb8916@jnu.ac.kr) 제출▶ 제출 서류 : 1:1 입사지원 멘토링 신청서  1. 목적   □ 개인이 희망하는 분야/직무/기업 맞춤으로 1:1집중 취업 교육 및 상담을 통하여 취업역량을 강화시키고, 맞춤 채용정보를 실시간으로 제공하여 취업률 제고에 기여하고자 함.  □ 운영기간 : 2020년 9월 ~ 2020년 11월 2. 신청 및 운영",2020-09-15 13:53:02.0
컴퓨터정보통신공학과과,2020학년도 온라인 학습코칭 안내,https://ce.jnu.ac.kr/bbs/ce/2114/434817/artclView.do,"2020학년도 온라인 학습코칭 안내기초교육원 교수학습지원센터에서는 대학생의 자기주도 학습역량 향상을 위해 온라인 학습코칭을 다음과 같이 운영하고 있습니다.1. 운영 기간 : 2020. 4. 6.(월) ~ 2021. 1. 29.(금)2. 신청 대상 : 전남대학교 대학생3. 신청 방법 : 기초교육원 누리집(https://ile.jnu.ac.kr)-학생지원-학습코칭4. 운영 내용 : MLST-Ⅱ 학습전략검사, 검사 결과 해석 동영상, 대학생을 위한 자기주도 학습전략 동영상(13개) ※ e-class 자율강좌(학습전략 동영상)통해 동영상",2020-09-14 11:51:16.0
컴퓨터정보통신공학과과,2020년도 예비군훈련 지침(소집훈련 미실시) 안내,https://ce.jnu.ac.kr/bbs/ce/2114/434816/artclView.do,"2020년도 예비군훈련 지침(소집훈련 미실시) 안내  코로나19 확산 예방을 위해 2020년 예비군훈련(소집훈련)이 미실시됨을 다음과 같이 알려드립니다.  가. 2020년 예비군훈련 대상자(이월훈련 제외)는 전원 이수 처리    1) 대학직장예비군에 편성된 예비군(교수, 조교, 학생)은 기본훈련(8H) 이수 처리(별도 신청 절차 없음)    2) 2020년으로 이월된 훈련은 2021년으로 재연도 이월  나. 원격교육은 10월까지 시스템 구축 후 11~12월에 희망 예비군에 한하여 실시    1) 원격교육 수료 예비군은 2021년도",2020-09-11 17:22:02.0
컴퓨터정보통신공학과과,북구국민체육센터 및 교내 스포츠시설물 이용제한 안내(8/23~9/20),https://ce.jnu.ac.kr/bbs/ce/2114/434815/artclView.do,"북구국민체육센터 및 교내 스포츠시설물 이용제한 안내  광주광역시 ‘사회적 거리두기 준2단계’ 행정조치가 연장됨에 따라 북구국민체육센터 및 교내 모든 스포츠시설물의 이용제한 일정이 연장됨을 알려드립니다.     □ 교내 스포츠시설물 이용제한 일정 □구분이용제한 일정비고북구국민체육센터 프로그램(필라테스, 요가, 발레스트레칭, 순환운동, 스피닝사이클,  재즈댄스, 줌바댄스, 체력측정, 스포츠클리닉(9종목)08.23.(일)~09.20.(일)이용제한 일정은코로나19 확산 추이에 따라 변경될 수 있습니다. 교내 스포츠시설물(체육관, 종합운동장",2020-09-11 13:34:02.0
컴퓨터정보통신공학과과,2020학년도 2학기 이뭣고-교학장상 공모 안내(신청: 9/15~24),https://ce.jnu.ac.kr/bbs/ce/2114/434814/artclView.do,"2020학년도 2학기 이뭣고-교학장상 공모 안내 기초교육원 교수학습지원센터에서는 2020학년도 2학기 신입생-교수 세미나: 이뭣고-교학상장 참여 모둠을 공모하오니 관심 있는 학생은 신청하기 바랍니다.   가. 대상   - 지도교수 : 전임교원   - 참여 학생 : 신입생(1학년 복학생, 편입생, 전과생, 외국인 학생 포함)   - 도우미 : 2학년 이상 학과(부) 대학생   나. 모둠 구성(1모둠 기준) : 교수 1명, 신입생 4~5명, 도우미 1명   다. 모임 주제 : 신입생의 자기이해, 대학생활, 전공 및 진로에 관해 이해를",2020-09-11 09:47:10.0
컴퓨터정보통신공학과과,2020학년도 제2학기 추가 등록기간 안내(9/15~17),https://ce.jnu.ac.kr/bbs/ce/2114/434813/artclView.do,"2020학년도 제2학기 추가 등록기간 안내2020학년도 제2학기 등록기간(2020. 8. 24.(월) ~ 8. 27.(목)) 내에 등록금을 납부하지 못한 학생과 학자금 대출을 신청한 학생을 위하여 아래와 같이 추가 등록기간을 설정, 시행하오니 기간내에 등록금을 납부하시기 바랍니다.       1. 추가 등록기간 : 2020. 9. 15.(화) ~ 9. 17.(목) 16:00 [3일간] ※ 2020. 2학기 수업연한 초과자도 위 기간 내에 등록금 납부2. 납입금 납부장소 : 광주은행 및 농협전국 본·지점(지역농협 포함)3. 휴‧복학",2020-09-10 14:31:11.0
컴퓨터정보통신공학과과,"2020학년도 2학기 예비 해외파견 교육(토플, 토익) 안내(접수: ~9/16)",https://ce.jnu.ac.kr/bbs/ce/2114/434812/artclView.do,"2020학년도 2학기 예비 해외파견 교육 안내 대학본부에서 해외 파견은 가고 싶지만 공인 외국어성적이 없는 학생들에게 체계적인 외국어 교육 및 글로벌 소양 교육을 실시하는 「2020학년도 2학기 예비 해외파견 교육 프로그램」 참여자를 아래와 같이 모집하오니 관심있는 학생들의 참여바랍니다. ○신청기간 : 2020. 9. 4.(금) ~ 2020. 9. 16.(수), 오후 6시  ○신청자격 : 현재 3학년 1학기(5학기)내 재학 중이며 평균 평점 3.0이상 ○내용 : 해외 파견 프로그램에 참가하고 싶으나 공인 영어 성적이 없거나 준비 방",2020-09-10 14:18:38.0
컴퓨터정보통신공학과과,2020 연구데이터·AI 분석활용 경진대회 안내(접수: 9/22~29),https://ce.jnu.ac.kr/bbs/ce/2114/434811/artclView.do,"2020 연구데이터·AI 분석활용 경진대회 안내가. 대회명 : 2020 연구데이터·AI 분석활용 경진대회나. 대회주제 : 연구데이터로 만드는 새로운 연구패러다임!   - DataON(국가연구데이터 플랫폼, https://dataon.kisti.re.kr)  다. 주최/주관 : 과학기술정보통신부 / 한국과학기술정보연구원 라. 참가자격 : 연구데이터 공유활용 및 인공지능 분석 등에 관심 있는 국민 누구나  - 팀으로 참가 가능하며, 팀원은 최대 4명으로 구성할 수 있음 마. 주요일정  - 공    고 : ‘20.9.8.(화) ~ 9.2",2020-09-10 10:53:01.0
컴퓨터정보통신공학과과,[사회맞춤형 산학렵력선도대학(LINC+)육성사업단] 2020년 2학기 캡스톤디자인 교과목 지원 안내(~9/25),https://ce.jnu.ac.kr/bbs/ce/2114/434810/artclView.do,"[사회맞춤형 산학렵력선도대학(LINC+)육성사업단]  2020년 2학기 캡스톤디자인 교과목 지원 안내『사회맞춤형 산학협력선도대학(LINC+)육성사업단』에서는 4차 산업혁명 시대에 맞는 산업체 현장수요형 창의적 인재양성을 목적으로 2학기 캡스톤디자인 교과목에 대하여 아래와 같이 지원하고자 하오니 신청바랍니다.     1. 지원대상 : LINC+사업 참여학과(부) 3, 4학년 학생 중 캡스톤디자인 교과목 수강생2. 지원내용 유형지원내용지원 금액전공기반형재료비, 회의비학생 1인 기준 10만원기업연계형 재료비, 회의비, 멘토링비학생 1인",2020-09-09 14:15:31.0
컴퓨터정보통신공학과과,2020학년도 2학기 교과구분 정정 신청 안내(9/15~18),https://ce.jnu.ac.kr/bbs/ce/2114/434809/artclView.do,"2020학년도 2학기 교과구분 정정 신청 안내  1. 신청 대상  : 휴·복학에 따른 교과과정 적용년도 변경, 부·복수전공 선발, 모집단위간이동(전과)로 인한 교과구분 상이 학생 2. 신청 유의사항  1) 휴·복학 및 전과에 따른 교과과정 적용년도 변경자의 경우 적용받는 교과과정에   따라 필수 과목이 달라질 수 있으므로 교과과정 적용년도 반드시 확인  2) 편입생 전적 대학 학점인정 내역은 교과구분정정 신청 대상 아님  3) 교과구분 정정 불승인 학생의 경우, 다음 수강신청시 동일 과목 수강 또는 대체지정 신청   4) 부·복수전",2020-09-09 10:02:12.0
컴퓨터정보통신공학과과,2020년도 전남대 국제교류 UCC 공모전 안내(접수: 8/31~9/11 18:00),https://ce.jnu.ac.kr/bbs/ce/2114/434808/artclView.do,"2020년도 전남대 국제교류 UCC 공모전 안내  대학본부에서 2020학년도 전남대 국제교류 UCC 공모전을 다음과 같이 진행하오니 많은 참여바랍니다.  가. 지원자격 : 전남대 재학생(대학원생, 외국인 유학생, 교환학생 포함)  나. 공모전 주제    - 한국인 재학생 : 전남대학교에서 내가 경험한 국제 교류    - 외국인 유학생 : 내가 경험한 전남대학교    * 팀 단위로 참가 경우, 과반수 이상 한국인 구성 시, 1번 주제로만 참가 가능  다. 접수기간 : 2020. 8. 31.(월) ~ 2020. 9. 11.(금) 오후",2020-09-02 15:59:56.0
컴퓨터정보통신공학과과,2020학년도 신입생 학생증 배부 안내(개별 방문 수령),https://ce.jnu.ac.kr/bbs/ce/2114/434807/artclView.do,2020학년도 신입생 학생증 배부 안내(개별 방문 수령)  신입생 학생증을 2차 배부일정에 따라 배부하고자 하였으나 코로나19 확산에 따른 사회적거리두기가 3단계에 준하는 행정명령이 발령됨에 따라 교내 광주은행(제1학생회관)에서 개인적으로 배부하고자 합니다. 학생증을 찾고자 하는 학생은 신분증을 지참하여 광주은행에서 방문 수령바랍니다. - 배부 장소 : 교내 광주은행(제1학생회관)- 유의 사항 : 신분증 지참,2020-09-02 15:16:06.0
컴퓨터정보통신공학과과,2020 기초창의설계 경진대회(2학기) 신청 안내(10/12~11/19 17:00),https://ce.jnu.ac.kr/bbs/ce/2114/434806/artclView.do,"2020 기초창의설계 경진대회(2학기) 신청 안내공학교육혁신센터에서는 공과대학 및 공학대학 학생들을 대상으로 창의적 설계 교육을 통하여 학습동기를 부여하고, 팀워크 활동의 중요성을 인식시킴과 발표회를 통한 자신감 및 성취감 고취를 목적으로 『2020 기초창의설계 경진대회(2학기)』를 다음과 같이 진행하고자 합니다.  - 다   음 -   1. 명칭 : 2020 기초창의설계 경진대회(2학기)2. 일시 : 2020.12.04.(금) 14:003. 장소 : 공과대학 4호관 코스모스홀4. 신청기간 : 2020.10.12.(월) 09:00",2020-09-02 13:22:34.0
컴퓨터정보통신공학과과,제 1회 숨은 인재 발굴 대회 개최 안내(~9/11),https://ce.jnu.ac.kr/bbs/ce/2114/434805/artclView.do,,2020-09-01 17:32:23.0
컴퓨터정보통신공학과과,2020학년도 2학기 학습꿈터 참여 모둠 공모(8/31~9/11),https://ce.jnu.ac.kr/bbs/ce/2114/434804/artclView.do,"2020학년도 2학기 학습꿈터 참여 모둠 공모  기초교육원 교수학습지원센터에서는 학업 수행에 어려움을 겪는 대학생의 기초 학습역량 향상을 목적으로 운영하고 있는 학습꿈터 참여 모둠을 다음과 같이 모집합니다.  참고로 모둠 형성 지원을 하고 있으며, 이끄미 및 따르미 추천을 원하는 학생은 추천 게시판에 신청하면 됩니다. 대학원생 및 대학생의 많은 참여 바랍니다.  신청 기간· 2020년 8월 31일(월)~9월 11일(금)까지모둠 형성 지원· 이끄미 및 따르미 추천을 받고 싶은 경우 이끄미 및 따르미 추천 게시판에 신청 · 학과(부)",2020-08-28 17:11:25.0
컴퓨터정보통신공학과과,2020 사이버작전경연대회 개최 안내(접수: 8/21~9/11),https://ce.jnu.ac.kr/bbs/ce/2114/434803/artclView.do,"2020 사이버작전경연대회 개최 안내  「2020 사이버작전경연대회」를 아래와 같이 개최하오니 많은 관심과 참여 바랍니다.  ○ 목 적 : 사이버전 중요성 인식 확산 및우수인력 조기발굴을 위해 사이버작전경연대회 개최 ○ 주최 / 주관 : 국방부 / 사이버작전사령부 ○ 일시 / 장소 1. 예  선 : '20.09.12.(토) / 온라인 2. 본  선 : '20.10.17.(토) / 온라인 3. 시상식 : '20. 11월    ※ 추후 공지  ○ 접   수 1. 대 상 : 대한민국 국민 누구나, 팀 단위(최대 4명)          2",2020-08-28 09:57:17.0
컴퓨터정보통신공학과과,코로나19 검사자 등록 및 광주광역시 행정명령 안내,https://ce.jnu.ac.kr/bbs/ce/2114/434802/artclView.do,"코로나19 검사자 등록 및 광주광역시 행정명령 안내  최근 광주광역시에 코로나19 확진자 및 접촉자가 증가하고, 우리 대학 구성원도 검체 검사를 받는 사례가 증가하고 있습니다. 코로나19 확산 방지를위하여, 코로나19 검체 검사를 실시한 교직원과 학생은전남대학교 포털-코로나19 검사자 등록을 반드시 등록하기 바랍니다. ※ 전남대학교 포털(http://portal.jnu.ac.kr) - 코로나19 검사자 등록 방법 ① 포털 로그인 후 팝업창 클릭  ② 코로나19 검사자 등록 내용 작성 후 제출하기  아울러, 광주광역시의 마스크 착용",2020-08-26 10:13:00.0
컴퓨터정보통신공학과과,2020 매치업 (Match業) AI 프로그램 3차 교육생 모집 안내(9/1~20),https://ce.jnu.ac.kr/bbs/ce/2114/434801/artclView.do,"2020 매치업 (Match業) AI 프로그램 3차 교육생 모집 안내   전남대학교 LINC+ 사업단에서는 4차 산업혁명 인공지능 AI 분야 관련 교육을 아래와 진행하고자 하오니 많은 신청 부탁드립니다. (*LINC+사업단 지원금 신청시, 반드시 지원금 신청서를 첨부하여 주시길 바랍니다.)  ▶ 교육내용 : 입문(AI기초수학 및 AI기초프로그래밍 등), 공통(기계학습입문 등), 심화/응용(자연어처리/영상처리/음성인식 및 실습 등)을 단계적으로 교육을 진행함(온라인교육)  ※ [첨부] 2020 매치업 AI프로그램 운영 계획(안)_3차",2020-08-26 09:32:46.0
컴퓨터정보통신공학과과,사회적거리두기 2단계 전환에 따른 스포츠센터 및 운동장 임시 휴관 안내(8/23~9/6),https://ce.jnu.ac.kr/bbs/ce/2114/434800/artclView.do,"사회적거리두기 2단계 전환에 따른 스포츠센터 및 운동장 임시 휴관 안내  광주광역시 사회적거리두기 2단계로 전환됨에 따라 체육관 및 북구국민센터 및 운동장을 아래와 같이 임시 휴관을 연장하오니 이용에 착오 없으시기 바랍니다. 구분임시 휴관 기간비고체육관,배드민턴(위탁)2020. 8. 23.(일) ~ 9. 6.(일)  헬스필라테스요가발레스트레칭순환운동스피닝사이클재즈댄스줌바댄스체력측정스포츠클리닉(9종목)대운동장, 풋살경기장, 테니스장(대운동장)공대 테니스장, 농생대 테니스장   ※ 상기 일정은 코로나19 확산 추이에 따라 조정될 수 있",2020-08-26 09:30:39.0
컴퓨터정보통신공학과과,2019학년도 후기(2020년 8월) 학위수여식 취소 및 학위기 배부 안내,https://ce.jnu.ac.kr/bbs/ce/2114/434799/artclView.do,"2019학년도 후기(2020년 8월) 학위수여식 취소 및 학위기 배부 안내  최근 코로나19의 지역감염이 확산됨에 따라 교육부에서 졸업식, 축제 등 다수가 참여하는 행사 자체 및 대학 내 외부인 출입 관리를 철저히 해 줄 것을 요청하여 2019학년도 후기(2020년 8월) 학위수여식을 취소합니다.아울러, 학위수여식 취소에 따른 후속조치 추진사항 중 주요내용을 아래와 같이 알려드리니 참고하시기 바랍니다.   ▶ 졸업증서(학위기) 배부    1) 기간 : 상시(주중 10:00 ~ 17:00)      ※ 점심시간 12:00 ~ 13:0",2020-08-26 09:23:27.0
컴퓨터정보통신공학과과,2020학년도 2학기 국가장학금 2차 신청 안내(8/20~9/15 18:00),https://ce.jnu.ac.kr/bbs/ce/2114/434798/artclView.do,"2020학년도 2학기 국가장학금 2차 신청 안내   「2020학년도 2학기 국가장학금」 2차 신청 기간을 다음과 같이 안내드립니다.   가. 신청대상 : 재학생*, 신입생, 편입생, 재입학생, 복학생 및 1차 미신청자        * 재학생은 국가장학금 1차 신청이 원칙이나, 2차 신청 후 구제신청서 제출(공인인증서 서명) 시 재학 중 2회에 한하여 재심사 후 지원 가능 (구제신청서 제출 기간은 한국장학재단에서 별도 안내)    나. 신청기간 : ′20. 8. 20.(목) 09:00 ~ 9. 15.(화) 18:00     - 서류제",2020-08-21 09:23:00.0
컴퓨터정보통신공학과과,2021학년도 1학기 해외파견 교환학생 선발 안내(8/16~9/4 16:00),https://ce.jnu.ac.kr/bbs/ce/2114/434797/artclView.do,"2021학년도 1학기 해외파견 교환학생 선발 안내  대학본부에서 2021학년도 1학기 해외파견 교환학생을 다음과 같이 선발하오니 관심 있는 학생들의 많은 신청바랍니다.  가. 파견대학 및 선발 예정인원 : 37개국 116개교 195명      (이 중 16개국 34개 자매대학에서 대학원생 교환학생도 초청을 허가함에 따라, 대학원생도 지원 가능함.)  나. 파견기간 : 2021년 1월 ~ 2021년 9월 중 (한 학기 또는 1년 파견)  다. 주요 추진일정    1) 모집공고 및 신청서 접수 : ‘20. 8. 16.(월) ~ 9. 4",2020-08-20 10:00:21.0
컴퓨터정보통신공학과과,2020학년도 2학기 2차 기초학력 프로젝트(수학·물리·화학·생물) 신청 안내(8/18~23),https://ce.jnu.ac.kr/bbs/ce/2114/434796/artclView.do,"2020학년도 2학기 2차 기초학력 프로젝트(수학·물리·화학·생물) 신청 안내  기초교육원 교수학습지원센터에서는 이번 학기부터 대학생의 기초 학습역량 향상을 위한 2020학년도 기초학력 프로젝트에 참여할 학생을 모집합니다. 여러분의 많은 관심과 참여 부탁드립니다. 운영기간· ‘20년 8월 말 ~ 12월자격· 본교 대학생※ 모집 인원 초과 시, 우선순위에 따라 선발함※ 우선순위  - 1순위 : 기초과학 교과목(수학, 물리, 화학, 생물)을 수강중인 학생  - 2순위 : 평균평점  - 3순위 : 선착순* 학사경고자 최우선선발, 재학생",2020-08-20 09:59:37.0
컴퓨터정보통신공학과과,[반도체설계교육센터] 딥러닝 기초 및 설계 강좌 안내(8/26~28),https://ce.jnu.ac.kr/bbs/ce/2114/434795/artclView.do,"[반도체설계교육센터] 딥러닝 기초 및 설계 강좌 안내 ○ 강의 개요최근 딥러닝 기술의 비약적인 발전으로 인해 인공지능 분야 등, 산업 전반에 큰 영향을 미치고 있다. 따라서 딥러닝 기술에 대한 기술적인 이해와 실제로 이를 응용하여 사용하고자 하는 요구가 커지고 있는 상황이다. 본 교육에서는 딥러닝에 대한 기본 이론을 소개하고,  NN, CNN, RNN과 같은 supervised 기법과 RBM, VAE, GAN의 unsupervised 기법 등의 다양한 딥러닝 기술들에 대해 소개한다. 그리고 Google에서 발표한 딥러닝 툴박스인 T",2020-08-20 09:53:12.0
컴퓨터정보통신공학과과,브랜드 코딩대회 「코드네임.B」안내(~8/26),https://ce.jnu.ac.kr/bbs/ce/2114/434794/artclView.do,,2020-08-12 15:47:14.0
컴퓨터정보통신공학과과,2020 국어 정보 처리 시스템 경진대회(~9/11),https://ce.jnu.ac.kr/bbs/ce/2114/434793/artclView.do,,2020-08-12 15:40:17.0
컴퓨터정보통신공학과과,학점연계형「 제7기 빛가람 ICT 오픈캠퍼스」 과정 수강생 모집 안내(~8/20),https://ce.jnu.ac.kr/bbs/ce/2114/434792/artclView.do,"「 제7기 빛가람 ICT 오픈캠퍼스」 과정 수강생 모집 안내  ○ 교육명 : 학점연계형 「제7기 빛가람 ICT 오픈캠퍼스」 ○ 교육 기간 : 2020. 9. 1.(화) ~ 12. 15.(화) (매주 화요일 18:00 ~ 21:00 / 총 16주)  ※ 코로나19 확산 방지를 위해 ZOOM을 활용한 온라인 실시간 화상수업 운영을 기본으로 하되, 학교 운영 방안에 따라 집체교육을 할 수도 있음. ○ 교육 대상 : 광주·전남지역대학 3, 4학년(컴퓨터 및 ICT관련 학과생) 60명 ○ 교육 장소 : 재택수업(집체 교육시 : 조선대학교 입",2020-08-12 11:53:30.0
컴퓨터정보통신공학과과,2020학년도 2학기 전공 교과목 담당교수 변경 예정 교과목 안내,https://ce.jnu.ac.kr/bbs/ce/2114/434791/artclView.do,2020학년도 2학기 전공 교과목 담당교수 변경 예정 교과목 안내  학년교과구분교과목코드교과목명분반시간표학점담당교수변경전변경후3전필ECE3088임베디드소프트웨어1월3월4수3수43김철홍박재형전필ECE3088임베디드소프트웨어2월7월8수7수83김철홍유선용전필ECE3087컴퓨터공학종합프로젝트1(캡스톤디자인)2월9월10월11월123김철홍박호성전필ECE3087컴퓨터공학종합프로젝트1(캡스톤디자인)3수9수10수11수123김진술신임교수1전필ENG1003공학수학14화6목63김진술신임교수전선ECE9047기초프로그래밍및실습3월1월2수1수23김진술신임교수,2020-08-10 15:17:59.0
컴퓨터정보통신공학과과,2020학년도 2학기 등록금재원 교내 장학금 관련 마일리지 점수 확인 안내(8/10~11 12:00),https://ce.jnu.ac.kr/bbs/ce/2114/434790/artclView.do,"2020학년도 2학기 등록금재원 교내 장학금 관련 마일리지 점수 확인 안내  1. 확인 기간 : 8월 10일(월) 12:00 ~ 11(화) 12:00 2. 확인 방법 : 학과학생마일리지사이트(http://ecescholarship.kr) ▶ 로그인(ID: 학번, 초기PW: 학번) ▶ 본인 마일리지 점수 확인 3. 로그인 및 마일리지 점수 관련 문의 : 062)530-1751  ※ 전남대학교 자기계발활동기록부 점수 기준일 : 2020. 8. 7. ※ 등록금재원 교내 장학금은 컴퓨터정보통신공학과의 학과학생마일리지제도에 의해 기본 충족",2020-08-10 11:20:11.0
컴퓨터정보통신공학과과,[반도체설계교육센터]라즈베리파이 응용 임베디드 프로그래밍 강좌 신청(8/24~25),https://ce.jnu.ac.kr/bbs/ce/2114/434789/artclView.do,"[반도체설계교육센터]라즈베리파이 응용 임베디드 프로그래밍 강좌 신청 ○ 강의 개요최신 많이 사용되는 Raspberry Pi 보드에 내장되어있는 ARM 프로세서 구조에 대한 이론적인 강의와 이를 바탕으로 C언어와 Python언어로 프로세서 및 보드를 응용한다. ○ 교육일정 1. 교육주제 : 라즈베리파이 응용 임베디드 프로그래밍 2. 교육일정 : 2020년 8월24일(월)~8월 25일(화) 10:00 ~ 17:00 3. 수강인원 : 선착순 40명 ○ 세부 교육 내용 ▸ ARM Programmer’s Model/Architecture,",2020-08-07 18:01:27.0
컴퓨터정보통신공학과과,[반도체설계교육센터]라즈베리파이와 클라우드 컴퓨팅 기술을 이용한 IoT 디바이스 개발 강좌 신청(8/18~20),https://ce.jnu.ac.kr/bbs/ce/2114/434788/artclView.do,"[반도체설계교육센터]라즈베리파이와 클라우드 컴퓨팅 기술을 이용한 IoT 디바이스 개발 강좌 신청 ○ 강의 개요라즈베리 파이 기반의 IoT 디바이스 개발 환경과 개발 방법 이해하고, Google, AWS IoT 클라우드 기반의 데이터 수집, 모니터링, 제어 기술을 익힘으로서 새로운 IoT 서비스/애플리케이션 개발 능력을 함양한다.○ 교육일정 1. 교육주제 : 라즈베리파이와 클라우드 컴퓨팅 기술을 이용한 IoT 디바이스 개발 2. 교육일정 : 2020. 8. 18.(화) ~ 8. 20.(목) 10:00 ~ 17:00 3. 수강인원 :",2020-08-07 17:57:29.0
컴퓨터정보통신공학과과,GS-RPM(연구기획역량강화) 지원사업 안내(~8/20),https://ce.jnu.ac.kr/bbs/ce/2114/434787/artclView.do,GS-RPM(연구기획역량강화) 지원사업 안내  대학본부에서 일반대학(원)생의 자기주도적 연구활동 지원으로 연구 능력 및 연구 성과 질적 향상을 제고하고자 추진하는 「2020학년도 일반대학원 GS-RPM 지원사업」을 다음과 같이 안내하오니 참여바랍니다. ○일반대학원 GS-RPM(연구기획역량강화) 지원사업 주요내용 구분기초심화개인중점지원대상대학원 재학생(수료후등록생 포함) 및 학부 재학생으로 구성된 팀(2~4명 이내) 및 개인지원분야전학문분야지원유형대학원생(석/박사)+학부생석/박사로 구성된 대학원생대학원생(박사/박사후) 지원과제20개,2020-08-07 11:02:00.0
컴퓨터정보통신공학과과,2020학년도 「공과대학 취업동아리」참여자 모집 안내(8/17~9/13),https://ce.jnu.ac.kr/bbs/ce/2114/434786/artclView.do,"2020학년도 「공과대학 취업동아리」참여자 모집 안내  공과대학 재학생들을 대상으로 취업관련 활동을 지원하고자 취업동아리 참여자를 모집하고 있습니다. 함께 활동할 팀원들과 팀을 구성하여 신청하시기 바랍니다. ◆ 프로그램 내용모집 인원총 30팀 내외(*팀당 3~4명으로 구성)활동 기간‘20. 9. 21.(월) ~ 12. 4.(금), 11주 간지원 대상1) 취업 지원 분야가 같거나 취업관련 목적성이 분명한 학과(부)생2) 학년 제한 없이 신청가능(단, 공과대학 재학생으로 구성해야 함)3) 동일한 구성원이 교비 및 대학 사업비로 지원받",2020-08-06 09:32:36.0
컴퓨터정보통신공학과과,한전KDN 2020빛가람 에너지밸리 소프트웨어 작품 경진대회 개최 안내(9/28~10/30),https://ce.jnu.ac.kr/bbs/ce/2114/434785/artclView.do,"한전KDN 2020빛가람 에너지밸리 소프트웨어 작품 경진대회 개최 안내   ■ 공모분야 : 모든SW ('20년도 캡스톤 디자인 포함)         예) 웹, 모바일 앱, 임베디드 SW등 ■ 참가자격 : 광주, 전남 소재 대학(원)생, 마이스터고 학생 ■ 접수방법 : 홈페이지 접수 (https://www.kdn.com/event.kdn?mid=a10111060100 event_status=I) ■ 주요일정  - 작품접수 : 2020.09.28(월) ~ 2020.10.30(금)  - 1차 심사 : 2020.11.05(목)  - 2차",2020-08-06 09:25:19.0
컴퓨터정보통신공학과과,2020년 Power Engineer School Summer Camp(제21기) 참가 안내(~8/6),https://ce.jnu.ac.kr/bbs/ce/2114/434784/artclView.do,2020년 Power Engineer School Summer Camp(제21기) 참가 안내  한국전력기술(주) 인재개발교육원에서 실시하는 Power Engineer School Summer Camp(제21기)에 학생들의 참여 신청바랍니다.   가. 교육일정 : 2020. 8. 25.(화) ~ 8. 27.(목)  나. 교육장소 : 온라인 2일 + 집체교육 1일(김천 한국전력기술 본사 1층)  다. 교육과목 : 융복합 인재양성 기본역량 프로그램  라. 참가기준    - 학년: 2~3학년 재학생    - 학과: 전공제한없음    - 학,2020-08-05 11:25:38.0
컴퓨터정보통신공학과과,위성정보 활용 '스페이스 해커톤' 아이디어 경진대회 개최 안내(8/10~9/8),https://ce.jnu.ac.kr/bbs/ce/2114/434783/artclView.do,"위성정보 활용 '스페이스 해커톤' 아이디어 경진대회 개최 안내   한국항공우주연구원은 국내 위성 정보 활용에 대한 민간의 관심을 높이고, 위성정보 기반의 새로운 서비스 모델을 발굴하기 위하여 '스페이스 해커톤' 아이디어 경진대회를 개최하오니 학생들의 참여바랍니다. ○ 경진대회 주용 내용    1. 주최 : 과학기술정보통신부 2. 공동주관 : 한국항공우주연구원, 한국우주기술진흥협회  3. 추진방식 : 활용 가능한 위성정보 기반 서비스 부문과 가상의 위성 기반 서비스 부문으로 구분, 각각의 서비스 모델 제안  4. 추진절차 및 일정",2020-08-05 10:38:44.0
컴퓨터정보통신공학과과,중앙도서관 운영 시간 및 제공 서비스 조정 안내,https://ce.jnu.ac.kr/bbs/ce/2114/434782/artclView.do,"중앙도서관 운영 시간 및 제공 서비스 조정 안내  ❍ 대상: 중앙도서관(본관)❍ 기간: ‘20. 8. 3.(월) ~ 별도 안내 시 까지❍ 변경 내용구  분기 존변 경비 고시간평  일09:00 ~ 20:0009:00 ~ 18:00     토요일09:00 ~ 13:00휴 관     제공서비스출입방식이용증 인증좌 동대학 구성원 및 등록 이용자대출기간15일21일학부생, 일반인 배달서비스제 공좌 동전임교원이용증 발급발 급중 단외부이용자※ 외부이용자 출입제한 계속 시행(향후 코로나-19 상황변화에 따라 탄력 대응)※ 도서관 출입은 인문대 방향",2020-08-04 10:03:57.0
컴퓨터정보통신공학과과,코로나19 예방 「여름휴가를 위한 3행·3금 수칙 」안내,https://ce.jnu.ac.kr/bbs/ce/2114/434781/artclView.do,코로나19 예방 「여름휴가를 위한 3행·3금 수칙 」안내,2020-08-03 09:46:19.0
컴퓨터정보통신공학과과,2020학년도 2학기 기초학력 프로젝트(수학·물리·화학·생물) 신청 안내(7/27~8/4),https://ce.jnu.ac.kr/bbs/ce/2114/434780/artclView.do,"2020학년도 2학기 기초학력 프로젝트(수학·물리·화학·생물) 신청 안내  기초교육원 교수학습지원센터에서는 이번 학기부터 대학생의 기초 학습역량 향상을 위한 2020학년도 기초학력 프로젝트에 참여할 학생을 모집합니다. 여러분의 많은 관심과 참여 부탁드립니다. 운영기간· ‘20년 7월 말 ~ 11월자격· 본교 대학생※ 모집 인원 초과 시, 우선순위에 따라 선발함※ 우선순위  - 1순위 : 신입생  - 2순위 : 국가보훈대상자전형, 다문화/다자녀등전형, 만학도전형, 특성화고졸재직자전형, 특수교육대상자전형, 기초생활수급자/차상위계층/한부",2020-07-28 14:38:30.0
컴퓨터정보통신공학과과,2020년도 전남대 국제교류 UCC제작 교육 프로그램 신청 안내(7/28~8/4 17:00),https://ce.jnu.ac.kr/bbs/ce/2114/434779/artclView.do,"2020년도 전남대 국제교류 UCC제작 교육 프로그램 신청 안내  대학본부에서 2020학년도 전남대 국제교류 UCC제작 교육 프로그램을 다음과 같이 진행하오니 많은 신청바랍니다.  가. 대상 : 전남대 재학생 나. 내용 : UCC 제작 및 활용을 원하는 학생을 대상으로 전문 교육 실시, 프로그램 이수 후 전남대 국제교류 UCC 공모전 참여를 독려하여 교육 내용 활용 및 국제교류 홍보 영상 제작  다. 선발인원 : 20명  라. 신청기간 : ‘20. 7. 28.(화) ~ ’20. 8. 4.(화) 오후 5시  마. 신청 서류 : 붙임의",2020-07-28 14:27:52.0
컴퓨터정보통신공학과과,2020학년도 제1학기 글로벌커뮤니케이션잉글리쉬 시험 개인별 점수 조회방법 안내,https://ce.jnu.ac.kr/bbs/ce/2114/434778/artclView.do,2020학년도 제1학기 글로벌커뮤니케이션잉글리쉬 시험 개인별 점수 조회방법 안내  2020학년도 제1학기 글로벌커뮤니케이션잉글리쉬 시험의 개인별 점수 조회방법을 아래와 같이 알려드립니다. 잘못된 성적이 입력되어 성적인정 시 불이익을 받지 않도록 반드시 개인별 점수를 조회하기 바랍니다. 가. 성적 조회 방법   : 전남대 포털 ▷ 로그인 ▷ 교육지원 ▷ 내학사행정 ▷ 성적 ▷ 이수성적 ▷ 글로벌커뮤니케이션잉글리쉬 성적조회 클릭나. 유의사항(2020학년도 1학기 시험성적에 한함)  1) 영어공인 인증시험 성적표 제출 학생      →,2020-07-27 13:32:55.0
컴퓨터정보통신공학과과,도서관 본관 및 별관(열람실) 임시 휴관 연장 안내(7/27~별도 공지 시까지),https://ce.jnu.ac.kr/bbs/ce/2114/434777/artclView.do,"코로나19 감염증 확산에 따른 도서관 본관 및 별관(열람실) 임시 휴관 연장 안내  우리 도서관에서는 광주광역시 지역 내 코로나19 확진자가 증가함에 따라 아래와 같이 도서관 본관 및 별관(열람실)을 임시 휴관을 추가 연장하오니 이용에 참고하시기 바랍니다. 휴관대상도서관 본관 및 별관(열람실) 전체비고휴관기간도서관 본관 및 별관(열람실) : 2020. 7. 27.(월) ~ 별도 공지 시까지   행정사항휴관기간 중 도서반납일 일괄 연장 및 모바일좌석발권시스템 가동 중지   문    의중앙도서관(062-530-3521, 3571)",2020-07-27 13:23:07.0
컴퓨터정보통신공학과과,2020학년도 2학기 외국인 버디 프로그램 참가자 선발 안내(7/24~8/6),https://ce.jnu.ac.kr/bbs/ce/2114/434776/artclView.do,"2020학년도 2학기 외국인 버디 프로그램 참가자 선발 안내  대학본부에서는 학부 외국인 유학생(신·편입, 교환학생)의 대학생활 적응력을 높이고, 재학생의 글로벌 역량을 강화하기 위하여 다음과 같이 2020학년도 2학기 외국인 버디 프로그램을 운영하오니 관심있는 학생들의 많은 참여바랍니다.  Ⅰ. 목적  ○ 우리대학 학부 외국인 유학생(신·편입, 교환학생)과 재학생을 함께 팀으로 구성하여 유학생의 대학생활 적응력 향상  ○ 외국인 유학생과 재학생간의 상호 모국어 학습, 상호 문화의 이해를 통한 학생들의 글로벌 역량 강화 Ⅱ. 운영",2020-07-24 16:59:22.0
컴퓨터정보통신공학과과,8월 공과대학 진로취업 프로그램 안내(공기업 NCS 완성반 등),https://ce.jnu.ac.kr/bbs/ce/2114/434775/artclView.do,"8월 공과대학 진로취업 프로그램 안내  8월 공과대학 진로취업 프로그램을 아래와 같이 안내하오니 많은 신청바랍니다. 프로그램명2020학년도 공과대학     공기업 NCS 완성반대기업/공기업 특화     무료 취업지원 프로그램운영기간2020. 8. 7.(금) ~   18.(화)~ 2020. 10. 31.(토)모집인원30명(4학년, 유보, 수료생)제한없음신청기간2020. 7. 24.(금) ~   30.(목)~ 2020. 10. 31.(토)주요내용①  [온라인] 취업스킬 교육      : 취업 전략, 자기소개서, 면접 스킬② [오프라인]",2020-07-24 15:56:32.0
컴퓨터정보통신공학과과,[2~4학년] 2020학년도 2학기 컴퓨터정보통신공학전공 수강신청 안내,https://ce.jnu.ac.kr/bbs/ce/2114/434774/artclView.do,[2~4학년] 2020학년도 2학기 컴퓨터정보통신공학전공 수강신청 안내       수강신청 방식 변경 안내   : 공정하고 엄격한 수강신청 관리를 위해 2020학년도 1학기부터 일정시간(09시 16분) 이후 교과목 수강신청 방식을 변경[붙임1 참고]하였으니 내용을 필독하여 주시기 바랍니다.- 기존: 교과목코드 항목의 교과목ID 클릭 - 변경: 교과목코드 항목 교과목ID 클릭 → 자동입력프로그램 사용방지 문자열 코드 입력          (09시15분까지는 기존방식과 동일한 방법으로 수강신청)※ 변경 사유: 매크로 등 자동입력프로그램,2020-07-22 11:56:47.0
컴퓨터정보통신공학과과,제2회 전남대 이노베이션 온라인해커톤 개최 안내(6/29~8/9 24:00),https://ce.jnu.ac.kr/bbs/ce/2114/434773/artclView.do,"제2회 전남대 이노베이션 온라인해커톤 개최 안내  1. 주제 및 진행방식    ▸주제 : 비대면 환경에서 빅데이터/클랑드 자원을 활용한 서비스 아이디어  ▸진행 방식 : 기획자, 개발자, 디자이너가 한 팀을 이뤄 진행 2. 참가안내 ▸참가 대상 : 전남대학교 학생(휴학생 대학원생 가능) ▸참가 신청 : 카카오톡 채널 검색 '이노베이션 해커톤' → 채널 내 지원하기 메뉴 선택 → 지원서 작성                      (신청 링크 : http://econovation.kr/hackathon-2020) 3. 일정 ▸접수 :",2020-07-22 10:38:08.0
컴퓨터정보통신공학과과,"2020 IoT·AI 교육프로그램(아두이노-자율주행) 단기과정 개최 안내(~7/24 18:00, 선착순)",https://ce.jnu.ac.kr/bbs/ce/2114/434772/artclView.do,2020 IoT·AI 교육프로그램(아두이노-자율주행) 단기과정 개최 안내  공학교육혁신센터에서는 사물인터넷에 대한 이해와 체험 등 다양한 교육프로그램을 통해 미래사회와 네트워크 기반의 공학세계의 패러다임 및 새로운 기술에 대한 이해와 고찰을 도모하기 위하여 『2020 IoT·AI 교육프로그램(아두이노-자율주행) 단기과정』을 개최합니다. 관심있는 학생들의 많은 참여바랍니다. 가. 명      칭 : 2020 아두이노-자율주행 교육프로그램(기초)나. 교육일시 : 2020. 8. 20.(목) 09:00 ~ 2020. 8. 21.(금) 1,2020-07-21 13:03:52.0
컴퓨터정보통신공학과과,[1학년] 2020학년도 2학기 컴퓨터정보통신공학과 수강신청 안내,https://ce.jnu.ac.kr/bbs/ce/2114/434771/artclView.do,[1학년] 2020학년도 2학기 컴퓨터정보통신공학과 수강신청 안내   수강신청 방식 변경 안내   : 공정하고 엄격한 수강신청 관리를 위해 2020학년도 1학기부터 일정시간(09시 16분) 이후 교과목 수강신청 방식을 변경[붙임2 참고]하였으니 내용을 필독하여 주시기 바랍니다.- 기존: 교과목코드 항목의 교과목ID 클릭 - 변경: 교과목코드 항목 교과목ID 클릭 → 자동입력프로그램 사용방지 문자열 코드 입력          (09시15분까지는 기존방식과 동일한 방법으로 수강신청)※ 변경 사유: 매크로 등 자동입력프로그램 사용방지를,2020-07-21 10:51:52.0
컴퓨터정보통신공학과과,공대 6호관 노후 승강기 교체공사에 따른 운행 중지 안내,https://ce.jnu.ac.kr/bbs/ce/2114/434770/artclView.do,"노후 승강기 교체공사에 따른 운행 중지 안내  우리대학에 설치된 노후 승강기 교체공사가 아래와 같이 진행됨을 알려 드리며 공사로 인한 소음· 진동 및 통행에 불편이 예상 되오니 양해하여 주시기 바랍니다.      건물명(호기)세부 내용사용제한공대1호관(1호기)승강기 철거 및 교체공사(‘20. 7. 20.~’20. 8. 21.)공사기간 내 사용불가   산학협력관(1,2호기)공대6호관(1호기:서편)공대6호관(2호기:서편)승강기 철거 및 교체공사(‘20. 8. 7.~’20. 9. 4.)",2020-07-20 12:01:06.0
컴퓨터정보통신공학과과,2020학년도 제2학기 수강신청 시행 계획 안내,https://ce.jnu.ac.kr/bbs/ce/2114/434769/artclView.do,2020학년도 제2학기 수강신청 시행 계획 안내  2020학년도 제2학기 수강신청 시행계획을 다음과 같이 알려드리니 참고하시기 바랍니다.  1. 수강신청 일정 업무내용기간시간대상내용수강인원 조정‘20.7.27.(월) ~7.30.(목)09:00～18:00- 전공: 강좌 주관학과- 교양: 강좌 협력학과- 학년별 수강인원 관리- 자과/타과/부전공 수강인원 조정- 분반정보의 사무실 번호 확인수강희망과목예약 신청'20.8.3.(월)~8.4.(화)09:00～18:00- 학부 전 학년 공통- 학부생만 해당(대학원생 제외)- 수강희망과목 예약을,2020-07-20 10:46:46.0
컴퓨터정보통신공학과과,2020 Capstone Design 지원사업 2차 추가 모집 안내(선착순 마감),https://ce.jnu.ac.kr/bbs/ce/2114/434768/artclView.do,"2020 Capstone Design 지원사업 2차 추가 모집 안내  공학교육혁신센터에서는 창의적인 문제해결능력을 갖춘 산업체 선호인력을 양성하고, 프로젝트를 수행하는 현장중심 실무강의를 제공하여 대학 내 Capstone Design에 대한 인식이 확산될 수 있도록 다음과 같이 『2020 Capstone Desgin 지원사업』 추가모집을 실시하고자 합니다. 많은 신청바랍니다.         가. 지원 분야   지원분야세부사업명모집인원(팀)비고Capstone Design 다학제형융합동아리 지원사업2팀2개 이상의 非유사계열 전공산학연계",2020-07-16 09:34:22.0
컴퓨터정보통신공학과과,2020학년도 대학원 총장명예장학(CNU GS-PHF) 추가 선발 안내(~8/3),https://ce.jnu.ac.kr/bbs/ce/2114/434767/artclView.do,"2020학년도 대학원 총장명예장학(CNU GS-PHF) 추가 선발 안내  2020학년도 대학원 총장명예장학(CNU GS-PHF) 추가 선발 계획을 다음과 같이 안내하오니 많은 신청바랍니다.   1. 지원자격    가. 선정기준 : 본부 및 학과 선정기준에 모두 충족하는 2020학년도 후기 일반대학원 석·박사통합과정 진학예정자과정본부 선정기준(기준1, 2 모두 충족 필요)학과 선정기준 석·박사통합[기준1] 동일 계열 학과 졸업생 + 전일제 학생[기준2] 학부 졸업평점 4.0(4.5만점) 이상인 학생※ 외국인 학생은 위 기준을 준용하여",2020-07-14 14:34:32.0
컴퓨터정보통신공학과과,전남대학교 법률지원단 2020학년도 하계방학(7~8월) 운영 일정 안내,https://ce.jnu.ac.kr/bbs/ce/2114/434766/artclView.do,"전남대학교 법률지원단 2020학년도 하계방학(7~8월) 운영 일정 안내  우리 대학 구성원의 복지향상을 위해 무료로 운영중인 「전남대학교 법률지원단」의 2020학년도 하계방학(2020년 7월~8월) 운영 일정을 다음과 같이 안내하오니, 법률자문이 필요한 구성원은 이용바랍니다.     가. 장소 : 대학본부 2층 법률지원단실     나. 지원대상 : 우리 대학 교직원 및 그 가족, 학생     다. 운영일정 : 붙임파일(2020. 하계방학 운영 일정) 참조       ※ 매주 수요일 운영이 원칙이나 참여교수의 수업 등에 따라 일정이",2020-07-14 13:41:58.0
컴퓨터정보통신공학과과,2020학년도 2학기 한국장학재단 학자금 대출 신청 안내,https://ce.jnu.ac.kr/bbs/ce/2114/434765/artclView.do,"2020학년도 2학기 한국장학재단 학자금 대출 신청 안내  2020학년도 2학기 학자금 대출 기본계획을 붙임과 같이 알려드리오니, 차질없는 학자금 대출이이루어질 수 있도록 해당 학생은 신청바랍니다.       가. 대출신청 및 실행기간구분등록금 대출분납연계 대출생활비 대출취업 후 상환 전환 대출신청2020. 7. 9.(목)~10. 15.(목)2020. 7. 9.(목)~11. 12.(목)2020. 7. 9.(목)~11. 12.(목)2020. 7. 9.(목)~11. 12.(목)실행2020. 7. 9.(목)~10. 15.(목)2020.",2020-07-13 17:45:15.0
컴퓨터정보통신공학과과,코로나19 확산 예방을 위한 「일상생활 활동별 위험도」 안내,https://ce.jnu.ac.kr/bbs/ce/2114/434764/artclView.do,"코로나19 확산 예방을 위한 「일상생활 활동별 위험도」 안내  코로나19의 확산 방지와 예방을 위해 중앙방역대책본부가 수행한 「일상생활 활동별 위험도 평가내역」을 붙임과 같이 안내하오니, 우리 대학 구성원 모두가 경각심을 갖기 바랍니다.           일상생활 활동별 위험도 평가내역 주요내용                             ◎ 일상생활의 활동을 크게 12가지(외식, 운동, 종교활동 등)로 분류하고, 활동 내에서 상황·이용시설에 따라 위험 정도 세분화◎ 경각심 제고를 위한 구체적 사례 제시◎ 개인별 활동 위험도",2020-07-13 17:34:05.0
컴퓨터정보통신공학과과,학생 대면모임 및 활동 자제 요청,https://ce.jnu.ac.kr/bbs/ce/2114/434763/artclView.do,"학생 대면모임 및 활동 자제 요청  교육부에서 최근 코로나19 감염증 신규 확진자 증가 및 지역사회내 추가 감염 발생을 우려하여 대학 내 학생 대면모임 및 활동에 대한 자제를 요청하였습니다. 이에 따라 학과(부) 학생들은 대면모임 및 활동(학생회, 소모임, 동아리 등)을 자제바랍니다.",2020-07-10 09:24:53.0
컴퓨터정보통신공학과과,코로나19 감염증 확산에 따른 도서관 본관 및 별관(열람실) 임시 휴관 안내(~7/25),https://ce.jnu.ac.kr/bbs/ce/2114/434762/artclView.do,코로나19 감염증 확산에 따른 도서관 본관 및 별관(열람실) 임시 휴관 안내  우리 도서관에서는 광주광역시 지역 내 코로나19 확진자 증가로 인하여 “사회적 거리두기 1단계”에서 “사회적 거리두기 2단계”로 격상됨에 따라 아래와 같이 도서관 본관 및 별관(열람실)을 임시 휴관하오니 이용에 참고하시기 바랍니다. 휴관대상도서관 본관 및 별관(열람실) 전체비고휴관기간도서관 본관 : 2020. 7. 1.(수) ~ 7. 25.(토)도서관 별관(열람실) : 2020. 7. 1.(수) ~ 별도 공지 시까지     행정사항휴관기간 중 도서반납일,2020-07-09 09:22:03.0
컴퓨터정보통신공학과과,2020년도 외국어 시험 응시료 지원(1차) 신청 안내(~7/31),https://ce.jnu.ac.kr/bbs/ce/2114/434761/artclView.do,"2020년도 외국어 시험 응시료 지원(1차) 신청 안내   2020년도 외국어 시험 응시료 지원(1차)과 관련하여 안내하오니 해당 학생들의 많은 신청바랍니다.▶신청 기한 : 2020. 7. 8.(수) ~ 2020. 7. 31.(금)▶신청 방법 : 이메일(kimmin1210@jnu.ac.kr)로 신청 서류 제출    1. 지원 가능 시험  : 외국어(영어, 일본어, 중국어, 독일어, 프랑스어 등) ＊TOEIC, TOEFL, TEPS, New TEPS, IELTS, OPIc, TOEIC SPEAKING, DELF, JPT, HSK  ※",2020-07-08 11:43:06.0
컴퓨터정보통신공학과과,2020년 8월 졸업예정자 졸업(수료) 유보 신청 안내(7/20~30),https://ce.jnu.ac.kr/bbs/ce/2114/434760/artclView.do,2020년 8월 졸업예정자 졸업(수료) 유보 신청 안내  ○ 2020년 8월 졸업예정자 졸업(수료) 유보 신청  1. 신청기간 : 2020. 7. 20.(월) ~ 7. 30.(목) 18시까지 (추가 신청 기간 없음)2. 신청방법 : 전남대학교 포털사이트(http://arsam.jnu.ac.kr/)에 접속한 후 교육지원 → 내 학사업무 → 등록 → 학부 졸업(수료)유보 선택3. 졸업·수료 유보 고지서 출력 : 포털 → 등록 → 학부 졸업(수료)유보 → 학부 졸업(수료)유보 고지서 출력4. 졸업·수료 유보비 납부기간 : 2020. 8.,2020-07-08 11:20:44.0
컴퓨터정보통신공학과과,2020학년도 2학기 한국장학재단 농촌출신대학생 학자금 융자사업 시행 안내(7/6~17),https://ce.jnu.ac.kr/bbs/ce/2114/434759/artclView.do,"2020학년도 2학기 한국장학재단 농촌출신대학생 학자금 융자사업 시행 안내한국장학재단에서 농어업인 교육비 부담 경감 및 농어촌출신 대학생에 대한 균등한 교육기회 제공을 위하여 「2020학년도 2학기 농촌출신대학생 학자금지원사업」을 아래와 같이 시행하오니 해당 학생은 신청바랍니다. 가. 주요 일정구 분기   간비고신청 및 서류제출2020. 07. 06.(월) ~ 07. 17.(금)     융자 실행2020. 08. 17.(월) ~ 09. 29.(화)학생 개인별 융자 약정 후, 개인별 대학 지정 가상계좌로 대출 실행 나. 지원 대상",2020-07-07 10:44:30.0
컴퓨터정보통신공학과과,2020학년도 2학기 타 대학교(제주대) 교류학생 추천 안내(~7/14),https://ce.jnu.ac.kr/bbs/ce/2114/434758/artclView.do,"2020학년도 2학기 타 대학교(제주대) 교류학생 추천 안내     가. 지원자격     1) 재학생에 한함(2020.2학기 복학예정자는 복학승인 후 신청)     2) 기 이수학기의 평균평점이 3.0이상인 자(대학원생은 3.5이상)     3) 학칙에 의거 징계받은 사실이 없는 자     4) 타 대학 교류학생으로 수학한 기간이 2학기(1년)를 초과하지 않는 자(계절학기 별도)   나. 교류 내용(기타 자세한 사항은 붙임 파일을 참조)대학명추천기한강의시간표 조회 방법비  고제주대2020.07.14.(화), (붙임 2)의 신청원을",2020-07-06 11:09:47.0
컴퓨터정보통신공학과과,공과대학 건물 출입문 자동 잠금장치 운영 안내(7/6~다음 안내시 까지),https://ce.jnu.ac.kr/bbs/ce/2114/434757/artclView.do,공과대학 건물 출입문 자동 잠금장치 운영 안내  광주지역 코로나19 대응 체계 상향에 따라 우리대학 전 건물에 대하여 출입문 자동 잠금장치를 다음과 같이 시행하오니 전 구성원의 적극적인 협조를 당부드립니다.  1. 목  적 : 코로나19 감염병 유입 차단 2. 기  간 : 2020. 7. 6.(월) ~ 다음 안내시 까지 3. 내  용 : 공과대학 전 건물에 자동 잠금장치 운영(출입보안카드로 출입 가능),2020-07-03 16:13:45.0
컴퓨터정보통신공학과과,대학생 국가근로장학사업 공공재정환수법 적용 안내,https://ce.jnu.ac.kr/bbs/ce/2114/434756/artclView.do,"대학생 국가근로장학사업 공공재정환수법 적용 안내  국민권익위원회는 공공재정 부정수급 방지를 위한 「공공재정환수법」을 시행하였으며, ‘20. 01. 01. 이후 지급된 대학생 근로장학사업(국가근로장학금, 대학생 청소년교육지원장학금, 다문화·탈북학생 멘토링장학금, 열정장학 등) 장학금에 적용되었습니다. 대학생 국가근로장학사업 부정 이익은 전액 환수 및 악의적인 부정 청구 행위에 대해 최대 5배의 제재 부가금이 부과되오니 국가근로장학생으로 선발된 학생들은 부정근로가 발생하지 않도록 유의하기 바랍니다. □ 환수대상 금액= 부정이익+이자+제",2020-07-03 13:37:24.0
컴퓨터정보통신공학과과,2020학년도  제2학기 부·복수전공 취소(7/13~15) 및 이수 신청(7/22~24) 안내,https://ce.jnu.ac.kr/bbs/ce/2114/434755/artclView.do,"2020학년도  제2학기 부·복수전공 취소 및 이수 신청 안내  2020학년도 제2학기 부·복수(연계)전공 및 융합전공 취소 및 이수자 선발을 아래와 같이 실시하오니 해당 일정에 따라 신청하시기 바랍니다.     Ⅰ  허용 학과(부) 및 전공  가. 복수전공 및 부전공: 간호대학, 수의과대학, 약학대학, 예술대학(디자인학과 및 미술학과 제외), 의과대학, 치의학전문대학원 학·석사통합과정, 자율전공학부를 제외한 전 학과(부)  나. 융합전공: 로봇공학융합전공, 미래에너지공학융합전공, 빅데이터금융공학융합전공,  IoT인공지능융합전공,",2020-07-03 10:42:43.0
컴퓨터정보통신공학과과,2020학년도 상반기 도전장학(미래) 추가 선발 안내(~7/29),https://ce.jnu.ac.kr/bbs/ce/2114/434754/artclView.do,"2020학년도 상반기 도전장학(미래) 추가 선발 안내  「2020학년도 상반기 도전장학(미래) 추가선발 계획」을 다음과 같이 공고하오니 우리 대학교 일반대학원에 진학하려는 학생은 신청바랍니다.  1. 장학생 선발  가. 자격 : 2020년 8월 학사과정 졸업예정자로서 2020학년도 후기 우리 대학교 일반대학원에  진학하려는 자 (학.석사연계과정생도 지원 가능)   ※ 직전학기 성적 평균평점 2.5이상 (전남대학교 장학규정 제3조(장학생의 자격))    나. 장학금 : 인문사회계열 1,700천원, 자연예체능계열 2,300천원   ※",2020-07-03 09:25:52.0
컴퓨터정보통신공학과과,코로나19 관련 스포츠센터 및 운동장 임시 휴관 안내(7/2~15),https://ce.jnu.ac.kr/bbs/ce/2114/434753/artclView.do,"코로나19 관련 스포츠센터 및 운동장 임시 휴관 안내 코로나19 감염증 확산 방지 및 감염 예방을 위하여 체육관, 북구국민센터 및 운동장을 아래와 같이 임시 휴관하고니 이용에 착오 없으시길 바랍니다.      □ 스포츠센터 임시 휴관 일정 □구 분임시 휴관 일정문 의비 고체육관,헬스,배드민턴(위탁),필라테스,요가,발레스트레칭,순환운동,스피닝사이클,재즈댄스,줌바댄스,체력측정,스포츠클리닉,대운동장,풋살경기장, 테니스장2020.7.02.(목) ~ 7.31.(금)행정실(062-530-2581~4)     ※  상기 일정은 코로나19 확산",2020-07-02 17:11:21.0
컴퓨터정보통신공학과과,2020학년도 제2학기 휴학·복학 관련 변경사항 안내,https://ce.jnu.ac.kr/bbs/ce/2114/434752/artclView.do,"2020학년도 제2학기 휴학·복학 관련 변경사항 안내  휴학구분변경 전변경 후비고군휴학종강일이 입영일인 경우 성적인정여부 선택 불가능종강일이 입영일인 경우에도 성적인정여부 선택 가능   질병휴학, 임신‧출산‧육아휴학종강일에 휴학신청 시 성적인정여부 선택 불가능종강일에 휴학신청 시 성적인정여부 선택 가능     붙임  2020학년도 제2학기 휴학·복학 신청 기간 안내 1부.  끝.",2020-07-02 14:15:16.0
컴퓨터정보통신공학과과,2020학년도 2학기 재학생 신규 국가유공자(자녀 포함) 및 가족장학금 신청 안내(~7/9),https://ce.jnu.ac.kr/bbs/ce/2114/434751/artclView.do,"2020학년도 2학기 재학생 신규 국가유공자(자녀 포함) 및 가족장학금 신청 안내2020학년도 2학기 재학생 신규 국가유공자(자녀 포함) 등 법정 장학 또는 가족장학 대상자를 우선 선발하여 장학금을 지급하고자 하오니, 해당 학생은 증빙서류를 학과사무실로 제출하시기 바랍니다.  ▶제출기한 : ~7월9일(목)▶제출장소 : 이메일(eb8916@jnu.ac.kr) 또는 방문(공7-229) 제출▶제출서류 : 해당 증빙 서류  ◎ 장학 대상자 및 자격 구분수혜자격증빙서류장학금비고재학생 신규 국가유공자 또는 그의 자녀 등 법정 장학 대상자독립유",2020-07-01 17:54:00.0
컴퓨터정보통신공학과과,2020학년도 13기 총장명예학생[PHS] 신청 안내(7/27~8/14),https://ce.jnu.ac.kr/bbs/ce/2114/434750/artclView.do,"2020학년도 13기 총장명예학생[PHS] 신청 안내  기초교육원 교수학습지원센터에서는 모교에 대한 자부심과 비판적 사고력, 창의적 문제해결 능력을 바탕으로 한국 사회의 미래를 이끌어갈 열정을 갖춘 미래 인재를 양성하고자 2020학년도 총장명예학생[PHS]을 선발합니다.    가. 지원 자격구분지원 자격신청유형성적우수⚫ 평점평균 3.8 이상 우수자⚫ 1학년: 직전학기(계절학기 제외), 2학년: 전체학기외국인⚫ 평점평균 3.0 이상⚫ 한국어능력자격시험(TOPIK) 5등급 이상학과추천⚫ 창의성, 인성, 학업 역량을 겸비하여 발전 가능성",2020-06-30 13:05:17.0
컴퓨터정보통신공학과과,2020년도 2학기 대학직장 예비군 전입 신청 및 개인 정보 수정 안내,https://ce.jnu.ac.kr/bbs/ce/2114/434749/artclView.do,"2020년도 2학기 대학직장 예비군 전입 신청 및 개인 정보 수정 안내  2020년도 2학기 재학생 중 대학직장 예비군(전남대학교연대 소속)으로 편성되지 않은 학생은 예비군연대로 전입 신청 및 정확한 훈련 안내를 위하여 개인 정보를 수정하기 바랍니다.   가. 대상 : 2020년도 2학기 대학(원) 재학생(신입, 편입, 복학, 전과생 포함)    1) 신청 절차 : 전남대학교 포털→내 학사행정→병무→예비군 전입 신청    2) 전입 신청 4~5일 경과 후 예비군 홈페이지에서 소속 부대 변경 여부 확인      ※ 전남대학교연대로 편",2020-06-30 10:19:21.0
컴퓨터정보통신공학과과,[지역선도대학육성사업단] 지능형ICT 취업역량강화 소모임 신청(하계) 안내(~7/10),https://ce.jnu.ac.kr/bbs/ce/2114/434748/artclView.do,"[지역선도대학육성사업단]   지능형ICT 취업역량강화 소모임 신청(하계) 안내   ▶ 제출 기한 : ~ 7월 10일(금)▶ 제출 장소 : 학과실(공7-229)▶ 제출 서류 : 소모임 신청 서식(프로그램 계획서, 소모임 신청서, 운영계획서, 소요예산)    ※ 작성 유의사항 : 소모임 지원 프로그램은 외국어 시험, 전공 관련 자격증 취득, 한국사능력시험 점수 취득을 위한 것이므로 운영계획서 내 참여 동기, 참여 목표, 학습 내용(어떠한 목표로 무슨 시험을 어떻게 준비하고, 언제 응시할지 등에 대한 내용)을 명확해야 작성해야 함  1.",2020-06-29 18:03:49.0
컴퓨터정보통신공학과과,2020학년도 1학기 수업평가 실시 안내(6/29~7/23),https://ce.jnu.ac.kr/bbs/ce/2114/434747/artclView.do,2020학년도 1학기 수업평가 실시 안내 2020학년도 1학기 수업평가를 다음과 같이 안내하오니 전 교과목에 대해 수업평가가 이행될 수 있도록 실시바랍니다. ■ 학생 수업평가  1) 수업평가 실시 기간 : 2020. 6. 29.(월) ~ 7. 23.(목)  2) 수업평가 접속 방법 : 전남대학교 포털(http://portal.jnu.ac.kr) ▷ 교육지원 ▷ 내 학사행정 ▷ 성적 ▷ 강의평가 ※ 수강신청 전 과목에 대한 수업평가를 완료해야 성적 열람이 가능함,2020-06-29 09:22:09.0
컴퓨터정보통신공학과과,2020학년도 제2학기 등록 공고(8/24~27 16:00),https://ce.jnu.ac.kr/bbs/ce/2114/434746/artclView.do,"2020학년도 제2학기 등록 공고    2020학년도 제2학기 등록금 납부를 다음과 같이 공고하오니 등록에 차질 없으시기 바랍니다.     1. 기 간 : 2020. 8. 24.(월) ~ 8. 27.(목) 16:00까지 [4일간] 2. 장 소 : 광주은행 및 농협 전국 본·지점(지역농협 포함) 3. 등록금 분할납부 방법  가. 신청대상: 경제사정으로 정해진 기간내에 등록금 전액 납부가 어려워 분할납부하고자 하는 학생     [신청제외자 : 학부 및 대학원 신입생, 전액 장학금 수혜자, 미등록 휴학예정자, 수업연한초과자]  나. 신청",2020-06-29 09:10:06.0
컴퓨터정보통신공학과과,2020년 2학기「농림축산식품부 장학금」장학생 선발 공고(7/1~16 17:00),https://ce.jnu.ac.kr/bbs/ce/2114/434745/artclView.do,"농어촌희망재단 공고 2020년 2학기「농림축산식품부 장학금」장학생 선발 공고   2020년 2학기「농림축산식품부 장학금」의 장학생 (①청년창업농육성장학생, ③농업인자녀장학생)을 다음과 같이 선발하고자 하니 대학생 여러분의 많은 참여를 바랍니다.   1. 청년창업농육성장학금□ 지원내용 : 매학기 장학금(등록금 전액 + 학업장려금 200만원)   ○ 장학금은 전액 지급, 타 장학금과 중복 수혜 불가□ 지원대상(자격요건)  신규자  ○ 농업계대학 농식품계열학과*⋅비농업계대학 재학생        * 지원대상 대학·학과는 선발안내서 참고",2020-06-26 13:46:06.0
컴퓨터정보통신공학과과,2020학년도 2학기 영호남 교류학생 선발 안내(6/22~7/14),https://ce.jnu.ac.kr/bbs/ce/2114/434744/artclView.do,"2020학년도 2학기 영호남 교류학생 선발 안내  우리대학은 동서화합의 기틀을 마련하고, 대학간 상호 발전을 위해 2020학년도 2학기 영·호남 교류학생을 선발하오니 많은 신청바랍니다.  가. 선발인원 : 경북대학교 40명, 부산대학교 20명  나. 지원대상 : 2학기 이상 수학한 학부생으로 직전학기 12학점 이상 이수, 평균 평점이 2.5이상인 자  다. 접수안내   - 접수기간 : 2020. 6. 22.(월) ~ 7. 14.(화)   - 접수방법 : [전남대 포털 「취업·진로」(http://capd.jnu.ac.kr) - 역량강",2020-06-23 14:40:41.0
컴퓨터정보통신공학과과,2020 매치업 (Match業) AI 프로그램 교육생 모집안내(7/1~19),https://ce.jnu.ac.kr/bbs/ce/2114/434743/artclView.do,"2020 매치업 (Match業) AI 프로그램 교육생 모집안내     전남대학교 평생교육원과 LINC+사업단에서는 4차산업혁명 인공지능 AI분야 관련 교육을 아래와 진행하고자 하오니 학생들의 참여바랍니다. (LINC+사업단 지원금 신청시 반드시 지원금 신청서를 첨부하여 주시길 바랍니다.)     ○ 교육내용입문(AI기초수학 및 AI기초프로그래밍 등), 공통(기계학습입문 등), 심화/응용(자연어처리/영상처리/음성인식 및 실습 등)을 단계적으로 교육(온라인교육)  ※[붙임1]2020 매치업 AI프로그램 운영 계획(안)_2차 참고",2020-06-19 16:53:20.0
컴퓨터정보통신공학과과,한국인터넷진흥원 주관 「sw개발보안 입문과정」 안내(신청:6/19~26),https://ce.jnu.ac.kr/bbs/ce/2114/434742/artclView.do,"SW개발보안 입문과정 안내  초·중학교 대상 소프트웨어 교육 의무화(’18년) 및 소프트웨어 분야 기업과 대학 간 산업협력이 강화됨에 따른 소프트웨어 개발보안의 중요도 증가에 따라, 광주·전남지역 학생을 대상으로 SW개발보안의 이해도를 높이고 개발보안 전문역량 강화를 위해 개발보안 입문과정 개설하였으니 참여바랍니다. 1. 프로그램 ❍ 교육명 : SW개발보안 입문과정 ❍ 대상 : 광주·전남 소재 대학생 25명 내외(※개인용 노트북 지참 필요) ❍ 장소 : 공대6호관 810호(예정) ❍ 기간 : ’20. 7. 1(수) ~ 7. 3(금)",2020-06-18 14:56:34.0
컴퓨터정보통신공학과과,2020학년도 2학기 교내 장학금 장학사정 관련 동아리 회원 명단 제출(~6/26 17:00),https://ce.jnu.ac.kr/bbs/ce/2114/434741/artclView.do,"2020학년도 2학기 교내 장학금 장학사정 관련 동아리 회원 명단 제출  각 학과 [(구) 전자컴퓨터공학부, (현)전자공학과, (현)컴퓨터정보통신공학과, (현)소프트웨어공학과]의 동아리 회장은 2020학년도 2학기 교내장학금 장학사정 자료인 2020학년도 1학기 동아리 활동 회원 명단을 제출바랍니다.   - 제출 기한 : ~ 2020. 6. 26.(금) 17:00  - 제출 양식 : 동아리 현황 조사 서식(붙임 문서 확인)  - 제출 방법 : 메일 ( oka@jnu.ac.kr ) 제출 ※ 유의사항  - 학번, 이름 정확하게 표기바랍",2020-06-17 16:31:32.0
컴퓨터정보통신공학과과,2020학년도 2학기 등록금재원 교내 장학금 신청 안내(6/22~7/27 17:00 기간연장),https://ce.jnu.ac.kr/bbs/ce/2114/434740/artclView.do,"2020.6.29. 업데이트 사항  ▶ 신청 기간 연장  - TOEIC 시험 일정을 고려하여 신청 기간을 7월 27일(월) 17:00까지 연장합니다.     7월 12일(일) TOEIC 시험(성적발표일 : 7월 23일(목)) 성적까지 반영 가능하니 기간 내 장학 신청 바랍니다.  2020학년도 2학기 등록금재원 교내 장학금 신청 안내  2020학년도 2학기 등록금재원 교내 장학금 신청 관련 사항을 안내하오니 기간 내 많은 신청 바랍니다.  1. 신청 대상 : 2020학년도 1학기 이수자 ( 전자컴퓨터공학부 컴퓨터정보통신공학전공,",2020-06-17 15:01:21.0
컴퓨터정보통신공학과과,2020학년도 제2학기 휴학·복학 신청기간 안내,https://ce.jnu.ac.kr/bbs/ce/2114/434739/artclView.do,2020학년도 제2학기 휴학·복학 신청기간 안내  1. 휴학 신청기간휴학 종류신청 기간대상자일반휴학(등록)2020. 8. 24.(월) ~ 10. 28.(수)· 등록금 납부 후 휴학을 원하는 자일반휴학(미등록)2020. 8. 24.(월) ~ 8. 27.(목)· 등록금 납부하지 않고 휴학을 원하는 자※ 등록 기간 내에만 휴학 신청 가능휴학연장2020. 8. 24.(월) ~8. 27.(목)· 휴학 만료일이 2020. 8. 31.까지인 자군휴학(복무신고)입영일 한 달 전 ~ 입영일· 미등록으로 군휴학을 원하는 자는 일반휴학(미등록) 신청·,2020-06-16 10:50:08.0
컴퓨터정보통신공학과과,2020학년도 제2학기 학부 재입학 실시 안내(7/6~10),https://ce.jnu.ac.kr/bbs/ce/2114/434738/artclView.do,"2020학년도 제2학기 학부 재입학 실시 안내  1. 목적 : 자퇴·제적 등의 사유로 학교를 떠난 학생들에게 학칙 제30조 규정에 따라 학업을 계속할 수 있도록 기회 부여 2. 관련 근거  가. 고등교육법시행령 제29조의2(재입학)  나. 전남대학교 학칙 제30조(재입학)  다. 전남대학교 학부 재입학에 관한 세부지침 3. 재입학 요건  가. 재입학 대상    1) 미복학·미등록·학사경고 등으로 제적된 자    2) 경제적·신체적 사유 등으로 자퇴한 자    3) 학칙 제30조제4항에 해당하는 학생활동 제적자   ※ 단, 여수캠퍼스",2020-06-16 10:37:26.0
컴퓨터정보통신공학과과,콘텐츠테크하이어 '게임스쿨' 교육생 모집 안내(~6/23),https://ce.jnu.ac.kr/bbs/ce/2114/434737/artclView.do,"콘텐츠테크하이어 '게임스쿨' 교육생 모집 안내  • 과 정 명 : 게임스쿨 ( 게임통합 / 기획디자인 / 그래픽디자인 ) • 교육기간 : 6. 30. ~ 10. 28. / 13 시 ~18 시 • 접수기간 : 6. 10. ~ 6. 23. • 교육대상 : 게임기획 및 그래픽에 관심이 있는 구직자 , 졸업 및 졸업예정자 , 일반인 등 • 교육장소 : 광주영상복합문화관 4 층 교육장 • 교육특전 : 교육수당 지급 ( 출석율 80% 이상 ) 및 참여기업 취업연계 • 접수방법 : 광주 CGI 아카데미 홈페이지 ( http://cgia.kr )",2020-06-15 16:14:43.0
컴퓨터정보통신공학과과,2020학년도 1학기 섬김의 리더십 동원장학생 추가 선발 공고(~6/30),https://ce.jnu.ac.kr/bbs/ce/2114/434736/artclView.do,"2020학년도 1학기 섬김의 리더십 동원장학생 추가 선발 공고  동원육영재단에서 (재)전남대학교동원장학재단에 출연한 기금을 기탁자의 뜻에 따라 자아개념과 성취욕이 투철하고, 국가와 사회 발전에 기여할 수 있는 우수 인재를 장학생으로 선발하고자 다음과 같이 공고합니다. 2020년 6월 12일(재)전남대학교동원장학재단1. 2020학년도 1학기 장학생 선발인원 및 장학금액    • 선발인원 : 3명    • 선발 대상자 : 3학년(1명), 4학년(2명) 정규학기 학부재학생(휴학자 및 6년제 특수대학 제외)    • 장학금액 : 학기당 2",2020-06-12 15:45:44.0
컴퓨터정보통신공학과과,"건강밥상(아침식사) 제공 안내(6/15~7/3, 2020학년도 1학기 기말고사 기간)",https://ce.jnu.ac.kr/bbs/ce/2114/434735/artclView.do,"건강밥상(아침식사) 제공 안내  우리 대학에서는 아침밥 먹기 운동을 통해 학교생활에 활력을 증진시키고, 건강한 인재를 양성하기 위하여 건강밥상(아침식사) 사업을 시행하고 있으니 학생 여러분께서는 많이 이용해 주시기 바랍니다.    1. 제공기간 : 2020. 6. 15.(월) ~ 7. 3.(금) ※토요일, 일요일 제외   2. 이용시간 : 오전 8:00 ~ 9:30 (월~금요일)   3. 이용장소 : 제2학생식당(광주캠퍼스)   4. 식  단 가 : 1,000원   5. 식권구입방법     가. 재학생 : 매표소 단말기에 학생증 카",2020-06-12 10:16:51.0
컴퓨터정보통신공학과과,2020년 하계(제53차) '대학생을 위한 외교 워크숍' 신청자 모집 안내(~7/9),https://ce.jnu.ac.kr/bbs/ce/2114/434734/artclView.do,"2020년 하계(제53차) ""대학생을 위한 외교 워크숍"" 신청자 모집 안내 외교부 국립외교원에서 대학생들의 국제적 역량 강화 및 외교현안에 대한 이해 제고를 위해 매년 아래와 같이 “대학생을 위한 외교 워크숍”을 개최하고 있으니, 관심있는 학생들의 참가바랍니다.1. 기간 : 2020.8.17.(월) ~ 20.(목) 4일간 2. 프로그램 구성 : 한국외교 및 국제관계 전문가 초청강의 및 토론(영어로 진행)3. 진행방식 : 온라인 비대면 교육 (화상 방식으로 실시간 강의 및 소통 진행)4. 참가자격 : 2020년 8월 기준 대학 2,",2020-06-12 09:35:23.0
컴퓨터정보통신공학과과,2020학년도 1학기 기말고사 기간 건강밥상(아침식사) 제공 안내(6/15~7/3),https://ce.jnu.ac.kr/bbs/ce/2114/434733/artclView.do,"2020학년도 1학기 기말고사 기간 건강밥상(아침식사) 제공 안내  우리 학교에서는 아침식사하기 운동을 통하여 건강한 인재양성 및 아침형 생활을 유도하고 학교 생활에 활력을 증진시키기 위하여 건강밥상을 제공하고 있으니 이용바랍니다.◎ 제공기간 : ‘20.6.15.(월) ~ 7.3.(금)  ※ 토요일, 일요일 제외  ◎ 이용시간 : 오전 8:00 ~ 9:30 (월~금요일) ◎ 이용장소 : 제2학생식당(광주캠퍼스) ◎ 식 단 가 : 1,000원◎ 식권구입방법  1) 재학생 : 매표소에 설치된 단말기에 학생증카드로 체크 후 식권구입  2",2020-06-12 09:14:00.0
컴퓨터정보통신공학과과,2020학년도 2학기 학부생 학·석사학위연계과정 모집 안내(6/15~7/17),https://ce.jnu.ac.kr/bbs/ce/2114/434732/artclView.do,"2020학년도 2학기 학부생 학·석사학위연계과정 모집 안내  1. 학·석사학위연계과정  : 학칙 제19조 제5항에 의거 학사학위과정과 대학원 교과과정을 상호 연계하여 졸업(수료)학점을 취득함으로써 학사 및 석사과정 수업연한을 단축하여 학사학위와석사학위 취득이 가능한 학사제도 2. 모집학과 : 전 학과(의학과, 수의학과 제외) 3. 지원자격 및 특전사항구 분주 요 내 용지원자격□ 지원가능학과 : 학부과정의 주(복수)전공에 해당하는 대학원 학과(전공)□ 아래의 요건을 모두 갖춘 자  ⊙ 4학기(2학년 2학기)이상 이수자로서 총 72학점",2020-06-11 16:13:00.0
컴퓨터정보통신공학과과,2020년도 전남대학교 온라인 폭력예방교육 이수 안내(~12/31),https://ce.jnu.ac.kr/bbs/ce/2114/434731/artclView.do,"2020년도 전남대학교 온라인 폭력예방교육 이수 안내  우리 대학 구성원은 연 1회 폭력예방교육(성희롱·성폭력·성매매·가정폭력)을 이수하도록 되어 있어 매년 교육을 실시하고 있으니 이수바랍니다.   가. 교육대상 : 전 구성원(교원, 강사, 조교, 직원 및 비정규직, 사회복무요원, 학생 등)    나. 이수 기한 : ~ 12월 31일(목)   다. 이수영역 : 예방교육(성희롱·성매매·성폭력·가정폭력) 4개 영역(연 1회, 각 1시간)  라. 온라인 교육 이수 방법 : 전남대 포털 로그인 → 우측 「교육훈련」 → 폭력예방교육(성희롱,",2020-06-11 09:39:32.0
컴퓨터정보통신공학과과,학부 재학생 긴급 경제사정 곤란 지원 장학 선발 안내(6/10~23 18:00),https://ce.jnu.ac.kr/bbs/ce/2114/434730/artclView.do,"학부 재학생 긴급 경제사정 곤란 지원 장학 선발 안내  코로나19로 인한 학부모 등 실직, 폐업, 휴업에 따른 경제적으로 어려움을 겪고 있는 학생들의 부담을 완화하여 안정적인 학업여건을 조성하고자 붙임과 같이 학부 재학생 긴급 경제사정 곤란 지원 장학생을 선발하고자 하오니 해당 학생들은 신청바랍니다.  가. 지원대상 : 코로나19로 인해 ‘20. 1월 이후 학부모 등 비자발적 실직 또는 폐업·휴업으로 경제사정이 곤란한 학부 재학생*에게 심사 후 지원    * 미혼인 경우 : 부모, 본인 / 기혼인 경우: 본인, 배우자에 해당",2020-06-10 17:20:12.0
컴퓨터정보통신공학과과,2020학년도 1학기 도전장학생(돋움) 선발 공고(6/3~9 18:00),https://ce.jnu.ac.kr/bbs/ce/2114/434729/artclView.do,"2020학년도 1학기 도전장학생(돋움) 선발 공고  2020학년도 1학기 도전장학생(돋움) 선발 계획을 다음과 같이 안내하오니 많은 지원바랍니다. 가. 선발예정인원 : 110명(학부재학생: 105명, 외국인학생: 5명)  * 학부재학생 학년별 선발 인원:  2학년 35명, 3학년 35명, 4학년 35명나. 장학금액 : 1인당 180만원다. 지원서 접수 : 2020. 6. 3.(수) 9:00 ~ 2020. 6. 9.(화) 18:00   라. 지원(신청) 방법(온라인 접수)  - 우리대학교 포털사이트(http://portal.jnu.a",2020-06-01 14:57:05.0
컴퓨터정보통신공학과과,2020학년도 제1학기 수강신청 취소기간 추가 운영 안내(~6/4),https://ce.jnu.ac.kr/bbs/ce/2114/434728/artclView.do,"2020학년도 제1학기 수강신청 취소기간 추가 운영 안내  ‘코로나19 대응 생활 방역 전환에 따른 추가 학사 운영 방안’에 따라 집합수업 실시 학부 이론 교과목 중 불가피하게 집합수업에 참여할 수 없는 학생들을 대상으로 추가하여 수강신청 취소기간을 연장하고 이 기간 중에 수강 취소한 학생들을 대상으로 수강 취소 학점 이월을 실시하오니, 수강취소원【붙임1】을 2020.6.4.(목)[기한엄수]까지 제출하여 주시기 바랍니다.  가. 수강신청 취소기간 추가 운영 1. 수강취소 대상 학생 : 집합수업 실시 교과목 중 불가피하게 집합수업에",2020-05-27 17:44:09.0
컴퓨터정보통신공학과과,제18회 임베디드 소프트웨어 경진대회 안내(~6/8),https://ce.jnu.ac.kr/bbs/ce/2114/434727/artclView.do,▶ 임베디드 소프트웨어 경진대회 공식 홈페이지 : http://eswcontest.or.kr,2020-05-27 14:33:07.0
컴퓨터정보통신공학과과,"2020 Capstone Design 지원사업 추가 모집 안내(~6/5 18:00, 선착순)",https://ce.jnu.ac.kr/bbs/ce/2114/434726/artclView.do,"2020 Capstone Design 지원사업 추가 모집 안내  공학교육혁신센터에서는 창의적인 문제해결능력을 갖춘 산업체 선호인력을 양성하고, 프로젝트를 수행하는 현장중심 실무강의를 제공하여 대학 내 Capstone Design에 대한 인식이 확산될 수 있도록 다음과 같이 『2020 Capstone Desgin 지원사업』 추가모집을 실시하고자 합니다. 많은 신청바랍니다.         가. 지원 분야   지원분야세부사업명모집인원(팀)비고Capstone Design 다학제형융합동아리 지원사업4팀2개 이상의 非유사계열 전공산학연계형산업",2020-05-26 16:37:59.0
컴퓨터정보통신공학과과,2020년(하) 롯데장학재단 롯데 37기 희망멘토링 장학생 신규 선발 안내(~6/5),https://ce.jnu.ac.kr/bbs/ce/2114/434725/artclView.do,"2020년(하) 롯데장학재단 롯데 37기 희망멘토링 장학생 신규 선발 안내  `20년(하) 롯데 37기 희망멘토링 장학생 신규 선발 관련, 2020학년도 2학기 롯데장학재단 장학생  선발을 안내하오니 많은 신청바랍니다.  가. 선발인원 : 9명 (대학추천인원 11명 *1.2배수 추천)     ※ 대학(본부) 추천순위 : ① 성적우수자 → ② 이수학점 → ③ 소득분위 순으로 11명 추천   나. 롯데 희망멘토링 장학생 추천 기준    1) 대상 : 초·중·고등학생 학생지도(영어,수학 등)를 할 수 있는 대학생     ※ 지원불가 :",2020-05-26 15:17:59.0
컴퓨터정보통신공학과과,경남대학교 빅데이터센터 무료 데이터 AI 교육 신청 안내(~6/8 24:00),https://ce.jnu.ac.kr/bbs/ce/2114/434724/artclView.do,경남대학교 빅데이터센터 무료 데이터 AI 교육 신청 안내  경남대학교 빅데이터센터에서 '데이터 사이언스 및 AI 융합 기반의 빅리더 양성 아카데미'를 아래와 같이 운영하오니 관심 있는 학생들은 신청바랍니다.  ▶아카데미 명 : 데이터 사이언스 및 AI 융합 기반의 빅리더 아카데미 ▶대상 : 대학(원) 졸업예정자 및 만 34세 이하의 미취업 청년(3학년 청강가능) ▶인원 : 70명 (2개 반) ▶모집기간 : 2020. 6. 8.(24:00 마감) ▶교육기간 :  - 온라인 교육 : 2020. 6. 22. - 7. 3.  - 집체교육,2020-05-25 17:15:35.0
컴퓨터정보통신공학과과,2020 광주광역시 서구 장학재단 코로나19 특별장학생 선발 안내(5/25~6/8 18:00),https://ce.jnu.ac.kr/bbs/ce/2114/434723/artclView.do,"2020 광주광역시 서구 장학재단 코로나19 특별장학생 선발 안내  광주광역시 서구 장학재단에서 코로나19로 인해 경제적 위기를 겪고 있는 지역주민의 생활안정에 도움을 주고자 2020년도 「광주광역시 서구 장학재단 코로나19 특별장학생」선발 공고문을 안내하오니 많은 지원 바랍니다. - 선발규모 : 총 60명 / 45,000천원 - 신청대상 : 공고일 현재 주민등록상 서구에 6개월 이상 주소를 둔 주민과 그 자녀로서 유형별 요건을 갖춘 자 - 접수기간 : 2020. 5. 25.(월) ~ 6. 8.(월) (토요일, 공휴일 제외) - 접",2020-05-25 14:19:43.0
컴퓨터정보통신공학과과,2021년도 풀브라이트 미국 대학원 장학 프로그램 신청 안내(6/15~7/2 16:00),https://ce.jnu.ac.kr/bbs/ce/2114/434722/artclView.do,2021년도 풀브라이트 미국 대학원 장학 프로그램 신청 안내  한미교육위원단에서 한국 정부와 미국 정부가 공동 후원하는 풀브라이트 미국 대학원 장학 프로그램의 2021년도 장학생을 다음과 같이 선발하오니 관심 있는 학생들의 신청바랍니다.  가. 선발 대상 : 2021년도 가을학기 미국 석박사 과정 유학 희망자 00명  나. 원서 제출 일정 : 2020. 6. 15.(월) ~ 7. 2.(목) 16:00  다. 원서 제출 방법 : 온라인 및 우편 접수    ※ 한미교육위원단 홈페이지 : http://www.fulbright.or.kr/,2020-05-25 11:50:14.0
컴퓨터정보통신공학과과,"공기업 및 계열사 입사지원 스타트 컨설팅 운영 안내(5/25~28, 매일 14:00~20:00)",https://ce.jnu.ac.kr/bbs/ce/2114/434721/artclView.do,공기업 및 계열사 입사지원 스타트 컨설팅 운영 안내  공기업 및 계열사의 2020년 상반기 채용일정이 공고됨에 따라 전남대학교 융합인재교육원에서 입사지원 준비 중인 우리 학생들에게 효과적인 입사지원서 작성 및 면접 방법의 초석을 다질 프로그램을 소개합니다.네이버 밴드를 통한 원픽강의 진행과 함께 입사지원서 제출 전 전문가 피드백을 원하는 학생들에게는 개별 컨설팅의 기회가 제공됩니다. 신청한 학생들에게 개별 URL로 공지 예정이오니 관심있는 그리고 입사지원을 예정하고 있는 모든 분들의 참여바랍니다. ▷ 1PICK 특강 : 2020.,2020-05-25 11:42:04.0
컴퓨터정보통신공학과과,2020년도 2학기 1차 국가 근로장학금 학생 신청 안내(5/20~6/18 18:00),https://ce.jnu.ac.kr/bbs/ce/2114/434720/artclView.do,"2020년도 2학기 1차 국가 근로장학금 학생 신청 안내 2020년도 2학기 1차 국가 근로장학사업 학생 신청 일정을 다음과 같이 안내하오니 많은 학생들의 신청 바랍니다.1. 신청기간 : '20. 5. 20.(수) 09:00 ~ ‘20. 6. 18.(목) 18:00 ※ 주말 및 공휴일 포함 신청기간 내 24시간 신청가능(단, 마감일 제외)2. 신청자격 : 학교 재학중인 학생으로 아래의 두가지 요건 충족 학생 ⊙ 직전학기 성적 1.75이상(70점/100점) ⊙ 소득분위 8분위 이하(기초생활수급자 및 차상위 포함)3. 신청방법 : 한국",2020-05-22 14:13:37.0
컴퓨터정보통신공학과과,2020년 6월 KPX교육원 전력산업 인력양성 교육 수강신청 안내(~5/29),https://ce.jnu.ac.kr/bbs/ce/2114/434719/artclView.do,2020년 6월 KPX교육원 전력산업 인력양성 교육 수강신청 안내  가. ’20년 6월 교육 일정과정명기수교육기간수강료인원비고고급 계통운전반**1기’20. 6. 8. ~ 6. 10. (3일)무료50명집합교육KPX교육원중급 전력거래반1기’20. 6. 15 ~ 6. 17. (3일)유료*50명수요자원시장반1기’20. 6. 22. ~ 6. 23. (2일)유료*50명온라인 교육(epems.kpx.or.kr)온라인 계통운전반***온라인 2기’20. 6. 1. ∼ 6. 30. (30일)무료300명초급 전력거래반(온라인)6기’20. 6. 1. ∼,2020-05-21 14:49:36.0
컴퓨터정보통신공학과과,NET 챌린지 시즌7(ICT 아이디어 경진대회) 참가 안내(5/25~6/8 18:00),https://ce.jnu.ac.kr/bbs/ce/2114/434718/artclView.do,"NET 챌린지 시즌7(ICT 아이디어 경진대회) 참가 안내  한국정보화진흥원 초연결지능형연구개발망(KOREN)에서는 과학기술정보통신부의 지원을 받아 ICT분야의 다양한 아이디어를 가진 인재를 발굴, 개발 및 상용화로 연결될 수 있도록 지원하는 ""NET 챌린지 캠프 시즌7""을 시행합니다. 이와 관련 다음과 같이 캠프 아이디어를 공모하오니, 미래네트워크 분야에 관심과 열정이 있는 대학(원)생의 참여 바랍니다. 1. 행사명 : NET 챌린지 시즌7 ㆍ주최 : 과학기술정보통신부 ㆍ주관 : 한국정보화진흥원, KOREN연구협력포럼 ㆍ후원 :",2020-05-20 16:05:05.0
컴퓨터정보통신공학과과,2020학년도 1학기 표현과 소통 상담실 운영 안내(~6/19),https://ce.jnu.ac.kr/bbs/ce/2114/434717/artclView.do,"2020학년도 1학기 표현과 소통 상담실 운영 안내  전남대학교 기초교육원 교양교육지원센터에서 2020학년도 1학기 표현과 소통 상담실을 운영하오니 많은 신청바랍니다. 1. 운영 기간 : 2020. 3. 16.(월) ~ 6. 19.(금)  ※ 주말 및 공휴일, 중간/기말고사 기간 제외  2. 신청 방법 : 기초교육원 누리집 신청(https://ile.jnu.ac.kr/)  ※ 코로나19 감염 예방을 위해 면대면 상담은 실시간 화상으로 진행합니다. 3. 문의 : 교양교육지원센터(062-530-0916, 0918) 4. 관련 링크 :",2020-05-20 10:53:15.0
컴퓨터정보통신공학과과,2020 산업융합 아이디어 사업화 해커톤 대회 참가 신청 안내(5/18~6/12 18:00),https://ce.jnu.ac.kr/bbs/ce/2114/434716/artclView.do,"2020 산업융합 아이디어 사업화 해커톤 대회 참가 신청 안내  1.  참가대상 : 대학(원)생 2.  참가부문 : 융합신산업 분야의 다양한 아이디어 (규제개선부문 및 자율·생활부문)  3. 접수기간 : 2020. 5. 18.(월) ~ 6. 12.(금) 18시까지 4. 접수방법 : 온라인 접수(www.ichackathon.kr) 5. 수상자특전 : 15개팀 시상 (총상금 2,100만원)  - 산업통상자원부장관상(5개팀), 한국생산기술연구원장상(5개팀), 숭실대학교총장상(5개팀) 등  - 우수시상작 대상 사업화 지원(시제품 제작, 비",2020-05-20 10:42:33.0
컴퓨터정보통신공학과과,2020년 상반기 익산시 대학생 학자금 대출이자 지원사업 안내(5/11~6/17 18:00),https://ce.jnu.ac.kr/bbs/ce/2114/434715/artclView.do,"2020년 상반기 익산시 대학생 학자금 대출이자 지원사업 안내  익산시에서는 지역 대학생의 교육비 부담 경감을 위해 「2020년 상반기 익산시 대학생 학자금 대출이자 지원 사업」을 추진하오니 참고하시기 바랍니다. 1. 지원대상 : 공고일 현재 익산시에 주민등록 주소를 둔 전국 대학생  ※ 전국 어느 대학에 다니든지 모두 지원가능(단, 졸업생과 대학원생 및 휴학생은 제외) 2. 지원내용 : 2017년부터 한국장학재단에서 받은 학자금의 `20년도 1학기 대출이자  - 학자금(등록금, 생활비) : 든든(취업후상환)학자금, 일반상환 학자금",2020-05-20 10:37:54.0
컴퓨터정보통신공학과과,2020학년도 2학기 국가장학금 1차 신청 안내(5/20~6/18 18:00),https://ce.jnu.ac.kr/bbs/ce/2114/434714/artclView.do,"2020학년도 2학기 국가장학금 1차 신청 안내  「2020학년도 2학기 국가장학금」 신청 일정을 다음과 같이 안내하오니 해당 학생들은 기간 내 신청바랍니다.  가. 신청대상 : 재학생*, 신입생, 편입생, 재입학생, 복학생    * 재학생은 국가장학금 1차 신청이 원칙이나, 2차 신청 후 구제신청서 제출(공인인증서 서명) 시 재학 중 2회에 한하여 재심사 후 지원 가능(구제신청서 제출 기간은 한국장학재단에서 별도 안내)  나. 신청기간 : ′20. 5. 20.(수) 09:00 ~ 6. 18.(목) 18:00     - 서류제출 및",2020-05-20 10:10:49.0
컴퓨터정보통신공학과과,2020학년도 하계 계절학기 제주대학교 교류수학 허가자 학번 부여 안내,https://ce.jnu.ac.kr/bbs/ce/2114/434713/artclView.do,"2020학년도 하계 계절학기 제주대학교 교류수학 허가자 학번 부여 안내  2020학년도 하계 계절학기 제주대학교 교류수학 허가자 명단을 붙임과 같이 알려드리니, 제주대학교 학사일정에 따라 수학하시기 바랍니다.   ◎ 수업기간 : 2020. 7. 8.(수) ~ 7. 28.(화)  ◎ 수강신청기간 : 2020. 5. 20.(수) 09:00 ~ 5. 22.(금) 18:00   ◎ 수강신청방법     제주대학교 홈페이지 (http://www.jejunu.ac.kr(클릭)) 수강신청 바로가기 팝업창 → 하영Dreamy(학사정보서비스) → 아",2020-05-20 09:40:19.0
컴퓨터정보통신공학과과,2020학년도 제1학기 수강신청 취소기간 추가 운영 안내(5/26~28),https://ce.jnu.ac.kr/bbs/ce/2114/434712/artclView.do,"2020학년도 제1학기 수강신청 취소기간 추가 운영 안내 ‘코로나19 대응 생활 방역 전환에 따른 학사 운영 방안’에 따라 집합수업 실시 교과목 중 부득이하게 집합수업에 참여할 수 없는 학생들을 대상으로 다음과 같이 수강신청 취소 기간을 추가운영하고 이 기간 중에 수강을 취소한 학생들을 대상으로 수강 취소 학점 이월을 실시하오니, 수강취소원【붙임1】을 2020. 5. 28.(목)[기한엄수]까지 제출하여 주시기 바랍니다.가. 수강신청 취소기간 추가 운영 1) 수강취소 대상 학생: 집합수업 실시 교과목 중 부득이하게 집합수업에 참여할",2020-05-19 12:12:26.0
컴퓨터정보통신공학과과,2020학년도 온라인 진로·취업 프로그램 운영 안내(2020.4.1.~2021.3.31.),https://ce.jnu.ac.kr/bbs/ce/2114/434711/artclView.do,"2020학년도 온라인 진로·취업 프로그램 운영 안내  융합인재교육원에서는 최근 취업 트렌드 기반의 취업 준비를 위한 「온라인 취업 솔루션」 프로그램 및 실제 취업 준비에 도움이 되는 「온라인 현직자 취업 멘토링」 프로그램을 운영하고 있습니다. 이에 아래와 같이 관련 프로그램 운영 개요 및 소개 자료를 안내하오니, 많은 신청바랍니다.1. 프로그램명프로그램명내   용대 상기 간온라인 취업 솔루션프로그램- AI 자기소개서 / 직무적성검사 모의시험/ 면접 준비- NCS 기반 교육 컨텐츠(검사, 동영상 강의) - 공사·공기업관 운영 / 인문",2020-05-18 18:02:23.0
컴퓨터정보통신공학과과,2020년 상반기 공채 대비「1:1 자기소개서 클리닉」신청 안내(5/18~6/19 18:00),https://ce.jnu.ac.kr/bbs/ce/2114/434710/artclView.do,"2020년 상반기 공채 대비「1:1 자기소개서 클리닉」 신청 안내  융합인재교육원 대학일자리센터에서는 2020년 코로나19 확산으로 기업채용이 연기된 일정에 맞춰 상반기 공채 기간 입사지원자의 취업경쟁력 강화를 위한 공채대비 「1:1 자기소개서 클리닉」 프로그램을 운영하오니 많은 신청바랍니다. 1. 프로그램명 : 2020년 상반기 공채대비 「1:1 자기소개서 클리닉」 2. 운영기간 : 2020년 5월 18일(월) ~ 6월 19일(금), 09:00~18:00(점심시간 제외)  ※ 1회 컨설팅 시간 50분 이내, 해당기간 내 자기소개서",2020-05-18 11:07:56.0
컴퓨터정보통신공학과과,"2020 상반기 NCS 필기교육 온라인 솔루션(실전편) 동영상 강의 지원 안내(~5/22 17:00, 조기마감)",https://ce.jnu.ac.kr/bbs/ce/2114/434709/artclView.do,2020 상반기 NCS 필기교육 온라인 솔루션(실전편) 동영상 강의 지원 안내  1. 프로그램명 : 2020학년도 상반기 NCS 필기 교육 온라인 솔루션(실전편)2. 대상 : 재학생 4학년 및 졸업생 85명3. 내용 : 해커스(https://public.hackers.com/) 온라인 강의 [2020 상반기] 한 번에 합격하는 NCS 직업기초능력평가 실전편 4. 프로그램 신청  가. 신청 기간 : 2020. 5. 22.(금) 17:00 까지(조기마감 가능)  나. 온라인 신청 : 취업․진로사이트(http://capd.jnu.ac.k,2020-05-18 10:48:21.0
컴퓨터정보통신공학과과,2020학년도 제1학기 글로벌커뮤니케이션잉글리쉬 시험 실시 안내(접수: 5/25~6/8 9:00),https://ce.jnu.ac.kr/bbs/ce/2114/434708/artclView.do,"글로벌커뮤니케이션잉글리쉬 시험 실시 안내    1. 시험 시행 기본 방침  (기본원칙) 글커잉 시험을 아래의 계획으로 실시함. 다만, 이 시험을 접수하지 않은 경우라도 1회 응시한 것으로 간주 처리함(단, 시험 접수를 하였다가 결시하는 경우 응시횟수에 산입하지 아니함)  ※ 글커잉 시험에 접수하지 않는 경우 별도의 조치 없이 응시 대상 학생 모두에게 1회 응시한 것으로 처리하되, ‘20.1학기 글커잉 점수는 미기재(휴학, 자퇴 등 학적상태 변동시 응시대상 제외)  (예외적용) 응시 대상자 본인의 희망에 따라 글커잉 시험에 응시하거나",2020-05-18 09:12:37.0
컴퓨터정보통신공학과과,2020년 제4회 GIST 창의융합경진대회 참가 신청 안내(~5/28 16:00),https://ce.jnu.ac.kr/bbs/ce/2114/434707/artclView.do,"2020년 제4회 GIST 창의융합경진대회 참가 신청 안내  GIST 창의융합 경진대회는 인공지능, 지능로봇, 가상환경, 헬스케어기술 그리고 차세대 에너지 기반기술 등의 4차 산업혁명시대에 상응하는 융합기술 인재를 발굴하기 위한 행사로 국내대학 학부생들에게 무한한 창의성 발현과 시스템 구현의 즐거움을 선사할 것입니다. 관심있는 학생들의 많은 신청 바랍니다.  ▷ 행사명 : 2020년 제4회 GIST 창의융합 경진대회  ▷ 주최 : GIST 융합기술원 ▷ 응모트랙 1) 탁구 로봇 콘테스트 2) 캠퍼스 에너지 사용요금 절감 알고리즘 개",2020-05-13 18:20:12.0
컴퓨터정보통신공학과과,2020년도 청년TLO 육성사업 희망자 모집 안내(~5/27),https://ce.jnu.ac.kr/bbs/ce/2114/434706/artclView.do,"2020년도 청년TLO 육성사업 희망자 모집 안내  산학협력단에서는 미취업 졸업생을 대상으로 연구개발, 산학협력, 기술사업화에 대한 교육이수 및 경험 축적을 통해 취·창업을 촉진하고자 2020년도 청년TLO 육성사업 희망자를 다음과 같이 모집하오니, 관련 졸업생들의 많은 신청바랍니다. ▶ 신청기한 : ~5월 27일(수)▶ 근무기간 : ‘20. 7. 1. ~ 12. 31.(6개월)▶ 인건비 지원 : (학사) 월 1,981천원, (석사/박사) 월 1,986원 ※ 기관 및 개인 사대보험 포함   ※ 자세한 내용은 [컴퓨터정보통신공학과 홈",2020-05-13 17:56:21.0
컴퓨터정보통신공학과과,2020년 하계 삼성전자서비스CS(주) 현장실습교육과정 모집 안내(~5/22),https://ce.jnu.ac.kr/bbs/ce/2114/434705/artclView.do,2020년 하계 삼성전자서비스CS(주) 현장실습교육과정 모집 안내    융합인재교육원 현장실습지원센터에서는 삼성전자서비스CS㈜와 연계하는 현장실습을 통하여 학생들에게 기업 문화 체험 및 취업활동에 도움을 주고 산학협력의 기반을 조성하고자 아래와 같이 「2020년 하계 삼성전자서비스CS㈜ 현장실습」을 운영하오니 많은 학생들의 참여 바랍니다.  가. 프로그램명: 2020년 하계 삼성전자서비스CS㈜ 현장실습 나. 추진일정운영내용운영(기간)세부 내용학생 신청기간2020. 05. 07.(목) ~ 05. 22.(금) 신청방법 : 융합인재교육원,2020-05-12 17:51:43.0
컴퓨터정보통신공학과과,[지역선도대학육성사업단] NCS 온라인 모의고사 응시 안내(~5/17),https://ce.jnu.ac.kr/bbs/ce/2114/434704/artclView.do,"[지역선도대학육성사업단]  NCS 온라인 모의고사 응시 안내  지역선도대학육성사업단에서 3, 4학년을 대상으로 NCS 온라인 모의고사를 실시하고자 하오니 참여바랍니다. 1. 응시 대상 : 전남대학교 지능형ICT트랙 참여 학생으로 3, 4학년 재학생 ※ ICT지능형트랙 미신청자는 '커뮤니티-공지사항-참여사업단-트랙 이수과정 신청(클릭)' 내 신청서 작성하여 학과실로 제출바랍니다. 2. 응시 기간 : 2020. 5. 7.(목) ~ 17.(일)3. 응시 방법 : NCS 온라인 모의고사 사이트(https://job.edueroom.co.k",2020-05-12 17:37:00.0
컴퓨터정보통신공학과과,특허청 제1회 지식재산 스타트업 경진대회 공고 안내(~6/15 17:00),https://ce.jnu.ac.kr/bbs/ce/2114/434703/artclView.do,"특허청 제1회 지식재산 스타트업 경진대회 공고 안내도전! K-스타트업 2020 예선(지식재산리그) 참가자(팀) 모집 「도전! K-스타트업 2020(부처 합동 창업경진대회)」의 예선 대회(지식재산리그)인 ‘제 1회 지식재산 스타트업 경진대회’의 참가자(팀) 모집을 다음과 같이 공고합니다. 1. 대회 개요  □ 목적 : 유망한 지식재산권 보유 (예비)창업자를 경연으로 선발․육성하고, 창업문화를 확산하기 위해 우수 창업자 포상과 사업화 지원  □ 운영주체 : (주최) 특허청, (주관) 한국발명진흥회, (후원) 신용보증기금, 인포뱅크  □",2020-05-12 16:21:19.0
컴퓨터정보통신공학과과,WISET 이공계 여대생을 위한 여성과학기술인 창업교육 신청 안내(~5/15),https://ce.jnu.ac.kr/bbs/ce/2114/434702/artclView.do,"WISET 이공계 여대생을 위한 여성과학기술인 창업교육 신청 안내  여성과학기술인의 창업 기초역량을 높이는 교육·훈련을 통해, 보유한 전문기술과 혁신적인 아이디어를 기반으로 한 창업계획을 구체화하여, 준비된 여성창업가를 확대하고자 「여성과학기술인 창업교육」을 다음과 같이 공고하오니 관심 있는 여성 예비창업자의 많은 참여 바랍니다.  1. 사업 목적  : 예비창업자를 위한 전문 창업교육 프로그램인 「실전창업교육」(중소벤처기업부)과 연계하여, 창업을 희망하는 여성과학기술인의 창업 기초역량 증진과 체계적인 사업계획 준비를 지원 2. 사업",2020-05-12 15:14:16.0
컴퓨터정보통신공학과과,2020년 청년예비창업가 발굴·육성사업 창업초기사업화자금지원 2차 모집 공고(5/6~20 17:00),https://ce.jnu.ac.kr/bbs/ce/2114/434701/artclView.do,"2020년 청년예비창업가 발굴·육성사업 창업초기사업화자금지원 2차 모집 공고  (재)광주테크노파트에서 광주광역시 예비 창업자들의 무한 가능성을 발굴․지원하여 창업분위기 조성 및 지역 경제산업 발전․일자리 창출에 기여하기 위한 「2020년도 예비창업가 발굴·육성사업」모집공고를 실시하오니 많은 참여바랍니다.  1. 사업목적  가. 아이디어 기반의 창업활성화로 새로운 일자리 창출  나. 창업자 전문 컨설팅 및 역량강화 교육 등  성공 창업기업 배출  다. 사업 종료 후 POST 후속지원, 판로개척 지원 등 사후관리를 통해 창업기업 지속",2020-05-12 13:51:10.0
컴퓨터정보통신공학과과,2020 기초창의설계 경진대회 (1학기) 신청 안내(5/6~27 17:00),https://ce.jnu.ac.kr/bbs/ce/2114/434700/artclView.do,"2020 기초창의설계 경진대회 (1학기) 신청 안내 공학교육혁신센터에서는 공과대학 및 공학대학 학생들을 대상으로 창의적 설계 교육을 통하여 학습동기를 부여하고, 팀워크 활동의 중요성을 인식시킴과 발표회를 통한 자신감 및 성취감 고취를 목적으로 『2020 기초창의설계 경진대회(1학기)』를 다음과 같이 진행하고자 합니다.       1. 명   칭 : 2020 기초창의설계 경진대회 (1학기) 2. 일   시 : 2020.06.11.(목) 14:00 ∼3. 장   소 : 공과대학 4호관 코스모스홀4. 신청기간 : 2020.05.06.(수",2020-05-12 13:35:49.0
컴퓨터정보통신공학과과,2020년 하계 포스코 스틸브릿지 현장실습교육과정 모집 안내(~5/18),https://ce.jnu.ac.kr/bbs/ce/2114/434699/artclView.do,2020년 하계 포스코 스틸브릿지 현장실습교육과정 모집 안내    융합인재교육원 현장실습지원센터에서는 포스코 스틸브릿지와 연계하는 현장실습을 통하여 학생들에게 기업 문화 체험 및 취업활동에 도움을 주고 산학협력의 기반을 조성하고자 아래와 같이 「2020년 하계 포스코 스틸브릿지 현장실습」을 운영하오니 많은 참여 바랍니다.      가. 프로그램명: 2020년 하계 포스코 스틸브릿지 현장실습   나. 추진일정운영 내용일정비고학생 신청기간2020. 05. 11.(월) ~ 05. 18.(월)현장실습지원센터 홈페이지 공지사항 참조 (h,2020-05-11 17:38:14.0
컴퓨터정보통신공학과과,2020학년도 국가 근로장학금 하계방학 집중근로 프로그램 희망근로기관 신청 안내(5/21~29),https://ce.jnu.ac.kr/bbs/ce/2114/434698/artclView.do,"2020학년도 국가 근로장학금 하계방학 집중근로 프로그램 희망근로기관 신청 안내  2020학년도 국가 근로장학사업 하계방학 집중근로 프로그램 희망근로기관 신청을 다음과 같이 안내드립니다.   가. 신청기간 : '20. 5. 21.(목) ~ 5. 29.(금)    나. 신청자격 : '20학년도 1학기 국가 근로장학금 1차, 2차 신청한 재학생(1, 2차 미신청자는 신청 불가)   다. 신청방법 : 한국장학재단 홈페이지 → 장학금 → 국가 근로장학금 → 근로장학관리 → 희망근로장학기관 신청     ※ 상세 신청방법 붙임 참고    라.",2020-05-11 16:02:45.0
컴퓨터정보통신공학과과,2020 기업가 멘토링 프로그램 모집 안내(~5/15 15:00),https://ce.jnu.ac.kr/bbs/ce/2114/434697/artclView.do,"2020 기업가 멘토링 프로그램 모집 안내  공학교육혁신센터에서는 기업연계형 프로그램으로 재학생과 지역 기업체에 재직중인 기업가와 멘토-멘티 관계를 맺고, 진학·취업·전공 등 다양한 주제로 멘토링을 함으로써 지속적인 유대관계를 형성과 학생들의 맞춤형 취업 채널 구축을 위한 목적으로 『2020 기업가의 멘토링』을 실시하고자 합니다. 학생들의 많은 신청바랍니다.가. 프로그램명 : 2020 기업가 멘토링 프로그램나. 모집형태 : 재학생(2~4인) 및 기업가(동문포함)로 구성된 팀다. 모집팀수 : 13팀 내외 (선착순)라. 지원내역 : 팀",2020-05-08 15:25:51.0
컴퓨터정보통신공학과과,2020 Capston Design 지원사업 안내(~5/15 18:00),https://ce.jnu.ac.kr/bbs/ce/2114/434696/artclView.do,"2020 Capston Design 지원사업 안내  공학교육혁신센터에서는 전공교과목으로부터 배운 이론을 바탕으로 하나의 작품(제품)을 기획, 설계, 제작 및 평가(검사)를 수행하는 전 과정을 통한 창의적인 문제해결능력을 갖춘 산업체 선호인력을 양성하고, 프로젝트를 수행하는 현장중심 실무강의를 제공하여 공과대학 및 공학대학 내 Capstone Design에 대한 인식이 확산될 수 있도록 다음과 같이 『2020 Capstone Design 지원사업』을 실시하고자 합니다. 학생들의 많은 신청 바랍니다. 가. 지원 분야지원분야모집유형모집인",2020-05-08 15:19:12.0
컴퓨터정보통신공학과과,2020학년도 1학기 늘! 학습멘토링 참여 모둠 공모 안내(상시 신청),https://ce.jnu.ac.kr/bbs/ce/2114/434695/artclView.do,"2020학년도 1학기 늘! 학습멘토링 참여 모둠 공모 안내 기초교육원 교수학습지원센터에서는 이번 학기부터 학업저성취 예상 대학생의 기초 학습역량 향상을 목적으로 운영하고 있는 늘! 학습멘토링 참여 모둠을 다음과 같이 모집합니다.  참고로 늘! 학습멘토링은 상시 신청 프로그램이며, 학습꿈터와 중복해서 참여할 수 없습니다. 2020학년도 1학기 늘! 학습멘토링 참여 모둠 공모신청  기간· 2020. 4. 28.(화) ~ 6. 4.(목)까지, 상시 신청· 교수 및 조교의 따르미 주천 필수신청  방법· 이끄미(교과목 학습에 도움을 주는 학",2020-05-07 17:58:21.0
컴퓨터정보통신공학과과,2020년도 예비군훈련 일정(연기) 안내(8/17 이후),https://ce.jnu.ac.kr/bbs/ce/2114/434694/artclView.do,"2020년도 예비군훈련 일정(연기) 안내 코로나19로 인하여 2020년도 대학 예비군훈련 일정이 연기되어 다음과 같이 알려드리니 해당 학생은 훈련일정 등을 확인바랍니다.    가. 훈련일정 : 2020. 8. 17. 이후(훈련 시작 20일전 개인별 통지)  나. 훈련시간 : 1일(기본훈련/8H)  다. 훈련장소 : 제503여단 3대대(삼각산 예비군훈련장)  라. 2020학년도 1학기 이수자 중 학적변동자(졸업, 휴학 등) 훈련시간   1) 대상 : 전남대학교 예비군연대 편성 학생 중 1학기 이수 후 졸업, 휴학 등의 사유로 지역예비",2020-05-06 15:25:03.0
컴퓨터정보통신공학과과,2020년도 1학기 광주광역시 대학(원)생 학자금대출 이자지원 신청 안내(5/1~6/15 18:00),https://ce.jnu.ac.kr/bbs/ce/2114/434693/artclView.do,"2020년도 1학기 광주광역시 대학(원)생 학자금대출 이자지원 신청 안내  광주광역시에서는 대학(원)생들이 교육비 부담 경감을 위하여 「2020년도 1학기 광주광역시 대학(원)생 학자금대출 이자 지원 사업」을 추진하오니, 해당 학생은 신청바랍니다.   가. 지원대상 : 공고일 기준 현재 광주에 주민등록이 되어 있는 대학(원)에 재학 또는 휴학생  나. 지원내용 : 2017. 1월 ~ 2020. 1학기 한국장학재단에서 받은 학자금 대출 이자  다. 지원방법 : 한국장학재단 대출이자 상환  라. 신청기간 : 2020. 5. 1.(금)",2020-05-06 11:16:19.0
컴퓨터정보통신공학과과,2020학년도 상반기 도전장학(미래) 선발 안내(~5/19),https://ce.jnu.ac.kr/bbs/ce/2114/434692/artclView.do,"2020학년도 상반기 도전장학(미래) 선발 안내  「2020학년도 상반기 도전장학(미래) 선발 계획」을 다음과 같이 공고하오니 우리 대학교 일반대학원에 진학하려는 학생은 신청바랍니다.  1. 장학생 선발  가. 자격 : 2020년 8월 학사과정 졸업예정자로서 2020학년도 후기 우리 대학교 일반대학원에  진학하려는 자 (학.석사연계과정생도 지원 가능)   ※ 직전학기 성적 평균평점 2.5이상 (전남대학교 장학규정 제3조(장학생의 자격))    나. 장학금 : 인문사회계열 1,700천원, 자연예체능계열 2,300천원   ※ 단, 지원",2020-05-06 10:54:53.0
컴퓨터정보통신공학과과,삼성 청년 SW 아카데미 4기 모집 안내(5/11~25),https://ce.jnu.ac.kr/bbs/ce/2114/434691/artclView.do,"삼성 청년 SW 아카데미 4기 모집 안내  삼성 청년 SW 아카데미(Samsung Software Academy For Youth, SSAFY)는 고용노동부의 취업 지원 노하우와 삼성의 SW 교육 경험을 바탕으로, 취업 준비생에게 SW 역량 향상 교육 및 다양한 취업지원 서비스를 제공하여 취업에 성공하도록 돕는 프로그램입니다.  1. SSAFY 소개   가. 교육 기간 : 1년(교육일정 추후 안내)  나. 교육 커리큘럼     1학기 기본과정 (5개월) - 기초 코딩 역량을 갖춘 신입 SW 개발자 육성1차 Job Fair (1개월)",2020-05-06 10:20:23.0
컴퓨터정보통신공학과과,2020학년도 하계 계절학기 타 대학교(제주대) 수학 추천 안내(~5/14 11:00),https://ce.jnu.ac.kr/bbs/ce/2114/434690/artclView.do,"2020학년도 하계 계절학기 타 대학교(제주대) 수학 추천 안내2020학년도 하계 계절학기 타 대학교(제주대) 운영계획을 다음과 같이 안내하오니, 신청자는 기한내 수학신청원을 제출해 주시기 바랍니다. 1. 지원자격   2020년도 1학기 현재 재학중인 자2.교류대학 수   1개 대학만 가능(우리대학+타대학교류 가능, 타대학+타대학 불가) 3. 계절학기 총 수강 가능 학점    6학점 이내(우리대학 수강학점과 교류대학 수강학점 포함) 4. 타 대학 계절학기 운영 내용 (※ 자세한 사항은 붙임 파일 참조)대학명수학신청원 제출 기한제출",2020-05-04 14:03:00.0
컴퓨터정보통신공학과과,2020학년도 학사일정 변경(조정) 재안내,https://ce.jnu.ac.kr/bbs/ce/2114/434689/artclView.do,"2020학년도 학사일정 변경(조정) 재안내‘코로나19’ 사태의 장기화로 재택수업이 '20. 1학기말까지 연장됨에 따라 2020학년도 학사일정 변경사항을 기 안내한 바 있으나, 변경된 학사일정에 따른 학사운영에 차질이 없도록 다음과 같이 재안내 하오니 참고하시기 바랍니다.      ▼ 2020학년도 학사일정 변경(조정) 주요 내용  구 분변경 전변경 후비 고제1학기 수업평가학생: 6. 22.(월) ~ 7. 9.(목)교수: 6. 22.(월) ~ 7. 16.(목)학생: 6. 22.(월) ~ 7. 23.(목)교수: 6. 22.(월) ~ 7",2020-05-04 10:56:08.0
컴퓨터정보통신공학과과,2020학년도 하계 계절학기 운영계획 안내(수강신청: 5/18~22),https://ce.jnu.ac.kr/bbs/ce/2114/434688/artclView.do,2020학년도 하계 계절학기 운영계획 안내  내  용기  간비고개설교과목 공고‘20. 5. 12.(화)- 전남대 홈페이지 공지사항에 공고- 전남대 포털 수강신청 프로그램에 탑재 : 포털→수강시간표 조회→2020.하계 선택수강신청(1차)‘20. 5. 18.(월) 09:00 ~ 5. 22.(금) 18:00인터넷을 이용하여 학생 본인이 수강신청대체교과목 신청접수 및 지정 ‘20. 5. 21.(목) 까지               폐강(1차)‘20. 5. 27.(수)- 전남대 홈페이지 공지사항에 공고- 수강인원 15명 이하 폐강(원,2020-04-29 15:13:28.0
컴퓨터정보통신공학과과,[1학년] 2020학년도 신입생 온라인 폭력예방교육 실시 안내(~5/5),https://ce.jnu.ac.kr/bbs/ce/2114/434687/artclView.do,"2020학년도 신입생 전남대학교 온라인 폭력예방교육 실시 안내  2020학년도 신입생을 대상으로 온라인 폭력예방교육 실시 사항을 아래와 같이 안내하오니, 기한 내 이수 후 교육수료증을 반드시 제출하여 주시기 바랍니다.    1. 이수 대상 : 2020학년도 신입생 2. 이수 영역 : 폭력예방교육(성희롱, 성매매, 성폭력, 가정폭력) 4개 영역 모두 이수(각 1시간) 3. 이수 기한 : ~ 5월 5일(화) 4. 이수 방법  가. 전남대 포털(http://portal.jnu.ac.kr) 로그인 → 우측 「교육훈련」→ 폭력예방교육(성희롱",2020-04-29 11:47:19.0
컴퓨터정보통신공학과과,2020년 「전주시 대학생  학자금 대출이자 지원 사업」신청 안내(5/1~6/15),https://ce.jnu.ac.kr/bbs/ce/2114/434686/artclView.do,"2020년 「전주시 대학생  학자금 대출이자 지원 사업」신청 안내  전주시에서 경제적 여건에 관계없이 의지와 능력에 따라 학업에 전념할 수 있는 환경을 조성하기 위해 「전주시 대학생 학자금 대출이자 지원 사업」을 추진하오니 해당 학생은 신청바랍니다.  가. 지원대상 : 학자금 대출을 받고, 전주시에 주민등록이 있는 전국 대학생 및 대학원생(단, 졸업생은 제외)  나. 지원내용 : 2016년 이후 한국장학재단에서 받은 학자금 대출이자(생활비 제외)  다. 지원방법 : 한국장학재단 학자금 대출금 이자 상환  라. 신청기간 : 2020.",2020-04-28 17:47:27.0
컴퓨터정보통신공학과과,2019학년도 후기(2020년 8월 졸업예정) 졸업 논문 제출 안내(7/13~22 기간연장),https://ce.jnu.ac.kr/bbs/ce/2114/434685/artclView.do,2019학년도 후기(2020년 8월 졸업예정) 졸업 논문 제출 안내  1. 논문 심사   1) 논문 심사 방법  : 컴퓨터공학종합프로젝트(캡스톤디자인) 교과목에서 진행한 프로젝트 또는 개인 자유 주제로 심사기간 내에 개별로 논문 지도교수님과 논문지도 및 발표 진행  2) 논문 심사 기간 : ~7월 10일(금)  2. 최종 논문 제출   1) 제출 대상 : 2020년 8월 졸업예정자   2) 제출 기간 : 7월 13일(월) ~ 7월 22일(수)  3) 제출 장소 : 학과행정실 공7-229호    4) 제출 서류 : 논문 1부(제본 필,2020-04-28 15:02:48.0
컴퓨터정보통신공학과과,2020년 「전남대 전공 알림아리」프로그램을 위한 전공 알리미 선발 안내(4/27~5/4),https://ce.jnu.ac.kr/bbs/ce/2114/434684/artclView.do,2020년 「전남대 전공 알림아리」프로그램을 위한 전공 알리미 선발 안내  전남대학교 입학본부에서는 진로설정을 고민하는 고교생들에게 관심학과에 대한 정보 제공 및 진로설계에 도움을 주는 「전남대 전공 알림아리」 프로그램을 운영하고 있습니다. 프로그램 운영을 위한 전공 알리미 선발을 아래와 같이 시행하니 많은 신청바랍니다.   1. 지원자격 : 우리대학 1~3학년 재학생 및 휴학생 2. 신청기간 : 2020. 4. 27.(월) ~ 5. 4.(월)  3. 신청방법 : http://naver.me/GBIXeN9H (온라인신청: URL 접,2020-04-27 14:06:52.0
컴퓨터정보통신공학과과,2020학년도 후기 일반대학원 입학 설명회 안내(전자컴퓨터공학과 컴퓨터정보통신전공),https://ce.jnu.ac.kr/bbs/ce/2114/434683/artclView.do,"2020학년도 후기 일반대학원 입학 설명회 안내- 전자컴퓨터공학과 컴퓨터정보통신전공 -  2020학년도 후기 일반대학원 신입생 모집과 관련하여 입학설명회를 개최하여야 하나, 최근 코로나19 감염병으로 인하여 부득이 학과 홈페이지를 통한 비대면 홍보를 하고자 합니다. 일반대학원 전자컴퓨터공학과 컴퓨터정보통신전공 입학에 관심 있는 학생들의 확인 바랍니다. ▷ 대학원 소개 : 전자컴퓨터공학과 컴퓨터정보통신전공 소개 및 대학원 과정 안내▷ 연구실 소개 : 전자컴퓨터공학과 컴퓨터정보통신전공 10개 연구실 소개▷ 지원 및 혜택 : 전남대학교",2020-04-24 11:32:35.0
컴퓨터정보통신공학과과,2020학년도 제21기 학생홍보대사 선발 안내(5/12~14),https://ce.jnu.ac.kr/bbs/ce/2114/434682/artclView.do,"2020학년도 제21기 학생홍보대사 선발 안내  대학본부는 학생홍보대사를 선발하여 SNS홍보, 캠퍼스투어 진행, 홍보이미지 모델 활동을 통해 우리대학을 홍보하고 있으며, 애교심과 열정을 가진 2020학년도 제21기 학생홍보대사를 선발하고 있으니 학생들의 많은 신청 바랍니다. 가. 선발인원 : 총 12명(광주 9명, 여수 2명, 외국인 1명)  나. 지원자격   - 공고일 현재 재학생으로서 2학기 이상 이수하고 잔여 학기가 5학기 이상 남은 학생으로 선발된 후 2년 연속(선발일~2021년 12월 말)하여 학생홍보대사 활동이 가능한 자",2020-04-23 18:28:03.0
컴퓨터정보통신공학과과,국내 체류 외국인 유학생 공적 마스크 구매 안내,https://ce.jnu.ac.kr/bbs/ce/2114/434681/artclView.do,"국내 체류 외국인 유학생 공적 마스크 구매 안내  식품의약품안전처에서는 국내 코로나19 확산 방지를 위해, 국내에 장기체류하고 있으나 국민건강보험에 가입되지 않아 그간 공적 마스크를 구매할 수 없었던 외국인(유학생 포함)에 대해 아래와 같이 공적 마스크를 구매할 수 있도록 허용하였음을 알려드립니다.  가. 시행일 : 2020. 4. 20.(월) 00:00  나. 대상 : 외국인 유학생 등 외국인 등록을 한 외국인    ※ 국민건강보험 미가입자도 구매 가능  다. 구매방법 : 주 1회 · 1인 2개씩 구매 가능(마스크 5부제 동일 적",2020-04-23 16:07:34.0
컴퓨터정보통신공학과과,2020년도 상반기 김제시 대학생 학자금대출 이자지원 신청 안내(5/4~6/12),https://ce.jnu.ac.kr/bbs/ce/2114/434680/artclView.do,"2020년도 상반기 김제시 대학생 학자금대출 이자지원 신청 안내  김제시에서는 대학생들이 경제적 여건과 관계없이 의지와 실력에 따라 학업에 전념할 수 있는 환경 조성을 위하여 「2020년도 상반기 김제시 대학생 학자금대출 이자 지원 사업」을 추진하오니, 해당 학생은 기한 내 신청바랍니다.  가. 지원대상 : 공고일 기준 현재 부모 또는 학생이 김제시에 주민등록이 되어 있는 대학 재학생(졸업생 및 대학원생 제외)  나. 지원내용 : 2016. 1월 ~ 2020. 4월에 한국장학재단에서 받은 학자금 대출 이자(생활비 대출 제외)  다.",2020-04-23 14:09:46.0
컴퓨터정보통신공학과과,2020학년도 학기중 셔틀버스(광주 ↔ 여수캠퍼스) 운행 재변경 안내,https://ce.jnu.ac.kr/bbs/ce/2114/434679/artclView.do,"2020학년도 학기중 셔틀버스(광주 ↔ 여수캠퍼스) 운행 재변경 안내  코로나19 사태가 장기화되고 있어 재택수업 기간을 학기말까지 연장함에 따라 2020학년도 학기중 행정업무 지원을 위한 셔틀버스(광주 ↔ 여수캠퍼스)를 다음과 같이 변경 운행하오니 참고하시기 바랍니다.   가. 운행 목적 : 광주 ↔ 여수캠퍼스간 행정업무 지원  나. 운행 기간    가) 1학기 : 방학 중 셔틀버스 운행과 동일      - 월요일, 금요일, 대형버스(광주 - 여수) 출발 13:00,  (여수 - 광주) 출발 16:00      - 화요일, 목요일",2020-04-23 13:52:12.0
컴퓨터정보통신공학과과,MG희망나눔 청년주거 장학사업 「MG희망나눔 내집잡기 3기」신청 안내(4/6~5/14),https://ce.jnu.ac.kr/bbs/ce/2114/434678/artclView.do,MG희망나눔 청년주거 장학사업 「MG희망나눔 내집잡기 3기」신청 안내  MG청년주거 지원사업이란?복지 사각지대에 있는 청년들을 대상으로 주거공간 지원 및 주거 관련 서비스를 지원하는 사업입니다. 선정된 청년들이 서비스 지원을 통해 사회구성원으로 성장할 수 있도록 전국 단위 청년 1인에 주거비용을 지원합니다. 신청기간 및 방법을 아래와 같이 알려드리오니 주거지원이 필요한 학생들은 많은 신청 바랍니다.  1. 신청대상  - 만 18세 이상 주거비 지원이 필요한 청년층  - 아래의 신청 자격에 해당하는 자 2. 모집기간 : 2020년 4,2020-04-22 10:24:39.0
컴퓨터정보통신공학과과,"2020학년도 신(편)입생 학생증(스마트카드) 2차 배부 일정 재변경 안내(~9/4, 9/9)",https://ce.jnu.ac.kr/bbs/ce/2114/434677/artclView.do,"2020학년도 신(편)입생 학생증(스마트카드) 2차 배부 일정 재변경 안내  코로나19 대응을 위한 재택수업 기간이 연장됨에 따라 학생증 2차 배부일정을 아래와 같이 재변경하오니 참고하시기 바랍니다. 구분1차 배부일정2차 배부일정비고배부대상조기 수령을 희망하는 신(편)입생, 대학원생신(편)입생, 대학원생※ 2차 배부일정 전에 학생증 수령을 희망하는 학생은  광주은행을 방문 하면 수령 가능함배부일정2020. 3. 18.(수) ~ 9. 4.(금)[공과대학] 2020. 9. 9.(수) 10:00 ~ 16:30배부장소제1학생회관 1층 광주",2020-04-22 09:59:56.0
컴퓨터정보통신공학과과,2020년 하계 및 2학기 현장실습교육과정 모집 안내(5/6~15),https://ce.jnu.ac.kr/bbs/ce/2114/434676/artclView.do,2020년 하계 및 2학기 현장실습교육과정 모집 안내   융합인재교육원 현장실습지원센터에서는 학생들의 산업현장에 대한 이해증진 및 진로 탐색을 위하여 「2020년 하계 및 2학기 현장실습교육과정」을 아래와 같이 운영하고자 하오니 많은 학생들의 참여바랍니다.   가. 2019년도 현장실습교육과정은 산업재해보상보험(이하: 산재보험) 가입 의무화로 학생들에게 산재보험을 적용하는 기업(기관)에 한하여 교육과정을 운영함 나. 프로그램명: 2020년 하계 및 2학기 현장실습교육과정  다. 추진일정 운영 내용일정(기간)세부 내용기업(기관) 및,2020-04-21 09:48:03.0
컴퓨터정보통신공학과과,"코로나19 대응 재택수업 기간 연장 안내(3/16~6/26, 1학기)",https://ce.jnu.ac.kr/bbs/ce/2114/434675/artclView.do,"코로나19 대응 재택수업 기간 연장 안내  코로나19 사태가 장기화되고 있어 재택수업 기간을 기존 ‘20. 3. 16.(월) ~ 4. 24.(금)에서 ‘20. 1학기말까지 연장합니다.  ※ 코로나19 사태 추이에 따라 재택수업 기간을 단축할 수 있으며, 단축 시 1주일 전에 공지 예정임 구분기존변경재택 수업기간3월 16일(월) ~ 4월 24일(금)  [6주간]3월 16일(월) ~ 6월 26일(금)  [1학기]  ▼ 학사일정 변경(안)  ※ 종강(6월 26일) 이전 집합수업이 가능한 경우의 일정으로, 집합수업 실시 시점에 따라 학사일",2020-04-20 09:20:50.0
컴퓨터정보통신공학과과,포스코 청년 AI·Big Data 아카데미 무료합숙교육 신청 안내(4/20~5/5 18:00),https://ce.jnu.ac.kr/bbs/ce/2114/434674/artclView.do,포스코 청년 AI·Big Data 아카데미 무료합숙교육 신청 안내  포스코가 우리나라 청년들의 실질적인 취업을 지원하기 위해 「청년 AI·Big Data 아카데미」를 무료합숙교육(2.5개월)으로 운영하오니 많은 참여바랍니다.,2020-04-16 16:07:51.0
컴퓨터정보통신공학과과,2020 이노폴리스기술창업지원단 (예비)기술창업자 모집(~4/30 17:00),https://ce.jnu.ac.kr/bbs/ce/2114/434673/artclView.do,"2020 이노폴리스기술창업지원단 (예비)기술창업자 모집  전남대 이노폴리스기술창업지원단에서 2020년 이노폴리스사업이 시작되어 (예비) 기술창업자를 모집합니다. 보유기술을 창업아이템으로 구체화하거나 기술창업을 준비하는 예비창업자들을 위한 좋은 기회이오니, 관심있는 분들의 많은 참여바랍니다. ○ 사업내용전남대학교의 혁신인프라(기술 및 R D인력)와 사업화역량을 활용하여 예비창업자의 창업아이템 발굴 및 검증을 실시하고 기술창업  지원 ○ 지원내용- 기업가정신교육(기업 CEO들의 창업스토리)- 창업필수교육(기본교육, 사업계획 및 전략수립",2020-04-16 15:44:22.0
컴퓨터정보통신공학과과,2020학년도 2학기 국제인턴 2차 모집 안내(~4/23),https://ce.jnu.ac.kr/bbs/ce/2114/434672/artclView.do,"2020학년도 2학기 국제인턴 2차 모집 안내  대학 본부에서 아래와 같이 2020학년도 2학기 국제인턴을 선발하오니 관심 있는 학생들의 많은 신청바랍니다. 국제인턴프로그램에 참가한 학생은 우리대학과 협정을 맺은 인턴십 기관에서 한 학기 동안 실무경험 및 관련 교육을 이수하고 성적을 인정받습니다. 이 기간 동안 우리 대학에 등록금을 내고 재학생 신분을 유지해야 합니다.  1. 모집기간 : 2020. 4. 13.(월) ~ 23.(목) 23:00 2. 선발인원 : 8명(미국 5명, 폴란드 1명, 태국 2명) 3. 지원자격 : 아래 4개",2020-04-16 10:47:17.0
컴퓨터정보통신공학과과,2020학년도 공무원 온라인 솔루션 프로그램 무료 강의 지원,https://ce.jnu.ac.kr/bbs/ce/2114/434671/artclView.do,2020학년도 공무원 온라인 솔루션 프로그램 무료 강의 지원     ❍ 프로그램 목적  - 전공 기반 공무원 준비 학생 증가로 인해 학생들이손쉽게 상시 이용할 수 있도록 공무원 온라인 솔루션 프로그램 제공  - 접근성과 편의성이장점인 온라인콘텐츠를 다양한 공직 분야 진출을 목표로 하는 학생들에게 제공  ❍ 프로그램 개요  가. 프로그램명: 2020학년도 공무원 온라인 솔루션 프로그램  나. 대상: 재학생 3~5학년 30명  다. 주요내용     - 행정직·기술직·소방·경찰 공무원 등 다양한 분야의 콘텐츠 제공     - 기본 이론,2020-04-14 17:57:50.0
컴퓨터정보통신공학과과,2020학년도 1학기 동행장학생 선발 계획 안내(~5/1),https://ce.jnu.ac.kr/bbs/ce/2114/434670/artclView.do,"2020학년도 1학기 동행장학생 선발 계획 안내   2020학년도 1학기 동행장학생 선발을 다음과 같이 시행하오니 많은 학생들의 지원바라며, 지원서는 우리 대학교 포털사이트(장학)를 통하여 접수함을 알려드립니다.  가. 선발 예정 인원: 166명(학업장려유형 110명, 취업지원유형 56명)  나. 장학 금액(1인당): 1,800천원  다. 지원서 접수: 2020. 4. 20.(월) 09:00 ~ 5. 1.(금) 18:00 [2주간, 휴일포함]  라. 지원(신청) 방법    - 우리 대학교 포털사이트(http://portal.jnu.",2020-04-14 17:46:16.0
컴퓨터정보통신공학과과,2020학년도 2학기 미국 ICT 학점연계 프로젝트 인턴십 과정 모집 안내(4/6~24 17:00),https://ce.jnu.ac.kr/bbs/ce/2114/434669/artclView.do,"2020학년도 2학기 미국 ICT 학점연계 프로젝트 인턴십 과정 모집 안내 우리 대학의 글로벌 경쟁력확보 및 학생의 역량강화를 위해 미국 ICT학점연계 프로젝트 인턴십 과정에 대해 아래와 같이 모집하오니, 단과대학 취업지원관에게 신청바랍니다. -  아    래 - 1. 프로그램명: 2020학년도 2학기 미국 ICT 학점연계 프로젝트 인턴십 과정2. 신청기한: 2020.04.06.(월) ~ 04.24.(금) 17:00 (기한 연장)3. 제출방법: 정원태 취업지원관의 이메일로 제출(wtnice79@jnu.ac.kr) 4. 대학 선발 일",2020-04-10 10:50:37.0
컴퓨터정보통신공학과과,매치업(Match業) 인공지능(AI) 분야 교육 프로그램 신청 안내(연중 수시 모집),https://ce.jnu.ac.kr/bbs/ce/2114/434668/artclView.do,"매치업(Match業) 인공지능(AI) 분야 교육 프로그램 신청 안내  전남대학교 평생교육원에서 4차 산업 분야의 직무능력 향상을 희망하는 대학생, 구직자, 재직자 등을 대상으로 산업맞춤 단기직무인증과정인 매치업(Match業) 인공지능(AI) 분야 교육 프로그램을 운영하고 있습니다. 전체 교육과정은 입문과정, 공통과정, 심화·응용과정을 단계적으로 개설하고, 모든 교과목은 온라인으로 운영됩니다. 전남대학교 학생의 경우, 전남대학교 링크사업단과 연계하면 일부 교육비가 지원됩니다. 연중 수시 모집 및 운영하오니 많은 관심 부탁드립니다. ◎",2020-04-09 14:53:03.0
컴퓨터정보통신공학과과,2020학년도 학습케어클리닉 프로그램 안내,https://ce.jnu.ac.kr/bbs/ce/2114/434667/artclView.do,"2020학년도 학습케어클리닉 프로그램 안내  기초교육원 교수학습지원센터에서는 학습케어클리닉 프로그램을 아래와 같이 운영하고 있으니 많은 참여바랍니다. ▶ 신청방법 : 기초교육원 누리집(https://ile.jnu.ac.kr) 프로그램신청 기간내용학습코칭2020. 4. 6.(월) ~ 2021. 1. 29.(금)‧ 온라인 학습코칭: 온라인 학습전략 검사 및 해석 동영상 제공, 대학생을 위한 자기주도 학습전략 동영상 제공‧ 면대면 학습코칭: 학습태도 및 성향 진단분석을 통한 개인별 맞춤형 학습방법 안내('20년 5월 부터 운영 예정)※",2020-04-09 13:46:16.0
컴퓨터정보통신공학과과,온라인 취업동문멘토링 운영 안내(멘티 모집: 4/10~13),https://ce.jnu.ac.kr/bbs/ce/2114/434666/artclView.do,"온라인 취업동문멘토링 운영 안내  코로나19로 당초 5월 1일 근로자의 날에 운영하고자 했던 취업동문멘토링을 온라인 취업동문멘토링으로 변경하여 운영하고자 하오니 많은 신청바랍니다. □ 필요성  - 코로나19 바이러스로 인한 면대면 취업동문 멘토링 운영이 어려움  - 경색된 취업시장을 도전하는 우리 학생들에게 재직 중인 취업동문을 멘토로 초청하여 생생한 취업정보, 취업준비 노하우 및 정서적 지지를 제공받도록 하는 것이 필요함 □ 운영기간 : 2020. 4. 16.(목) ~ 5. 31.(일) □ 멘토(취업동문) 모집 : 20명 내외",2020-04-07 11:24:50.0
컴퓨터정보통신공학과과,2020학년도 제1학기 최종 등록기간(추가 3차) 안내(4/7~8 16:00),https://ce.jnu.ac.kr/bbs/ce/2114/434665/artclView.do,"2020학년도 제1학기 최종 등록기간(추가 3차) 안내   2020학년도 제1학기 추가 2차 등록기간(2020. 3. 31. ~ 4. 2.)내에 등록금을 납부하지 못한 학생과 학자금 대출을 신청한 학생을 위하여 다음과 같이 최종 등록기간(추가 3차)을 설정, 시행하오니 기간내에 등록금을 납부하시기 바랍니다.  -  다           음 -   1. 기간 : 2020. 4. 7.(화) ~ 4. 8.(수) 16:00 [2일간]   ➣ 2020. 1학기 수업연한 초과자도 위 기간 내에 등록금 납부 2. 납입금 납부장소 : 광주은행 및",2020-04-07 09:28:42.0
컴퓨터정보통신공학과과,2020학년도 1학기 이뭣고-교학상장 공모 안내(4/6~16),https://ce.jnu.ac.kr/bbs/ce/2114/434664/artclView.do,"2020학년도 1학기 이뭣고-교학상장 공모 안내  기초교육원 교수학습지원센터에서 '2020학년도 1학기 신입생-교수 세미나: 이뭣고-교학상장 참여 모둠'을 공모하오니 많은 신청바랍니다.  1. 목적  - 신입생의 대학생활 적응력 향상  - 신입생의 전공 및 진로 탐색 기회 제공 2. 대상  - 지도교수 : 교수  - 참여학생 : 신입생(1학년 복학생, 편입생, 전과생, 외국인학생 포함)  - 도우미 : 2학년 이상 학과(부) 대학생 3. 모둠 구성(1모둠 기준)  : 교수 1명, 신입생 4 ~ 5명, 도우미 1명 4. 모임 주제 :",2020-04-03 17:57:06.0
컴퓨터정보통신공학과과,2020학년도 신(편)입생 학생증(스마트카드) 2차 배부 일정 변경 안내(4/29),https://ce.jnu.ac.kr/bbs/ce/2114/434663/artclView.do,"2020학년도 신(편)입생 학생증(스마트카드) 2차 배부 일정 변경 안내  ‘코로나19 사태’가 지속됨에 따라 학사일정 변동(개학일 연기)으로 인하여, 학생증 배부 일정 중 2차 배부일정을 아래와 같이 변경하오니 참고하시기 바랍니다. 배부회차2차 배부일정(변경)비고배부대상신(편)입생, 대학원생※ 2차 배부일정 전에 학생증 수령을 희망하는 학생은 3. 30.(월) ~ 4. 24.(금) 광주은행을 방문 하면 수령 가능함배부일정공과대학 : 2020. 4. 29.(수) 10:00~16:30배부장소용지관 컨벤션홀 로비(기획전시실)수령방법소속",2020-04-02 17:57:07.0
컴퓨터정보통신공학과과,2020학년도 학기중 셔틀버스(광주 ↔ 여수캠퍼스 간) 변경 운영 안내,https://ce.jnu.ac.kr/bbs/ce/2114/434662/artclView.do,"2020학년도 학기중 셔틀버스(광주 ↔ 여수캠퍼스 간) 운행 변경 안내  코로나19 대응을 위한 재택수업 3주 추가연장을 실시함에 따라 2020학년도 학기 중 행정업무 지원을 위한 셔틀버스(광주↔여수캠퍼스간)를 다음과 같이 변경운행하오니 참고하시기 바랍니다.   가. 운행 목적 : 광주 ↔ 여수캠퍼스간 행정업무 지원   나. 운행 기간    1) 1학기 : 2020. 04. 27.(월) ~ 06. 26.(금) [토, 일, 공휴일 제외]    2) 2학기 : 2020. 09. 01.(화) ~ 12. 21.(월) [토, 일, 공휴일 제",2020-04-02 09:25:17.0
컴퓨터정보통신공학과과,코로나19 대응을 위한 재택수업 3주 추가 연장 안내(3/16~4/24),https://ce.jnu.ac.kr/bbs/ce/2114/434661/artclView.do,"코로나19 대응을 위한 재택수업 3주 추가 연장 안내  제5회 학무회('20. 3. 19.)에서 재택수업을 1주('20. 3. 30. ~ 4. 3.) 연장한 바 있으나, 코로나19 사태가 지속됨에 따라 학(원)장 간담회('20. 3. 30.)의 의견을 참고하여 재택수업을 3주('20. 4. 6. ~ 4. 24.) 추가로 연장합니다. ※ 재택수업 기간 단축 또는 추가 연장 시 1주일 전에 공지  구분기존변경재택 수업기간3월 16일(월) ~ 4월 3일(금)  [3주간]3월 16일(월) ~ 4월 24일(금)  [6주간]",2020-04-01 13:52:32.0
컴퓨터정보통신공학과과,2020학년도 1학기 예비 해외파견 교육 시행 안내(3/20~31 18:00),https://ce.jnu.ac.kr/bbs/ce/2114/434660/artclView.do,"2020학년도 1학기 예비 해외파견 교육 시행 안내 대학본부에서 국제교류 프로그램 예비 참여자의 외국어 능력 및 글로벌 역량 강화를 위해 2020학년도 1학기 예비 해외파견 교육 프로그램 참여자를 아래와 같이 모집하오니 관심있는 학생들의 많은 신청바랍니다.   가. 지원기간 : 2020. 3. 20.(금) ~ 2020. 3. 31.(화), 오후 6시   나. 지원자격 : 1학년 1학기(첫학기) ~ 3학년 1학기(5학기)를 재학 중이며, 평균 평점 3.0 이상인 자  다. 내용 : 해외 파견프로그램(교환학생/국제인턴)에 참가하고 싶으",2020-03-25 09:44:19.0
컴퓨터정보통신공학과과,"2020학년도 신(편)입생 학생증(스마트카드) 배부 일정 재변경 안내(3/24~25, 4/8)",https://ce.jnu.ac.kr/bbs/ce/2114/434659/artclView.do,"2020학년도 신(편)입생 학생증(스마트카드) 배부 일정 재변경 안내   코로나19 사태가 지속됨에 따라 학사 일정 변동(등교일 연기)으로 인하여 학생증 배부 일정 중 2차 배부 일정이 아래와 같이 변경되었으니 참고하시기 바랍니다.     가. 배부대상 : 전남대포털에서 학생증 발급 신청을 완료한 신(편)입생  나. 회차별 배부일정배부회차1차 배부일정2차 배부일정배부대상학생증(스마트카드) 조기 수령을 희망하는 학생신(편)입생, 대학원생배부일정(공과대학) 2020. 3. 24.(화) ~ 2020. 3. 25.(수) 9:00~16:00",2020-03-24 16:24:37.0
컴퓨터정보통신공학과과,[사회맞춤형 산학렵력선도대학(LINC+)육성사업단] 2020년 1학기 캡스톤디자인 교과목 지원 안내(~5/15),https://ce.jnu.ac.kr/bbs/ce/2114/434658/artclView.do,"[사회맞춤형 산학렵력선도대학(LINC+)육성사업단]  2020년 1학기 캡스톤디자인 교과목 지원 안내  『사회맞춤형 산학협력선도대학(LINC+)육성사업단』에서는 4차 산업혁명 시대에 맞는 산업체 현장수요형 창의적 인재양성을 목적으로 2020학년도 1학기 캡스톤디자인 교과목에 대하여 아래와 같이 지원하고자 하오니 많은 신청바랍니다. 1. 지원대상 : LINC+사업단 참여학과(부) 3, 4학년 학생 중 캡스톤디자인 교과목 수강생2. 지원내용 : 재료비, 회의비 해당  가. 기업연계형 캡스톤디자인 : 20만원 / 학생1인  나. 창의융합",2020-03-24 11:13:52.0
컴퓨터정보통신공학과과,2020학년도 제1학기 추가 2차 등록기간 안내(3/31~4/2 16:00),https://ce.jnu.ac.kr/bbs/ce/2114/434657/artclView.do,"2020학년도 제1학기 추가 2차 등록기간 안내   우리 대학교에서는 2020. 3. 17.(화) ~ 3. 19.(목) 추가 등록을 실시하였으나 아직까지 등록금을 납부하지 못한 학생이 있어 다음과 같이 추가 2차 등록기간을 설정, 시행하오니 기간내에 등록금을 납부하시기 바랍니다.  -  다           음 -   1. 기간 : 2020. 3. 31.(화) ~ 4. 2.(목) 16:00 [3일간]   ➣ 2020. 1학기 수업연한 초과자도 위 기간 내에 등록금 납부 2. 납입금 납부장소 : 광주은행 및 농협전국 본·지점(지역농협",2020-03-23 17:57:34.0
컴퓨터정보통신공학과과,2020학년도 제1학기 수강취소 안내(4/9~10 17:00),https://ce.jnu.ac.kr/bbs/ce/2114/434656/artclView.do,2020학년도 제1학기 수강취소 안내  1. 신청기간 : 2020. 4. 9.(목) 09:00 ~ 4. 10.(금) 17:00 2. 취소절차 : 학생이 인터넷으로 포털에서 직접 수강취소 신청→교과목 개설학과에서 취소 승인 3. 취소방법   : 전남대학교 포털사이트(http://portal.jnu.ac.kr) ▶교육지원 ▶내학사행정 ▶수업 ▶수강신청 ▶수강취소 신청 4. 수강취소 과목범위  - 수강취소 신청과목은 2과목 이내로 하되 취소 후 수강학점은 1학점 이상을 유지해야 함(수업관리지침 제19조) 5. 수강취소 내역확인  - 수강,2020-03-23 10:37:10.0
컴퓨터정보통신공학과과,2020학년도 1학기 재택수업 기간 연장 안내(3/16~4/3),https://ce.jnu.ac.kr/bbs/ce/2114/434655/artclView.do,2020학년도 1학기 재택수업 기간 연장 안내  코로나19 사태가 지속됨에 따라 제5회 학무회의('20. 3..19.)에서 재택수업 기간을 1주('20. 3. 30. ~ 4. 3.) 연장하기로 결정하여 변경된 학사일정을 안내드립니다. 학사운영 변경 사항기존변경재택수업 기간 1주 연장‘20. 3. 16.(월) ~ 3. 27.(금)‘20. 3. 16.(월) ~ 4. 3.(금)제1학기 중간고사 일정 1주 추가 연기‘20. 4. 27.(월) ~ 5. 1.(금)‘20. 5. 4.(월) ~ 5. 8.(금),2020-03-23 10:21:11.0
컴퓨터정보통신공학과과,2020학년도 1학기 교과구분 정정 신청 안내(~3/31),https://ce.jnu.ac.kr/bbs/ce/2114/434654/artclView.do,"2020학년도 1학기 교과구분 정정 신청 안내  1. 신청 대상  : 휴·복학에 따른 교과과정 적용년도 변경, 부·복수전공 선발, 모집단위간이동(전과) 및 국내·외 타대학 교류로 인한 교과구분 상이 학생 2. 신청 유의사항  1) 휴·복학 및 전과에 따른 교과과정 적용년도 변경자의 경우 적용받는 교과과정에   따라 필수 과목이 달라질 수 있으므로 교과과정 적용년도 반드시 확인  2) 편입생 전적 대학 학점인정 내역은 교과구분정정 신청 대상 아님  3) 교과구분 정정 불승인 학생의 경우, 다음 수강신청시 동일 과목 안내 또는 대체지정",2020-03-19 18:41:05.0
컴퓨터정보통신공학과과,신학기 대학교재 불법복제 근절 안내,https://ce.jnu.ac.kr/bbs/ce/2114/434653/artclView.do,"신학기 대학교재 불법복제 근절 안내  2020학년도 1학기 개강을 맞이 하여 문화체육관광부에서는 3월을 대학교재 불법복제 집중단속 기간으로 정하고, 단속 및 예방 활동을 진행할 예정이오니 불법복제 근절에 협조바랍니다.  ○ 저작권자의 허락 없이 도서를 복제하는 행위는 저작권법 위반 행위임 ○ 단체로 교재를 복제 의뢰하여 강의실 등에서 일괄 수령하는 행위 금지 ○ 학내 입점 복사업체에 대한 불법복제 근절 ○ 저작권자의 허락 없이 영리를 목적으로 도서 등을 복사하는 행위는 저작권자의 고소 없이도 저작권법 위반으로 처벌을 받을 수 있음(",2020-03-19 18:04:22.0
컴퓨터정보통신공학과과,2020학년도 2학기 국제인턴 선발 안내(3/16~27 18:00),https://ce.jnu.ac.kr/bbs/ce/2114/434652/artclView.do,"2020학년도 2학기 국제인턴 선발 안내  대학 본부에서 아래와 같이 2020학년도 2학기 국제인턴을 선발하오니 관심 있는 학생들의 많은 신청바랍니다. 국제인턴프로그램에 참가한 학생은 우리대학과 협정을 맺은 인턴십 기관에서 한 학기 동안 실무경험 및 관련 교육을 이수하고 성적을 인정받습니다. 이 기간 동안 우리 대학에 등록금을 내고 재학생 신분을 유지해야 합니다.  1. 모집기간 : 2020. 3. 16.(월) ~ 27.(금) 18:00 2. 선발인원 : 14명(미국 9명, 폴란드 2명, 태국 3명) 3. 지원자격 : 아래 4개 자",2020-03-19 10:04:12.0
컴퓨터정보통신공학과과,2020학년도 1학기 일반물리실험1 재택수업(2주차) 변경 안내,https://ce.jnu.ac.kr/bbs/ce/2114/434651/artclView.do,"2020학년도 1학기 일반물리실험1 재택수업(2주차) 변경 안내  일반물리실험1 2주차 강의가 폭력예방교육 온라인 수업으로 운영될 예정이었으나, 전남대학원 인권센터의 '폭력예방교육' 제작 및 온라인 탑재 일정이 늦어짐에 따라 아래와 같이 변경되었음을 공지하오니 참고하시기 바랍니다.  구분학습내용변경 전변경 후수업방법평가방법수업방법평가방법2주차(3/23~27)폭력예방교육(http://safety.jnu.ac.kr)재택수업(온라인 수업)교육이수(수료)증 제출2주차  수업 없음    추후(4월) 온라인학습 보강추후(4월)   온라인학습",2020-03-18 16:34:19.0
컴퓨터정보통신공학과과,"2020학년도 신(편)입생 학생증(스마트카드) 배부 일정 변경 안내(3/24~25, 4/1)",https://ce.jnu.ac.kr/bbs/ce/2114/434650/artclView.do,"2020학년도 신(편)입생 학생증(스마트카드) 배부 일정 변경 안내   코로나19 감염증 확산에 따른 개강일 연기로 인하여 이번 학기에는 아래와 같이 일정을 나누어 배부할 예정이오니 참고하시기 바랍니다. ▶ 금일(3/18)부터 신(편)입생 및 대학원생의 학생증 1차 배부가 시작되었으나, 1차 배부 일정에 수령을 희망하는 학생이 많아 배부 일정을 변경하여 재공지합니다.    가. 배부대상 : 전남대포털에서 학생증 발급 신청을 완료한 신(편)입생  나. 회차별 배부일정배부회차1차 배부일정2차 배부일정배부대상학생증(스마트카드) 조기 수령",2020-03-18 14:57:00.0
컴퓨터정보통신공학과과,2020학년도 하계 계절학기 개설교과목 수요조사 실시 안내(3/17~25),https://ce.jnu.ac.kr/bbs/ce/2114/434649/artclView.do,"2020학년도 하계 계절학기 개설교과목 수요조사 실시 안내  우리 대학 학생을 대상으로 2020학년도 하계 계절학기 개설교과목에 대한 수요조사를 다음과 같이 실시하오니, 2020학년도 하계 계절학기 수강 희망 교과목이 있는 학생은 참여바랍니다.  가. 신청기간 : '20. 3. 17.(화) ~ 3. 25(수)  나. 신청대상 : 계절학기 수강을 희망하는 학생  다. 신청방법     : 전남대학교 포털(http://portal.jnu.ac.kr) 로그인 ▶ 교육지원 ▶ 내 학사행정 ▶ 수업 ▶ 계절학기 ▶ 계절수업 개설과목 수요조사",2020-03-18 10:40:28.0
컴퓨터정보통신공학과과,재택수업에 따른 저작권 유의사항 안내,https://ce.jnu.ac.kr/bbs/ce/2114/434648/artclView.do,"재택수업에 따른 저작권 유의사항 안내  개강 후 2주간 재택수업을 실시함에 따라 저작권 유의사항을 아래와 같이 안내하오니 참고바랍니다. 학생교수의 원격수업 강의 내용을 다운로드해서 이것을 블로그, 밴드, 공유사이트 등에 업로드해서 공유하는 행위는 저작권을 침해하는 행위입니다.○ 본인의 포털 아이디 등을 공유하여 타인이 강좌의 콘텐츠에 접근할 수 있도록 하는 행위 또한 위반 사항에 해당합니다.○ 인터넷 웹하드 등에서 소설, 논문, 동영상 파일을 다운로드 한 후 블로그, 밴드, 공유사이트 등에 업로드하는 행위는 범죄에 해당합니다.공통○",2020-03-18 10:39:31.0
컴퓨터정보통신공학과과,2020 희망이음경진대회(기업애로해결과제) 참가팀 모집 안내(~3/31),https://ce.jnu.ac.kr/bbs/ce/2114/434647/artclView.do,2020 희망이음경진대회(기업애로해결과제) 참가팀 모집 안내  공학교육혁신센터에서는 광주테크노파크의 협조요청을 받아 『2020년 지역기업-청년 희망이음 사업』의 일환으로 운영되는 ‘희망이음경진대회(기업애로해결과제)’에 참가할 팀을 모집합니다. 관심있는 학생들이 많은 참여 바랍니다.  가. 목  적  - 지역기업에 대한 학생들의 인식개선 및 기업 애로사항 해결을 위한 공동과제 수행 지원  - 기업과 학생 간 심층 탐색의 기회 제공 및 채용연계 지원나. 지원대상 : 공고일 현재 공과대학 및 공학대학 소속 재학생으로 설계교과목을 수강 중,2020-03-17 09:53:26.0
컴퓨터정보통신공학과과,전남대학교 인재상 및 핵심역량 안내,https://ce.jnu.ac.kr/bbs/ce/2114/434646/artclView.do,"전남대학교 인재상 및 핵심역량 안내  전남대학교는 '세상에 빛이 되는 바른 사람'을 양성하기 위하여, '창의역량', '감성역량', '공동체역량'을 함양할 수 있는 역량 중심 교육과정을 운영하고 있습니다. 기초교육원에서는 우리대학원 인재상과 핵심역량을 대학 구성원이 알 수 있도록 홍보물을 배포하오니 확인바랍니다.  1. 주요 내용   1) 대학 인재상 : 세상에 빛이 되는 사람  2) 핵심역량 : 창의역량, 감성역량, 공동체역량구분정의세부역량창의역량(창의적인 사람)다양한 관점에서 호기심을 가지고 문제를 발견하고 해결하며, 여러 분야의",2020-03-16 17:48:28.0
컴퓨터정보통신공학과과,e클래스 서버 과부하 관련 안내,https://ce.jnu.ac.kr/bbs/ce/2114/434645/artclView.do,"e클래스 서버 과부하 관련 안내  기초교육원에서 접속자 폭주 대비 서버 증설 등 노력을 기울였음에도 불구하고, 현재 e클래스 서버 폭주로 인해 서버 이용에 어려움이 있습니다. 현재 서버 과부하 방지를 위해 학생들의 수강신청 정정 후 e클래스 수강 교과목 목록이 실시간으로 업데이트되지 않습니다. 다음 날(3/17, 화) 오전에 수강 정정 내역을 업데이트할 예정이오니 참고하시기 바랍니다.",2020-03-16 17:29:16.0
컴퓨터정보통신공학과과,코로나19 대응을 위한 재택수업 유형별 세부 운영 방안 안내(3/16~27),https://ce.jnu.ac.kr/bbs/ce/2114/434644/artclView.do,"코로나19 대응을 위한 재택수업 유형별 세부 운영 방안 안내  ▶ 재택수업 기간 : 2020. 3. 16.(월) ~ 27.(금) [개강 후 2주간]    ※ 코로나19 사태 추이에 따라 재택수업 기간이 연장될 수 있음 ※ 개설 교과목의 담당교수가 아래의 전달 방법으로 수업 안내 사항을 전달할 수 있으니 확인 바랍니다.  - 전남대학교 포털에 입력된 연락처로의 문자, 메일  - 전남대스토어 푸시메시지  - 전남대학교 e클래스 각 개설교과목 공지사항  1. 재택수업 유형에 따른 운영 방안  가. 운영 방법과 출석 및 수업 인정    1",2020-03-16 13:38:12.0
컴퓨터정보통신공학과과,코로나19 감염증 확산에 따른 스포츠센터 임시 휴관 연장 안내(2/27~3/31),https://ce.jnu.ac.kr/bbs/ce/2114/434643/artclView.do,"코로나19 감염증 확산에 따른 스포츠센터 임시 휴관 연장 안내  스포츠센터에서는 코로나19 감염증 확산 방지 및 감염 예방을 위하여 체육관 및 북구국민센터를 아래와 같이 임시 휴관을 연장하오니 이용에 착오 없으시기 바랍니다. 구분임시 휴관 기간문의비고체육관,배드민턴(위탁)2020. 2. 27.(목) ~ 3. 29.(일)행정실(062-530-2581~4)     2주 연장헬스2020. 2. 27.(목) ~ 3. 31.(화)필라테스요가발레·밴드스트레칭순환운동스피닝사이클재즈댄스줌바댄스체력측정유아발레스포츠클리닉(11종목)2020. 2. 2",2020-03-13 15:09:59.0
컴퓨터정보통신공학과과,도서관 이용 자료 안내,https://ce.jnu.ac.kr/bbs/ce/2114/434642/artclView.do,도서관 이용 자료 안내  도서관 이용 자료를 안내하오니 많은 활용 바랍니다. ▶ 주요 내용  - 도서관 이용 시간  - 대출 책수 및 기간  - 대출 및 반납 방법  - 알아두면 편리한 서비스  - 도서관 층별 안내  - 시설 및 기기 안내  -  주요 데이터베이스 안내  - 도서관 가이드  붙임  도서관 이용 안내 1부.  끝.,2020-03-13 09:42:31.0
컴퓨터정보통신공학과과,대학 내 총동아리연합회 동아리방 임시 폐쇄 연장 안내(3/16~29 24:00),https://ce.jnu.ac.kr/bbs/ce/2114/434641/artclView.do,"대학 내 총동아리연합회 동아리방 임시 폐쇄 연장 안내  코로나19 확산 방지를 위하여 교육부에서는 대학 내 각종 동아리 활동 등 다수가 모이는 행사 일체를 자제해 주기 바라며, 동아리 활동 공간 사용 자제와 가급적 학교 출입 통로를 단일화 하는 등 시설물 관리를 철저히 해주길 요청하였습니다.이에, 우리 대학 총동아리연합회 소속 동아리방을 2020. 3. 16.(월) 0시부터 3. 29.(일) 24시까지 임시 폐쇄를 연장하였음을 알려드립니다.",2020-03-12 17:38:16.0
컴퓨터정보통신공학과과,"「제6기 빛가람 ICT 오픈캠퍼스(구. SW아카데미)」과정 추가 신청 안내(~3/18, 학점연계가능)",https://ce.jnu.ac.kr/bbs/ce/2114/434640/artclView.do,「 제6기 빛가람 ICT 오픈캠퍼스」 과정 수강생 모집 안내  한국전기산업진흥회(에너지밸리기업개발원)와 한국전력공사는 제4차 산업혁명의 핵심기술인 ICT분야의 유능한 지역인재를 양성하고자 아래와 같이 「 제6기 빛가람 ICT 오픈캠퍼스(구. SW 아카데미) 」 과정을 개설 및 운영합니다. 1. 교육명 : 제6기 빛가람 ICT 오픈캠퍼스(구. SW 아카데미) 2. 교육 기간 : 2020. 4. 7.(화) ~ 6. 30.(화) (매주 화요일 18:00 ~ 21:00 / 총 16주)  ※감축된 일정에 따른 3주 보충강의는 추후 수강생과,2020-03-12 14:05:09.0
컴퓨터정보통신공학과과,"[공과대학] 2020 NCS 반도체 종합패키지 온라인 강의 신청 안내(~3/13 16:00, 국가인증 NCS 수료증 발급)",https://ce.jnu.ac.kr/bbs/ce/2114/434639/artclView.do,"2020 NCS 반도체 종합패키지 온라인 강의 신청 안내  1. 프로그램 목적  - 공과대학 학생들의 반도체 전공 이론 정리  - 반도체 주요 기업의 산업유형을 정리하고 최신/기술 동향 파악  - 국가인증 NCS 수료증 발급을 통한 취업역량강화   2. 프로그램 개요  가. 프로그램명 : 2020학년도 NCS 반도체 종합패키지  나. 대상 : 재학생 3, 4학년 90명  다. 내용 : 렛유인(https://www.letuin.com/) 온라인 강의패키지 분류차시주요 대상수강인원반도체 입문9차시반도체 산업을 처음 준비하는 학생* 추천",2020-03-12 09:40:47.0
컴퓨터정보통신공학과과,졸업자 및 제적자 중 신입학 학생 학점인정 신청 안내(~4/15),https://ce.jnu.ac.kr/bbs/ce/2114/434638/artclView.do,"졸업자 및 제적자 중 신입학 학생 학점인정 신청 안내  우리 대학 졸업자 및 제적자 중 신입학 학생은 기 취득학점을 인정받아 1년 범위 내에서 수업연한을 단축(의학과, 치의학과, 수의학과, 약학부 제외)할 수 있으니 해당 학생은 신청바랍니다. ▶ 제출기한 : ~2020. 4. 15.(수)    가. 학점인정 범위    1) 신입학 학생이 원하는 교과목을 인정하되 교양, 전공, 일선으로 구분하여 학칙 제51조 제1항의 수강신청 제한학점 2배까지 인정 모집단위별 졸업소요학점120학점130학점140학점150학점최대인정학점32학점34학점3",2020-03-11 10:48:51.0
컴퓨터정보통신공학과과,2020학년도 학기중 셔틀버스(광주 ↔ 여수캠퍼스 간) 변경 운행 안내,https://ce.jnu.ac.kr/bbs/ce/2114/434637/artclView.do,"2020학년도 학기중 셔틀버스(광주 ↔ 여수캠퍼스 간) 운행 변경 안내  코로나19 확산방지를 위해 개강 후 2주간 재택수업을 실시함에 따라 2020학년도 학기 중 행정업무 지원을 위한 셔틀버스(광주↔여수캠퍼스간)를 다음과 같이 변경운행하오니 참고하시기 바랍니다.   가. 운행 목적 : 광주 ↔ 여수캠퍼스간 행정업무 지원   나. 운행 기간    1) 1학기 : 2020. 03. 30.(월) ~ 06. 26.(금) [토, 일, 공휴일 제외]    2) 2학기 : 2020. 09. 01.(화) ~ 12. 21.(월) [토, 일, 공휴",2020-03-11 09:57:06.0
컴퓨터정보통신공학과과,2020학년도 1학기 일반물리1 및 일반물리실험1 재택수업 안내,https://ce.jnu.ac.kr/bbs/ce/2114/434636/artclView.do,"2020학년도 1학기 일반물리1 및 일반물리실험1 재택수업 안내  1. 일반물리 1  : 3월 셋째주(3/16~) 중 전남대학교 e클래스(https://sel.jnu.ac.kr)에 일반물리1 대표 교수의 동영상 강의 업로드 예정  ※ 강의 담당 교수의 제작 동영상 강의가 제공될 수도 있음  2. 일반물리실험1  : 아래 주별 수업계획서와 같이 개강 2주간(3/16~27) 연구실 안전교육과 폭력예방교육으로 대체하고, 이후 강의는 실제 실험 강의 예정 주별 수업계획서주학습내용교수학습전략자료·과제수업방법평가방법기타1연구실  안전교육재택수",2020-03-10 17:53:33.0
컴퓨터정보통신공학과과,[언어교육원] 2020학년도 신입생대상 영어진단평가(모의토익) 신청 안내(~3/10),https://ce.jnu.ac.kr/bbs/ce/2114/434635/artclView.do,2020학년도 신입생대상 영어진단평가 신청 안내   ▶대상 : 2020학년도 전남대학교 신입생 ▶응시일자 : 3/11(수) ~ 3/14(토) 중 택1 ▶시험신청기간 : 3/4(수) ~ 3/10(화) ▶시험신청방법   http://ttest.kr/TTEST/page2.php?p=jnu(클릭)로 접속하여 온라인 시험 신청서 작성,2020-03-10 09:34:47.0
컴퓨터정보통신공학과과,[공과대학] 2020 상반기 해커스 NCS 교육(온라인 강의) 무료 지원 신청 안내(~3/13 16:00),https://ce.jnu.ac.kr/bbs/ce/2114/434634/artclView.do,"2020 상반기 해커스 NCS 교육(온라인 강의) 무료 지원 신청 안내   1. 프로그램 목적  - 공과대학 학생들의 공공기관 취업준비 지원  - 공공기관 채용전형에 맞춘 NCS 시험 학습 지원  - NCS 직업기초능력평가 시험의 문제 유형별 풀이방법과 실전공략까지 대비  2. 프로그램 개요  가. 프로그램명: 2020학년도 해커스 온라인 NCS 교육  나. 대상 : 재학생 3, 4학년 100명  다. 내용 : 해커스(https://public.hackers.com/) 온라인 강의                   ※ [2020 상반",2020-03-09 14:38:02.0
컴퓨터정보통신공학과과,[반도체설계교육센터] 동아리 지원 프로그램 신청 안내(3/16~27 16:00),https://ce.jnu.ac.kr/bbs/ce/2114/434633/artclView.do,"[반도체설계교육센터] 동아리 지원 프로그램 신청 안내  1. 추진 배경 및 목적  가. 시스템 반도체 설계분야의 우수한 인력양성을 통한 반도체 산업 활성화  나. 공학적 역량을 바탕으로 공학도로서의 기본 역량인 창의적 설계 능력 및 제품 개발 능력을 종합적으로 겸비한 고급 인력 양성  다. 공학계열에 국한되지 않고, 학문분야별로 습득한 전문지식을 바탕으로 산업체(또는사회)가 필요로 하는 과제 등을 학생들이 팀을 구성하여 기획, 해결함으로써 창의성과 실무능력을 향상시키고, 팀 프로젝트 역량 강화 및 리더십 배양 2. 지원 분야지원 분",2020-03-09 14:06:29.0
컴퓨터정보통신공학과과,[반도체설계교육센터] '회로도 작성 및 PCB 설계 방법' 강의 신청 안내(선착순 40명),https://ce.jnu.ac.kr/bbs/ce/2114/434632/artclView.do,[반도체설계교육센터] '회로도 작성 및 PCB 설계 방법' 강의 신청 안내  1. 강의 개요  본 강의는 전기전자 관련자에게 아날로그-디지털 혼합 해석 방법을 소개하고 이를 이용하여 신뢰성 있는 설계를 작성할 수 있도록 돕는다. 또한 제품화를 위해 필요한 PCB 설계의 기본 과정을 간단한 예제를 실습 하며 설계 플로우를 숙지할 수 있게 한다.  2. 교육일정  - 교육주제: 회로도 작성 및 PCB 설계 방법  - 교육일정: 2020년 4월 17일(금) 09:00 ~ 18:00  - 수강인원: 선착순 40명  ※ 전기전자컴퓨터공학기초,2020-03-09 14:05:20.0
컴퓨터정보통신공학과과,[지역선도대학육성사업단] 지능형ICT 종합설계지원 과제비 사용 및 보고서 제출 안내,https://ce.jnu.ac.kr/bbs/ce/2114/434631/artclView.do,[지역선도대학육성사업단]  지능형ICT 종합설계지원 과제비 사용 및 보고서 제출 안내 1. 제출 안내구분중간보고서결과보고서제출기간 ~3월 31일(화) 17:00 ~4월 17일(금) 17:00제출 장소 공7-229호제출서류필수 제출- 중간보고서 - 결과보고서 - 만족도 조사 표지(대표학생 작성) - 만족도 조사(팀 전체 작성) 해당시제출- 회의록(영수증 포함) - 참석자명단 및 회의사진 - 재료비 지급 신청서(사진 포함)- 영수증- 견적서- 거래명세서- 검수조서- 지출명세서 - 사업비 지급 신청서- 회의록(영수증 포함)- 참석자명단,2020-03-09 11:08:02.0
컴퓨터정보통신공학과과,2020학년도 1학기 국가장학금 2차 신청기간 연장 안내(~3/23 18:00),https://ce.jnu.ac.kr/bbs/ce/2114/434630/artclView.do,"코로나 19로 인한 개강 연기로 2020학년도 1학기 국가장학금 2차 신청기간이 연장되었으니 해당 학생은 신청바랍니다.   가. 신청 대상: 신입생, 편입생, 재입학생, 복학생 및 1차 미신청 재학생*      * 재학생은 국가장학금 1차 신청이 원칙이나, 2차 신청 후 구제신청서 제출(공인인증서 서명) 시 재학 중 2회에 한하여심사 후 지원 가능      ※ 코로나 19로 인해 해외에서 학업 등을 포기하거나 입영 연기로 복학한 재학생 등은 증빙자료 제출 시 2차 신청기간 신청 허용        (구제기회 미차감)    나. 신청",2020-03-09 10:14:16.0
컴퓨터정보통신공학과과,코로나19 대응을 위한 학사운영 안내(3/16~27 재택수업),https://ce.jnu.ac.kr/bbs/ce/2114/434629/artclView.do,"코로나19 대응을 위한 학사운영 안내  코로나19의 전국적 확산으로 위기경보가 '심각'으로 격상됨에 따라 교육부에서 코로나19 사태가 안정될 때까지 재택수업을 실시할 것을 권고[‘20학년도 1학기 대학 학사 운영 권고안 ('20. 3. 4.)]하여 전남대학교 임시 학무회의('20. 3. 5.)에서 다음과 같이 결정하였음을 안내합니다.  ▶ 개강 후 2주간 등교에 의한 집합수업은 하지 않고, 과제물 활용 수업, 원격수업 등 재택수업 실시    * 실험·실습 교과목, 현장실습 교과목 등은 학기 내 보강 ▶ 기간 : '20. 3. 16.",2020-03-06 16:14:42.0
컴퓨터정보통신공학과과,"2020학년도 신(편)입생 학생증(스마트카드) 배부 일정 안내(3/18~27, 4/1)",https://ce.jnu.ac.kr/bbs/ce/2114/434628/artclView.do,"2020학년도 신(편)입생 학생증(스마트카드) 배부 일정 안내  코로나19 감염증 확산에 따른 개강일 연기로 인하여 이번 학기에는 아래와 같이 일정을 나누어 배부할 예정이오니 참고하시기 바랍니다.    가. 배부대상 : 전남대포털에서 학생증 발급 신청을 완료한 신(편)입생  나. 회차별 배부일정배부회차1차 배부일정2차 배부일정배부대상학생증(스마트카드) 조기 수령을 희망하는 학생신(편)입생, 대학원생배부일정2020. 3. 18.(수) ~ 2020. 3. 27.(금)- 공과대학 : 2020. 4. 1.(수)- 대 학 원 : 2020.",2020-03-06 11:38:52.0
컴퓨터정보통신공학과과,전남대학교 북문(GR HUB) 출입문 일시 폐쇄(매주 수요일) 안내(3/11~),https://ce.jnu.ac.kr/bbs/ce/2114/434627/artclView.do,"전남대학교 북문(G R HUB) 출입문 일시 폐쇄(매주 수요일) 안내     코로나19 확산 방지와 교내 주차환경 개선을 위하여 당분간 북문(G R HUB) 출입문을 폐쇄하고자 합니다.  외부차량이 집중적으로 증가하는 수요일의 주차난을 단계별로 개선하기 위하여 한시적으로 폐쇄하고자 하오니 구성원들께서는 다소 불편하시더라도 ""동문 등 타 출입로""를 이용하시기 바랍니다.    ▶ 일시 폐쇄 기간 : 3월 11일(수)부터 매주 수요일",2020-03-05 09:54:07.0
컴퓨터정보통신공학과과,2020학년도 1학기 등록금 반환 기준 변경 안내,https://ce.jnu.ac.kr/bbs/ce/2114/434626/artclView.do,2020학년도 1학기 등록금 반환 기준 변경 안내  코로나바이러스감염증-19 확산을 방지하고 학생들의 안전한 교육환경 조성을 위하여 ’20. 1학기 개강일이 2주 연기됨에 따라 등록금 반환 기준을 아래와 같이 변경하여 시행하오니 참고하시기 바랍니다.   가. 2020학년도 1학기 등록금 반환 기준 변경 주요내용    - 반환사유 기준일 변경(학기개시일 → 개강일) 반환금액반환사유 발생일비고변경 전(학기 개시일/’20. 3. 1.)변경 후(개강일/’20. 3. 16.)등록금의 6분의5 해당액학기 개시일부터 30일까지개강일부터 30일까,2020-03-03 16:08:01.0
컴퓨터정보통신공학과과,신학기 유사종교 포교 활동 주의 안내,https://ce.jnu.ac.kr/bbs/ce/2114/434625/artclView.do,"신학기 유사종교 포교 활동 주의 안내  매 신학기 포교를 목적으로 우리 대학 학생에게 개인 정보를 수집하는 등 유사종교의 활동이 빈번이 일어나고 있습니다. 신분을 숨기고 이루어지는 유사종교의 포교 활동은 학생 간 불신을 조장하고 건전한 학생 활동을 저해하고 있습니다. 이에, 유사종교의 포교 활동 주의 안내문을 공고하오니 참고하시기 바랍니다.   □ 동문(후문) 등에서 학생에게 접근하여 개인 정보를 수집   ○ 신입생들에게 동문(후문) 등에서 개인 정보를 수집함      - 개인 정보 수집 대상: 신입생, 편입생 등 학교 사정을 잘",2020-03-03 11:23:46.0
컴퓨터정보통신공학과과,코로나19 감염증 확산에 따른 '다중이용 공간 일시 폐쇄' 안내(3/3~개강 전일),https://ce.jnu.ac.kr/bbs/ce/2114/434624/artclView.do,코로나19 감염증 확산에 따른 '다중이용 공간 일시 폐쇄' 안내  우리 대학은 코로나19 감염증 확산 방지 및 감염 예방을 위하여 팀학습실 및 정독실을 일시 폐쇄하오니 협조하여 주시기 바랍니다.                      ○ 기  간 : 2020 .3. 3.(화) ~ 개강 전일까지                    ○ 대  상 : 공과대학 팀 학습실 및 정독실 [각 학과(부) 운영 공간 포함]     2020년 3월 3일   전남대학교 공과대학장,2020-03-03 09:31:59.0
컴퓨터정보통신공학과과,전남대 모바일 서비스(전남대스토어) 개편 오픈 안내,https://ce.jnu.ac.kr/bbs/ce/2114/434623/artclView.do,"전남대 모바일 서비스인 전남대스토어가 새롭게 개편되어 공식 스토어를 통해 오픈 하오니 구성원들의 많은 이용바랍니다. 가. 오픈 예정 일시 : 2020. 3. 2.(월) 14:00 이후나. 설치 방법  - 구글(안드로이드) : ‘전남대스토어’가 설치된 경우 자동 업데이트 되며, 신규 설치는 구글 플레이스토어에서 검색 후 설치  - 애플(iOS) : 기존 ‘전남대스토어’ 삭제 후 앱 스토어에서 ‘전남대스토어’를 검색 후 설치 다. 이용 방법  - 푸시 알림 서비스는 개편된 전남대스토어에서 통합 제공되며, 기존 ‘전남대알리미’는 안정화",2020-03-02 15:10:20.0
컴퓨터정보통신공학과과,2020학년도 제1학기 추가 등록기간 안내(3/17~19 16:00),https://ce.jnu.ac.kr/bbs/ce/2114/434622/artclView.do,"2020학년도 제1학기 추가 등록기간 안내   우리 대학교에서는 2020. 2. 24.(월) ~ 2. 27.(목) 등록을 실시하였으나 아직까지 등록금을 납부하지 못한 학생이 있어 다음과 같이 추가 등록기간을 설정, 시행하오니 기간내에 등록금을 납부하시기 바랍니다. ■  다      음  ■ 1. 기간 :2020. 3. 17.(화) ~ 3. 19.(목) [3일간] 16:00까지   ➣ 2020. 1학기 수업연한 초과자도 위 기간 내에 등록금 납부2. 납입금 납부장소 : 광주은행 및 농협전국 본·지점(지역농협 포함)3. 휴‧복학 신청",2020-03-02 14:49:13.0
컴퓨터정보통신공학과과,코로나19 감염증 확산에 따른 스포츠센터 임시 휴관 안내(2/27~),https://ce.jnu.ac.kr/bbs/ce/2114/434621/artclView.do,"코로나19 감염증 확산에 따른 스포츠센터 임시 휴관 안내  스포츠센터에서는 코로나19 감염증 확산 방지 및 감염 예방을 위하여 체육관 및 북구국민센터를 아래와 같이 임시 휴관하오니 이용에 착오 없으시기 바랍니다. 구분임시 휴관 기간문의비고체육관,헬스,배드민턴(위탁)2020.2.27.(목) ~ 3.15.(일)행정실(062-530-2581~4)          필라테스요가발레·밴드스트레칭순환운동스피닝사이클재즈댄스줌바댄스체력측정유아발레스포츠클리닉(11종목)2020.2.27.(목) ~ 3.31.(화)월 단위 운영프로그램    ※ 상기 일정",2020-02-28 11:52:42.0
컴퓨터정보통신공학과과,'2020학년도 상반기 학·석사학위연계과정 학부연구생 장학사업' 선발 계획 안내(~3/16),https://ce.jnu.ac.kr/bbs/ce/2114/434620/artclView.do,"'2020학년도 상반기 학·석사학위연계과정 학부연구생 장학사업' 선발 계획 안내 2020학년도 상반기 학·석사학위연계과정 학부연구생 장학사업 선발 계획을 다음과 같이 공고하오니 많은 신청바랍니다.   가. 지원자격    o 학·석사학위연계과정생으로 선발되어 재학중인 자(4학기 이상 재학자로서 수업연한 이내자)    o 지원연구실 지도예정교수의 추천을 받은자  나. 지급액 : 학기당 1,000천원 이내 (3학기 이내)  다. 진행절차내용추진일정비고신청서 접수신청자 → 학과'20. 3. 16.(월)o 지원신청서(신청자)o 추천서 및 지",2020-02-28 11:34:21.0
컴퓨터정보통신공학과과,코로나19 감염증 확산에 따른 도서관 별관(열람실) 임시 휴관 연장 안내(2/29~3/29),https://ce.jnu.ac.kr/bbs/ce/2114/434619/artclView.do,"코로나19 감염증 확산에 따른 도서관 별관(열람실) 임시 휴관 연장 안내  우리 대학 도서관에서는 코로나19 감염병 위기 경고가 '심각'으로 격상됨에 따라 아래와 같이 도서관 별관(열람실)을 임시 휴관하오니 이용에 착오가 없으시기 바랍니다. 구    분내    용휴관대상도서관 별관(열람실) 전체휴관기간2020. 2. 29.(토) ~ 3. 29.(일)행정사항모바일좌석발권시스템 가동 중지문    의행정지원팀(062-530-3521, 3536)   끝.",2020-02-28 09:35:19.0
컴퓨터정보통신공학과과,2020학년도 학기중 셔틀버스(광주 ↔ 여수캠퍼스 간) 운행 안내,https://ce.jnu.ac.kr/bbs/ce/2114/434618/artclView.do,"2020학년도 학기중 셔틀버스(광주 ↔ 여수캠퍼스 간) 운행 안내  2020학년도 학기중 행정업무 지원을 위하여 셔틀버스(광주↔여수캠퍼스간)를 다음과 같이 운행하오니 참고하시기 바랍니다.   가. 운행 목적 : 광주 ↔ 여수캠퍼스간 행정업무 지원   나. 운행 기간    1) 1학기 : 2020. 03. 16.(월) ~ 06. 26.(금) [토, 일, 공휴일 제외]    2) 2학기 : 2020. 09. 01.(화) ~ 12. 21.(월) [토, 일, 공휴일 제외]  다. 차량 지원 : 광주캠퍼스, 여수캠퍼스 대형버스 각 1대  라",2020-02-27 15:22:35.0
컴퓨터정보통신공학과과,"코로나19 감염병위기경보 심각 단계 상향, 달라진 행동수칙 안내",https://ce.jnu.ac.kr/bbs/ce/2114/434617/artclView.do,,2020-02-27 10:30:42.0
컴퓨터정보통신공학과과,2020학년도 1학기 등록기간 안내,https://ce.jnu.ac.kr/bbs/ce/2114/434616/artclView.do,2020학년도 1학기 등록기간 안내  코로나19 감염병의 예방 및 확산 방지를 위해 2020학년도 1학기 개강 일정을 2주 연기(3월 16일 개강)함에 따라 2020학년도 1학기 등록기간을 다음과 같이 정하여 미리 알려드리니 참고하시기 바랍니다. 1. 등록금 납부 기간구  분2020학년도 1학기참고사항(2019학년도 1학기)본등록2. 24.(월) ~ 2. 27.(목)2. 18.(월) ~ 2. 21.(목)추가 등록1차3. 17.(화) ~ 3. 19.(목)3. 14.(목) ~ 3. 15.(금)2차3. 31.(화) ~ 4. 2.(목)3.,2020-02-26 18:05:15.0
컴퓨터정보통신공학과과,중국 및 홍콩·마카오 입국자 코로나바이러스 '자가진단앱(App)' 설치 안내,https://ce.jnu.ac.kr/bbs/ce/2114/434615/artclView.do,"중국 및 홍콩·마카오 입국자 코로나바이러스 '자가진단앱(App)' 설치 안내  정부합동 중앙사고수습본부는 코로나바이러스에 대비하여 특별입국절차과정에서 내·외국인의 건강상태 모니터링을 위한 모바일 '자가진단앱(App)'을 설치하도록 하여 입국 후 사후관리를 강화한다고 하면서 동 모바일앱을 적극 활용하여 유증상자 관리를 철저히 할 것을 지시한 바 있습니다.  ※ 보건복지부는 신종 코로나바이러스 확산방지를 위해 중국 및 홍콩·마카오 입국자에 대해 국내 체류시 연락처의 수신여부를 입국단계에서부터 확인하고 있음. 이에, 교육부는 보건복지부로",2020-02-24 09:55:53.0
컴퓨터정보통신공학과과,2019학년도 전기(2020년 2월) 졸업생 기념촬영 포토존 설치 및 학위복 대여 취소 안내,https://ce.jnu.ac.kr/bbs/ce/2114/434614/artclView.do,2019학년도 전기(2020년 2월) 졸업생 기념촬영 포토존 설치 및 학위복 대여 취소 안내 코로나19 지역 확산 방지를 위하여 아래와 같이 학내 포토존 운영과 학위복 대여를 취소하오니 양해해주시기 바랍니다. 구분변경 전변경 후졸업 기념촬영 포토존 운영 기간2020. 2. 24.(월) ~ 28.(금)취소학위복 대여 기간2020. 2. 24.(월) ~ 26.(수)취소,2020-02-23 18:53:54.0
컴퓨터정보통신공학과과,[지역선도대학육성사업단] ICT트랙 1:1 입사지원 멘토링 프로그램 신청 안내(2/24~선착순마감),https://ce.jnu.ac.kr/bbs/ce/2114/434613/artclView.do,"[지역선도대학육성사업단] ICT트랙 1:1 입사지원 멘토링 프로그램 신청 안내  ▶ 제출 기한 : 2월 24일(월) ~ 선착순 마감▶ 제출 장소 : 학과실(공7-229)▶ 제출 서류 : 1:1 입사지원 멘토링 신청서  1. 목적   □ 개인이 희망하는 분야/직무/기업 맞춤으로 1:1집중 취업 교육 및 상담을 통하여 취업역량을 강화시키고, 맞춤 채용정보를 실시간으로 제공하여 취업률 제고에 기여하고자 함.  □ 운영기간 : 2020년 3월 ~ 2020년 4월 2. 신청 및 운영   □ 지원 대상     ○ 전남대학교 지능형ICT트랙 참",2020-02-21 16:18:25.0
컴퓨터정보통신공학과과,[지역선도대학육성사업단] 지능형ICT전문트랙 NCS역량강화 Python 교육 신청 안내(2/21~선착순마감),https://ce.jnu.ac.kr/bbs/ce/2114/434612/artclView.do,"[지역선도대학육성사업단]  지능형ICT전문트랙 NCS역량강화 Python 교육 신청 안내  ▶ 신청 기간 : 2/21 ~ 선착순 마감▶ 신청 방법 : 학과실(공7-229) 방문 신청  1. 교육 일정  - 일시 : 2020. 3. 16.(월) ~ 4. 10.(금) [4주간, 총 20회] 18:00 ~ 21:00  - 장소 : 정보전산원 109호  - 교육인원 : 26명 2. 세부 프로그램일수주제 및 단원명세부 내용1◎ 빅데이터란?◎ Python 개요 및 환경설정- 빅데이터 개념, 특징, 사례 등- Python언어 설명- Anacon",2020-02-21 14:26:24.0
컴퓨터정보통신공학과과,코로나19 관련 '마스크 선택 및 사용법' 안내,https://ce.jnu.ac.kr/bbs/ce/2114/434611/artclView.do,코로나19 관련 '마스크 선택 및 사용법' 안내  '코로나19' 확산 방지 및 예방을 위하여 '올바른 마스크의 선택과 사용법'을 널리 알리고자 식품의약품안전처의 홍보자료를 게시하오니 참고하시기 바랍니다.,2020-02-21 10:13:18.0
컴퓨터정보통신공학과과,「 제6기 빛가람 SW 아카데미 」과정 수강생 모집 안내(~3/6),https://ce.jnu.ac.kr/bbs/ce/2114/434610/artclView.do,"「 제6기 빛가람 SW 아카데미 」 과정 수강생 모집 안내  한국전기산업진흥회(에너지밸리기업개발원)와 한국전력공사는 제4차 산업혁명의 핵심기술인 ICT분야의 유능한 지역인재를 양성하고자 아래와 같이 「 제6기 빛가람 SW 아카데미 」 과정을 개설 및 운영합니다. 1. 교육명 : 제6기 빛가람 SW 아카데미 2. 교육 기간 : 2020. 3. 17.(화) ~ 6. 30.(화) (매주 화요일 18:00 ~ 21:00 / 총 16주) 3. 교육 대상 : 광주·전남권 대학교 3, 4학년(컴퓨터 및 ICT관련 학과생) 4. 교육 인원 : 6",2020-02-20 17:48:04.0
컴퓨터정보통신공학과과,2020년 1학기 대체교과목 신청 안내(3/16~19),https://ce.jnu.ac.kr/bbs/ce/2114/434609/artclView.do,"2020학년도 1학기 대체교과목 신청 안내  1. 신청 대상  : 본인이 따르는 교과과정의 개편으로 인하여 변경·폐지된 전공 교과목을 수강신청해야 하는 경우 2. 신청 유의사항  - 본인이 따르는 교과과정의 전공 필수 교과목을 모두 이수해야 함  - 수강을 희망하는 교과목의 동일교과목 지정 여부를 확인하고, 동일교과목이 지정되어 있지 않은 경우에만 신청  「 동일교과목 확인 방법 」      : 전남대학교포털(portal.jnu.ac.kr) - 교육지원 - 내학사행정 - 교육과정 - 교육과정조회 - 동일교과목조회 - 교과목검색  (",2020-02-19 17:07:35.0
컴퓨터정보통신공학과과,2019학년도 전기(2020년 2월) 졸업생 기념촬영 포토존 설치 장소 및 기간 안내(2020.2.23. 업데이트),https://ce.jnu.ac.kr/bbs/ce/2114/434608/artclView.do,"2020.2.23. 업데이트 사항  ▶ 학위복 대여 안내 취소  - 코로나19 지역 확산 방지를 위하여 학내 포토존 운영과 학위복 대여를 취소합니다.   2019학년도 전기(2020년 2월) 졸업생 기념촬영 포토존 설치 장소 및 기간 안내   전남대학교는 2019학년도 전기(2020년 2월) 학위수여식 취소에 따른 후속 조치 일환으로 학과(부)별로 졸업생들에게 졸업증서(학위기) 배부 및 학위복을 대여하여 졸업생들이 가족, 친구들과 함께 기념촬영을 하며 추억을 남길 수 있도록 포토존을 아래와 같이 운영하고자 합니다.  □ 졸업 기념",2020-02-19 16:13:07.0
컴퓨터정보통신공학과과,2020학년도 1학기 휴학·복학 변경 사항 안내,https://ce.jnu.ac.kr/bbs/ce/2114/434607/artclView.do,2020학년도 1학기 휴학·복학 변경 사항 안내  1. 휴학휴학 종류신청 기간대상자일반휴학(등록)2020. 2. 24.(월) ~ 5. 6.(수)· 등록금 납부 후 휴학을 원하는 자일반휴학(미등록)2020. 2. 24.(월) ~ 2. 27.(목)· 등록금 납부하지 않고 휴학을 원하는 자※ 등록 기간 내에만 휴학 신청 가능휴학연장2020. 2. 24.(월) ~ 2. 27.(목)· 휴학 만료일이 2020. 2. 28.까지인 자군휴학(복무신고)입영일 한 달 전 ~ 입영일· 미등록으로 군휴학을 원하는 자는 일반휴학(미등록) 신청·승인 후 복,2020-02-19 12:01:40.0
컴퓨터정보통신공학과과,2020학년도 1학기 수강신청 시행 계획 변경(조정) 안내,https://ce.jnu.ac.kr/bbs/ce/2114/434606/artclView.do,2020학년도 1학기 수강신청 시행 계획(조정) 안내  □ 주요 일정(변경) 업무내용기간시간대상내용수강인원 조정‘20.1.30.(목) ~2.4.(화)09:00～18:00◎ 전공: 강좌 주관학과◎ 교양: 강좌 협력학과◎ 강좌일람 합반처리◎ 학년별 수강인원 관리◎ 자과/타과/부전공 수강인원 조정◎ 분반정보의 사무실 번호 확인수강희망과목예약 신청'20.2.6.(목)~2.7.(금)09:00～18:00◎ 학부 전 학년 공통◎ 학부생만 해당(대학원생 제외)◎ 수강희망과목 예약을 했더라도 수강신청이 확정된 것이 아니며 반드시 수강신청기간에 수강,2020-02-19 11:47:20.0
컴퓨터정보통신공학과과,[지역선도대학육성사업단] 지능형ICT 동계 취업역량 소모임 지원 신청(2차) 안내(~3/6),https://ce.jnu.ac.kr/bbs/ce/2114/434605/artclView.do,"[지역선도대학육성사업단]   지능형ICT 동계 취업역량 소모임 신청(2차) 안내   ▶ 제출 기한 : ~ 3월 6일(목)▶ 제출 장소 : 학과실(공7-229)▶ 제출 서류 : 소모임 신청 서식(프로그램 계획서, 소모임 신청서, 운영계획서, 소요예산)    ※ 작성 유의사항 : 소모임 지원 프로그램은 외국어 시험, 전공 관련 자격증 취득, 한국사능력시험 점수 취득을 위한 것이므로 운영계획서 내 참여 동기, 참여 목표, 학습 내용(어떠한 목표로 무슨 시험을 어떻게 준비하고, 언제 응시할지 등에 대한 내용)을 명확해야 작성해야 함  1.",2020-02-18 16:13:02.0
컴퓨터정보통신공학과과,2020 언어교육원 봄학기 외국어강좌 안내(2/24~선착순마감),https://ce.jnu.ac.kr/bbs/ce/2114/434604/artclView.do,2020 언어교육원 봄학기 외국어강좌 안내  1. 강좌기간 : 2020. 3. 16. ~ 4. 24. 2. 접수기간 : 2020. 2. 24. ~ 선착순 마감 3. 접수방법  가. 인터넷 접수: 언어교육원 홈페이지 (http://lec.jnu.ac.kr)  나. 방문 접수 : 창조관(구 언어교육원 1호관)1층 종합안내실 (☎062-530-3631~3)  다. 토익   토익스피킹·오픽 접수 : http://jnu.ttceducation.net (☎062-531-7732) ※ 언어교육원 홈페이지의 '2020년 봄학기(3~4월) 외국어,2020-02-18 14:54:29.0
컴퓨터정보통신공학과과,신종 코로나바이러스감염증 확산 방지를 위한 특별입국절차 안내,https://ce.jnu.ac.kr/bbs/ce/2114/434603/artclView.do,"신종 코로나바이러스감염증의 지역 사회 확산 방지를 위해 중국(2/4~) 및 홍콩 · 마카오(2/12~)에서 한국으로 입국하는 모든 승객에 대하여 한국 입국시 연락처가 확인되지 않는 경우 입국이 제한되는 조치를 시행 중에 있습니다. 또한 입국시 모바일 '자가진단 앱' 설치 여부도 확인하고 있으니, 중국 유학생 등은 특별입국절차, 자가진단앱 설치 및 사용 방법을 확인하여 한국으로 입국 과정에서 혼란을 최소화할 수 있도록 협조바랍니다. ※ 문의 : 신종코로나바이러스감염증 중앙사고수습본부 044-202-3739  붙임  특별입국절차 및 모",2020-02-18 11:23:35.0
컴퓨터정보통신공학과과,신종 코로나바이러스감염증 관련 여행 최소화 및 여행 시 유의사항 안내,https://ce.jnu.ac.kr/bbs/ce/2114/434602/artclView.do,"신종 코로나바이러스감염증 중앙사고수습본부에서는 신종 코로나바이러스감염증 예방을 위해 태국, 싱가포르, 일본 등 주요 국가(지역)에 대해 여행을 최소화해 줄 것을 권고하고 있으며, 불가피하게 여행을 할 경우 붙임의 중앙방역대책본부가 정한 예방 수칙을 준수해주시기 바랍니다.  ※ 주요 국가(지역) : 싱가포르, 일본, 말레이시아, 베트남, 태국, 대만   붙임  신종 CV감염증 관련 여행최소화 권고 및 유의사항 안내 1부.  끝.",2020-02-18 11:21:39.0
컴퓨터정보통신공학과과,학위수여식 취소 및 학위복 대여 안내(2020.2.23. 업데이트),https://ce.jnu.ac.kr/bbs/ce/2114/434601/artclView.do,"2020.2.23. 업데이트 사항  ▶ 학위복 대여 안내 취소  - 코로나19 지역 확산 방지를 위하여 학내 포토존 운영과 학위복 대여를 취소합니다.  학위수여식 취소 및 학위복 대여 안내  전남대학교는 신종 코로나바이러스 감염증 확산 방지를 위하여 학위수여식을 취소하고, 다음과 같이 조치함을 알려드리니 대학 구성원 여러분의 적극적인 협조를 부탁드립니다. - 졸업증서 및 학위기 수여 등은 학부(과) 단위에서 진행- 2. 24.(월) ~ 2. 26.(수) 기념사진 촬영을 위한 학위복 대여(행정실: 공7-229)- 2020학년도 2월",2020-02-18 11:20:06.0
컴퓨터정보통신공학과과,2020학년도 신(편)입생 학생증(스마트카드) 발급 신청 안내(3/2~6),https://ce.jnu.ac.kr/bbs/ce/2114/434600/artclView.do,"2020학년도 신(편)입생 학생증(스마트카드) 발급 신청 안내  1. 신청대상: 2020학년도 신입생(학부, 편입, 대학원) 2. 신청기간: 2020. 3. 2.(월) ~ 2020. 3. 6.(금) 3. 신청방법   가. 전남대포털(http://portal.jnu.ac.kr) 로그인 → 서비스데스크 → 스마트카드 → 발급신청  나. 기본정보 확인, 증명사진(3x4cm)을 JPG 파일로 등록 → 신청버튼 클릭    ⇒ 기본정보에 입학원서 사진으로 업로드 되어 있음.  변경 희망 학생만 새로운 사진 등록  다. 광주은행 사이트로 이동하",2020-02-18 11:18:40.0
컴퓨터정보통신공학과과,2020학년도 1학기 학사일정 변경(조정) 안내,https://ce.jnu.ac.kr/bbs/ce/2114/434599/artclView.do,"2020학년도 1학기 학사일정 변경(조정) 안내  신종 코로나바이러스 감염증 확산을 방지하고 학생들의 안전한 교육환경 조성을 위하여 2020학년도 1학기 학사일정이 다음과 같이 변경되었음을 알려드립니다.○ 2020학년도 1학기 학사일정 변경(조정) 주요내용1) 2020학년도 1학기 개강일 및 종강일 연기- 개강일은 3월 16일로 2주 연기, 종강일은 6월 26일로 1주 연기함 2) 2020학년도 1학기 수강신청 일정구분변경 전변경 후비고수강신청 기간'20. 2. 13.(목) ~ 2. 20.(목)'20. 2. 13.(목) ~ 2.",2020-02-18 11:17:53.0
컴퓨터정보통신공학과과,[지역선도대학육성사업단] 트랙 이수과정 신청 안내,https://ce.jnu.ac.kr/bbs/ce/2114/434598/artclView.do,"[지역선도대학육성사업단] 지역선도대학육성사업단 트랙 이수과정 신청 안내  지방대학-지자체-공공기관-산업계 간 협력 컨소시엄을 구축하여 지역수요 맞춤형 인재양성을 진행하는 ‘지역선도대학 육성사업(5년)’ 에 전남대학교(선도대학)와 순천대, 목포대, 호남대, 동신대 4개 대학(협력대학)이 선정되었습니다.  따라서, 우리 대학교는 공공기관 이전을 출발점으로, 광주·전남 4개 전략산업(ICT, 에너지, 농생명, 도시재생) 수요맞춤형 우수인재를 양성하고, 광주·전남소재 공공기관 및 우량기업 채용기회를 확대하기 위해 아래의 4개 트랙 참여 학",2020-02-18 11:16:33.0
컴퓨터정보통신공학과과,드론 사용시 유의사항 안내: 「드론 이것만 알면 안전해요」,https://ce.jnu.ac.kr/bbs/ce/2114/434597/artclView.do,"[드론 사용시 유의사항 안내] 「드론 이것만 알면 안전해요」  봄철, 해빙기를 맞아 공원·강변에서 드론을 이용한 취미생활 급증이 예상되는 바,  ① 공항·원전·군 시설 주변② 야간(기상청 고시 기준 일출 전 및 일몰 후)③ 고도 150미터 이상에서 드론을 비행 와 같은 조종자 준수사항 위반으로 인한 불이익이 발생되지 않도록 유의바랍니다.아울러, 최근 항공안전법 시행규칙 별표 5, 과태료 부과기준이 개정('19.10.8)됨에 따라 드론 조종자 준수사항 위반시 부과되는 과태료가 다음과 같이 상향되었음을 알려드립니다. (초·중·고·대학생",2020-02-14 11:30:41.0
컴퓨터정보통신공학과과,[지역선도대학육성사업단] 지능형ICT OpenLAB(대학원생+학부생 학술연구모임) 신청 안내(~2/21),https://ce.jnu.ac.kr/bbs/ce/2114/434596/artclView.do,"[지역선도대학육성사업단]   지능형ICT OpenLAB(대학원생+학부생 학술연구모임) 신청 안내   1. 목적   □ 대학원생 및 학부생 학술연구모임 지원을 통해 기획력, 발표능력 및 연구능력 향상을 도모하고자 함  □ 실험실 및 진행 중인 프로젝트를 소개함으로써 학부생들의 진로에 대한 사고의 범위 확장 및 전문연구인력을 양성할 수 있는 기회의 장 제공  □ 학생주도 대학원연구실 조사를 통한 고급기술 동향 학습 및 대학원 진학 동기부여  □ 운영기간 : 2020년 2월 ~ 2020년 4월  2. 신청 및 운영   □ 지원대상",2020-02-12 15:20:03.0
컴퓨터정보통신공학과과,[지역선도대학육성사업단]지능형ICT 종합설계지원 신청 안내(~2/21),https://ce.jnu.ac.kr/bbs/ce/2114/434595/artclView.do,"[지역선도대학육성사업단]  지능형ICT 종합설계지원 신청 안내   1. 목적   □ 지역선도대학육성사업에 참여하는 특화트랙(ICT) 참여 학과의 캡스톤디자인 교과목 활성화 및 학생들의 문제해결 능력 향상을 통한 4차 산업혁명 시대에 부합하는 창의형 인재 양성  □ 학생이 실제 현장에서 부딪히는 문제를 해결하기 위해 대학에서 배운 이론과 설계능력을 바탕으로 하나의 시스템을 기획, 설계, 제작할 수 있는 창의력과 종합적 설계 능력을 갖춘 실무 중심의 인재 양성  □ 산업현장의 수요에 적합한 창의적 인재양성을 위하여 재학생들이 주체가 되",2020-02-12 14:35:48.0
컴퓨터정보통신공학과과,신종 코로나바이러스 감염증 대응 전남대학교 조치사항(학사일정 변경 등),https://ce.jnu.ac.kr/bbs/ce/2114/434594/artclView.do,신종 코로나바이러스 감염증 대응 전남대학교 조치사항  전남대학교는 신종 코로나바이러스 감염증 확산 방지를 위하여 아래와 같이 조치함을 알려드리니 대학 구성원 여러분의 적극적인 협조를 부탁드립니다. 1. 학사일정    (1) 2020학년도 1학기 개강일 및 종강일구분변경 전변경 후개강일2020. 3. 2.(월)2020. 3. 16.(월)종강일2020. 6. 19.(금)2020. 6. 26.(금)    (2) 2020학년도 1학기 수강신청 일정신청 대상변경 전변경 후4학년2020. 2. 13.(목) 변동 없음3학년2020. 2. 14.,2020-02-12 10:52:29.0
컴퓨터정보통신공학과과,컴퓨터정보통신공학과(전자컴퓨터공학부 컴퓨터정보통신공학전공) 참여 사업 안내,https://ce.jnu.ac.kr/bbs/ce/2114/434593/artclView.do,"컴퓨터정보통신공학과(전자컴퓨터공학부 컴퓨터정보통신공학전공) 참여 사업 안내  사업단명사업 기간사업 내용지역선도대학 육성사업단2019.  7. 1.     ~     2024. 2. 29.    (5년)전남대학교(선도대학)와순천대,   목포대, 호남대, 동신대 4개 대학(협력대학)이 선정됨. 전남대학교는 공공기관 이전을 출발점으로 광주·전남 4개 전략산업(ICT, 에너지,   농생명, 도시재생) 수요맞춤형 우수인재를 양성하고, 광주·전남소재 공공기관 및 우량기업 채용 기회를 확대하고자 함.전남대학교의 지역선도대학 육성사업은 총 4개의",2020-02-10 10:50:40.0
컴퓨터정보통신공학과과,2020 대만장학금 장학생 선발 안내(~3/31),https://ce.jnu.ac.kr/bbs/ce/2114/434592/artclView.do,"2020 대만장학금 장학생 선발 안내  주한국타이페이대표부 및 국립국제교육원에서 대만 장학금 장학생을 붙임과 같이 선발하오니 관심있는 학생은 지원바랍니다.  1. 목적 : 진취적이고 잠재력을 지닌 우수한 한국 학생을 대상으로 대만 소재 대학에서의 석·박사 학위과정 이수 기회 제공 2. 선발과정 : 석·박사 학위과정(정원 총 6명) 3. 수혜기간 : 석사학위과정 최대 2년, 박사학위과정 최대 4년  ※ 각 장학생의 총 수혜 기간은 5년으로 제한 4. 장학금 : 수업료 및 기타 납입금(매학기 인당 최대 NT＄40,000), 생활비(매월",2020-02-07 11:06:01.0
컴퓨터정보통신공학과과,전남대학교 신종코로나바이러스 후속 대책 안내(중국방문자 전원 학내 신종코로나바이러스 선별진료소 경유),https://ce.jnu.ac.kr/bbs/ce/2114/434591/artclView.do,"전남대학교 신종코로나바이러스 후속 대책 안내(중국방문자 전원 학내 신종코로나바이러스 선별진료소 경유)  중국을 방문한 전남대학교 구성원은 자가 격리에 나서줄 것을 당부드리며, 학내 출입이 불가피한 교직원, 학생들은 062)530-3603으로 사전연락 후 학내에 설치된 신종코로나바이러스 선별진료소에서 바이러스 감염여부에 대한 점검을 받기 바랍니다. 중국 유학생들의 경우, 의사소통에 어려움이 있을 수 있으므로 한국어 가능한 중국 유학생 친구와 동행하기 바랍니다.  【 학내 신종코로나바이러스 선별진료소 안내 】  - 사전연락처 : 062",2020-02-06 10:59:52.0
컴퓨터정보통신공학과과,2020학년도 1학기 국가장학금 2차 신청 안내(2/3~3/10 18:00),https://ce.jnu.ac.kr/bbs/ce/2114/434590/artclView.do,"2020학년도 1학기 국가장학금 2차 신청 일정을 다음과 같이 안내하오니 해당 학생은 신청바랍니다.   가. 신청 기간: 2020. 2. 3.(월) ~ 3. 10.(화) 18:00 (총 37일간)      - 서류제출 및 가구원 정보제공 동의 기간: 2020. 2. 3.(월) ~ 3. 12.(목) 18:00      ※ 토․일요일, 공휴일 포함 24시간 신청 가능, 마지막 날은 18:00 마감      ※ 여수캠퍼스 학생: “전남대학교(본교)” 선택 후 본인 소속학과로 신청(전남대학교 여수캠퍼스로 신청 불가)   나. 신청 대상",2020-02-04 13:52:36.0
컴퓨터정보통신공학과과,전남대학교 캠퍼스 안내도,https://ce.jnu.ac.kr/bbs/ce/2114/434589/artclView.do,전남대학교 캠퍼스 안내도  전남대학교 캠퍼스 안내도 첨부하오니 참고하시기 바랍니다.  전남대학교 홈페이지 캠퍼스 안내(클릭)   전남대학교 용봉캠퍼스 안내도  ↓하단 용봉캠퍼스 이미지를 클릭하면 더 크게 볼 수 있습니다.     붙임  전남대학교 캠퍼스 안내도 1부.  끝.,2020-02-03 13:39:59.0
컴퓨터정보통신공학과과,2020학년도 컴퓨터정보통신공학과 신입생 오리엔테이션 계획 취소 안내,https://ce.jnu.ac.kr/bbs/ce/2114/434588/artclView.do,"2020학년도 컴퓨터정보통신공학과 신입생 오리엔테이션 계획 취소 안내  중국에서 발생한 신종 코로나바이러스 감염증에 대한 감염병 위기경보 단계가 '경계'로 상향 조정되었습니다. 이에 전남대학교 신종 코로나바이러스 대책위원회에서 학생들의 안전을 위해 오리엔테이션을 무기한 연기 또는 취소를 권장하여 컴퓨터정보통신공학과 오리엔테이션 계획이 취소었음을 알립니다. 신입생 수강신청 안내사항은 컴퓨터정보통신공학과 홈페이지(ce.jnu.ac.kr)-커뮤니티-공지사항(5번 게시물)에 게시하였으며,   2020학년도 컴퓨터정보통신공학과 신입생(1학년",2020-01-30 09:47:05.0
컴퓨터정보통신공학과과,중국 우한시 신종코로나바이러스감염증 예방수칙 및 선별진료 안내,https://ce.jnu.ac.kr/bbs/ce/2114/434587/artclView.do,"중국 우한시 신종코로나바이러스감염증 예방수칙 및 선별진료 안내  1. 감염병 예방 행동수칙 ○ 기침 등 호흡기 증상이 있을 경우 마스크 착용!  : 외출, 의료기관 방문 시 반드시 착용○ 흐르는 물에 30초 이상 손 씻기!○ 해외 여행력을 의료진에게 알리기!  : 발열, 기침 등 호흡기증상 발생 14일 이내 중국 우한시 방문력이 있는 국민   (경유 포함, (예) 우한 출발 후 홍콩 체류 후 입국)  2. 신종 코로나바이러스감염증 선별진료 안내 중국방문 14일 이내 증상(37.5도 이상 발열, 기침 가래 호흡곤란 인후통 등 호흡기",2020-01-29 17:53:07.0
컴퓨터정보통신공학과과,입학년도별 교양 교과목 이수 안내(2011~),https://ce.jnu.ac.kr/bbs/ce/2114/801667/artclView.do,동일교과목(교양영역)         글쓰기 ▶ 성찰과소통을위한글쓰기 (균형교양-표현과소통) 경제학개론 ▶ 경제학개론 (균형교양-인간과사회) 예술과미학 ▶ 예술감성과미학 (역량교양-감성) 철학의이해 ▶ 철학과삶 (역량교양-감성) 진로설계와자기이해 ▶ 진로설계와자기이해 (균형교양-진로와창업)             입학년도 교양영역 교과구분 교과목명 학점 교과목코드 이수권장 학년-학기   2023 ~ 기초교양 (17학점) 기초과학 교필 수학1 3 CLT0082 1-1   교필 일반물리1 3 CLT0095 1-1   교필 일반물리실험,2020-01-29 10:23:12.0
컴퓨터정보통신공학과과,2020학년도 제1학기 등록 안내(2/24~27 16:00),https://ce.jnu.ac.kr/bbs/ce/2114/434586/artclView.do,"2020학년도 제1학기 등록 공고    2020학년도 제1학기 등록금 납부를 다음과 같이 공고하오니 등록에 차질 없으시기 바랍니다.     1. 기 간: 2020. 2. 24.(월) ~ 2. 27.(목) 16:00까지 [4일간]2. 장 소: 광주은행 및 농협 전국 본·지점(지역농협 포함)3. 등록금 분할납부 방법  가. 신청대상: 경제사정으로 정해진 기간내에 등록금 전액 납부가 어려워 분할납부하고자 하는 학생     [신청제외자 : 학부 및 대학원 신입생, 전액 장학금 수혜자, 미등록 휴학예정자, 수업연한초과자]  나. 신청기간 :",2020-01-22 09:56:22.0
컴퓨터정보통신공학과과,"2020학년도 2학기 해외 파견교환학생 모집안내(1차: 1/20~31, 2차: 2/10~21)",https://ce.jnu.ac.kr/bbs/ce/2114/434585/artclView.do,"국제협력과에서 2020학년도 2학기 해외 파견교환학생을 모집합니다. 우리 학생들이 해외 40개 국가의 자매대학에서 1학기 또는 1년 간 전공, 일선, 교양 과목을 수강할 수 있으며 파견되는 대학의 등록금은 전액 면제됩니다. 또한 학생들의 파견을 적극 독려하기 위해 2020년부터 파견 지원금을 전년도 대비 2배 이상  인상하였으니 많은 신청바랍니다.- 1차 모집기간: 1. 20.(월) ~ 1. 31.(금)- 2차 모집기간: 2. 10.(월) ~ 2. 21.(금) 아래 관련 선발 공고(링크) 참고하시기 바랍니다.   2020학년도 2",2020-01-20 17:22:45.0
컴퓨터정보통신공학과과,2020학년도 대학생활 안내,https://ce.jnu.ac.kr/bbs/ce/2114/434584/artclView.do,"우리 대학교 신입생 및 재학생들의 대학생활에 도움이 될 수 있도록 대학생활, 기관소개 등 학사업무 전반에 관한 정보를 수록한 「2020학년도 대학생활안내」 자료를 붙임과 같이 발간하여 게시하오니 많은 활용바랍니다.   붙임  2020년도 대학생활안내 자료 1부.  끝.",2020-01-17 11:15:00.0
컴퓨터정보통신공학과과,2020학년도 1학기 외국인 버디 프로그램 참가자 선발 안내(1/14~28),https://ce.jnu.ac.kr/bbs/ce/2114/434583/artclView.do,"대학본부에서 2020학년도 1학기 학부 외국인 유학생(신·편입, 교환학생)의 대학생활 적응력을 높이고, 재학생의 글로벌 역량을 강화하기 위하여 다음과 같이 버디 프로그램을 운영하오니 관심있는 학생들의 많은 참여바랍니다.    가. 지원 자격: 우리대학 학부 재학생   나. 주요 일정구 분일정광주캠퍼스여수캠퍼스모집 공고 및 신청서 접수2020. 1. 14.(화) ~ 1. 28.(화)추후 공지(개강 후 면접 및 OT 예정) 면접대상자 발표2020. 1. 30.(목)선발면접2020. 2. 3.(월) ~ 2. 5.(수)교환학생 대상 버디",2020-01-14 16:40:08.0
컴퓨터정보통신공학과과,2020학년도 컴퓨터정보통신공학과 신입생(1학년) 수강신청 안내(2020.1.30. 업데이트),https://ce.jnu.ac.kr/bbs/ce/2114/434582/artclView.do,2020.1.30. 업데이트 사항  ▶ 붙임 문서 中 컴퓨터정보통신공학과 1학년 수강신청 안내(2020.1.30.) 업데이트  - 장학사정 반영 교과목(2학기)에 기초프로그래밍및실습 추가  - 장학사정시 합불제(S/U) 교과목 반영 상세 내용 추가  - 수강신청 안내 및 프로그램 사용 설명서 및 수강신청 유의사항 추가  2020학년도 컴퓨터정보통신공학과 신입생(1학년) 수강신청 안내      수강신청 방식 변경 안내   : 공정하고 엄격한 수강신청 관리를 위해 2020학년도 1학기부터 일정시간(09시 16분) 이후 교과목 수강신청,2020-01-09 12:18:47.0
컴퓨터정보통신공학과과,2019학년도 전기(2020년 2월) 졸업(수료) 유보 신청(1/8~16) 및 유보비 납부(1/21~23) 안내,https://ce.jnu.ac.kr/bbs/ce/2114/434581/artclView.do,"2019학년도 전기(2020년 2월) 졸업(수료) 유보 신청 및 유보비 납부 안내  1. 신청 자격      1) 졸업 유보: 졸업사정 대상자로 논문 제출하여 졸업 가능한 학생   2) 수료 유보: 졸업사정 대상자로 논문 미제출하여 수료 가능한 학생    ※ 신청 불가: 기수료, 기유보 4회, 조기졸업, 졸업(수료)불가자)  3. 신청 안내     1) 유보 신청기간 : 2019. 1. 8.(화) ~ 1. 16.(목) [추가 신청기간 없음]     2) 유보비 납부기간[고지서 발행] : 2019. 1. 21.(화) ~ 1. 23.(",2020-01-08 10:19:53.0
컴퓨터정보통신공학과과,2020학년도 제1학기 수강신청 시행 계획 안내,https://ce.jnu.ac.kr/bbs/ce/2114/434580/artclView.do,2020학년도 수강신청 시행계획을 다음과 같이 알려드리니 참고하시기 바랍니다.  1. 수강신청 방식 변경 안내  공정하고 엄격한 수강신청 관리를 위해 2020학년도 1학기부터 일정시간(09시 16분) 이후 교과목 수강신청 방식을 변경[붙임2 참고]하였으니 내용을 필독하여 주시기 바랍니다.- 기존: 교과목코드 항목의 교과목ID 클릭 - 변경: 교과목코드 항목 교과목ID 클릭 → 자동입력프로그램 사용방지 문자열 코드 입력          (09시15분까지는 기존방식과 동일한 방법으로 수강신청)※ 변경 사유: 매크로 등 자동입력프로그램,2020-01-07 11:28:44.0
컴퓨터정보통신공학과과,2020.1학기 컴퓨터정보통신공학전공 수강신청 안내(대체교과목 신청 기간: 3/16~19),https://ce.jnu.ac.kr/bbs/ce/2114/434579/artclView.do,"컴퓨터정보통신공학전공 필수 수강신청 안내   1. 학년, 입학년도 별 전필교과목 안내 학년입학년도전필교과목총 학점22019 이전C프로그래밍기초및실습, 선형대수학, 논리회로설계, 이산수학,  컴퓨터공학기초실험 1532018운영체제, 인공지능62017운영체제, 컴퓨터공학프로젝트,  소프트웨어공학응용92016운영체제, 컴퓨터공학프로젝트642017~2016컴퓨터공학종합프로젝트2(캡스톤디자인)32015 이전컴퓨터공학종합프로젝트2(캡스톤디자인),  지능형ICT융합세미나4 ※ 동일교과목   - 소프트웨어응용프로젝트 ▶ 소프트웨어공학응용   -",2020-01-06 14:43:45.0
컴퓨터정보통신공학과과,2020학년도 제1학기 학부 및 대학원 재입학 실시 안내(신청: 1/3~9),https://ce.jnu.ac.kr/bbs/ce/2114/434578/artclView.do,2020학년도 제1학기 학부 및 대학원 재입학 실시 안내   2020학년도 제1학기 학부 및 대학원 재입학을 아래와 같이 시행하오니 해당 학생은 서류를 기간 내 제출하여 주시기 바랍니다.  가. 세부 일정업 무 명일      정비      고실시 공고2019. 12. 20.(금)대학 홈페이지 공지(본부)재입학 원서접수2020. 1. 3.(금) ~ 1. 9.(목)학생 → 학과(부)대상자 내신 후 명단제출일2020. 1. 10.(금) ~ 1. 21.(화)학과(부) → 단과대학 → 학사과재입학 허가2020. 1. 30.(목)대학 홈페이지,2020-01-03 10:56:39.0
